
30 10 10
298 276 296 301 292 212 299 305 208 296 
1
127.00 2 1 2 0 4 6 8 6 3 2 
151.00 7 1 0 4 8 3 1 3 2 3 
157.00 4 2 4 8 0 9 1 2 2 3 
183.00 2 7 1 3 5 4 9 7 1 2 
199.00 3 4 4 4 3 4 2 3 2 8 
216.00 3 2 5 4 5 5 6 9 3 4 
219.00 6 0 6 2 3 9 8 9 5 3 
230.00 1 9 4 7 2 0 5 8 5 5 
234.00 0 3 9 5 6 0 5 8 1 7 
250.00 5 0 5 7 8 1 4 5 9 8 
2
155.00 0 5 9 2 4 4 2 0 1 5 
157.00 3 6 1 4 9 6 0 4 3 2 
170.00 2 8 5 8 1 4 1 1 2 6 
195.00 7 2 7 9 7 7 1 0 2 1 
201.00 2 7 1 6 4 1 4 6 1 8 
210.00 4 3 5 9 8 1 6 2 7 1 
219.00 6 5 3 2 6 1 6 1 1 8 
228.00 1 9 8 2 3 0 4 5 4 8 
257.00 9 0 0 7 9 6 4 9 7 4 
287.00 8 6 6 5 6 5 9 6 4 3 
3
146.00 2 4 0 2 1 3 5 3 6 7 
147.00 1 1 2 0 2 7 1 9 5 6 
173.00 3 1 4 5 1 0 8 7 5 3 
177.00 2 1 3 8 2 7 5 4 9 3 
186.00 2 4 2 2 6 2 8 0 4 9 
191.00 7 3 8 3 0 2 4 1 6 1 
209.00 3 3 7 6 6 6 4 3 1 5 
217.00 3 7 7 5 9 7 1 1 1 5 
222.00 2 4 5 6 8 5 8 4 2 4 
334.00 8 4 8 9 6 4 9 6 1 8 
4
166.00 2 9 0 7 2 5 7 7 4 0 
198.00 7 4 0 8 7 9 1 7 3 0 
207.00 4 1 0 6 8 0 1 7 3 9 
211.00 6 9 2 4 2 4 4 7 8 0 
222.00 6 8 4 7 0 8 7 9 5 0 
255.00 7 2 5 4 3 0 6 6 7 5 
257.00 6 8 8 1 5 4 4 9 9 3 
269.00 7 8 7 4 5 9 8 5 0 4 
270.00 9 4 6 6 8 7 0 9 6 4 
303.00 8 3 9 6 9 6 4 4 9 7 
5
155.00 3 1 3 7 2 8 1 9 7 0 
198.00 3 7 2 9 5 6 2 0 8 4 
217.00 6 1 8 4 0 8 4 5 6 3 
224.00 3 5 3 9 2 8 4 5 7 9 
227.00 6 6 7 6 9 0 3 1 4 3 
233.00 4 2 3 9 5 2 6 7 1 8 
244.00 3 4 9 1 9 0 3 2 8 6 
247.00 9 3 6 0 7 7 4 8 9 1 
247.00 5 7 5 3 7 7 7 9 7 2 
265.00 5 7 6 9 8 1 7 2 8 4 
6
168.00 0 1 7 0 1 7 8 2 7 6 
205.00 7 1 0 5 5 1 8 4 4 5 
208.00 1 4 7 8 4 4 6 6 9 1 
224.00 6 4 7 4 5 9 2 2 4 6 
236.00 9 2 8 5 3 9 4 2 2 4 
245.00 5 8 7 0 2 5 3 7 4 7 
247.00 7 7 6 2 6 4 8 0 3 4 
249.00 8 2 3 6 7 8 8 7 1 2 
264.00 9 1 6 9 6 4 2 0 7 7 
275.00 8 9 9 4 9 2 0 2 9 0 
7
184.00 1 5 1 9 8 5 0 6 6 6 
200.00 0 6 9 4 0 0 4 7 0 4 
200.00 0 9 6 8 2 2 9 4 4 0 
220.00 4 5 3 2 9 0 6 2 6 6 
226.00 9 8 2 0 4 8 7 3 0 8 
232.00 2 3 9 6 8 3 7 3 0 4 
233.00 7 0 9 2 0 3 9 4 8 3 
234.00 5 8 5 4 7 5 0 9 0 3 
251.00 8 6 4 1 8 0 6 3 4 7 
253.00 9 4 4 3 7 3 7 1 8 3 
8
180.00 5 7 2 2 7 6 0 5 0 3 
181.00 4 1 6 3 7 8 0 1 7 3 
207.00 4 2 8 0 2 6 4 6 1 9 
215.00 7 0 2 6 9 8 3 8 1 5 
216.00 6 8 3 7 2 0 6 1 2 3 
217.00 1 3 2 8 9 8 3 6 8 6 
224.00 8 7 5 3 0 1 8 3 2 3 
264.00 8 0 8 9 6 1 9 0 0 4 
278.00 9 8 4 9 4 5 6 4 7 4 
294.00 5 5 6 9 9 1 4 6 6 8 
9
125.00 1 7 7 2 1 1 2 5 0 0 
171.00 7 0 0 7 2 1 2 2 8 4 
188.00 1 1 9 5 1 0 5 5 4 3 
206.00 9 2 8 4 2 5 1 9 0 0 
247.00 2 5 7 9 1 6 4 1 9 8 
249.00 9 0 7 0 2 7 8 8 0 7 
267.00 9 5 6 9 6 7 4 6 4 3 
282.00 7 6 8 7 6 8 6 2 8 6 
287.00 6 9 2 6 6 6 9 8 5 6 
304.00 7 1 8 7 8 7 8 1 9 8 
10
164.00 0 9 4 4 6 2 1 6 1 3 
166.00 4 7 2 6 0 8 6 2 6 3 
204.00 3 9 0 5 7 2 8 2 0 9 
222.00 4 5 1 1 4 4 9 6 9 7 
223.00 6 3 5 4 7 2 8 6 3 1 
234.00 7 2 4 4 8 0 7 3 3 5 
238.00 8 0 5 8 0 0 3 2 6 9 
261.00 8 1 7 1 9 1 5 2 2 8 
267.00 2 7 9 7 9 1 8 8 4 1 
296.00 8 7 9 7 6 2 8 2 9 1 
11
166.00 1 6 4 6 8 6 2 2 2 3 
166.00 7 7 1 0 7 2 5 0 8 0 
219.00 3 9 5 7 2 7 8 1 5 5 
225.00 6 5 8 5 8 0 6 0 4 1 
226.00 8 1 2 2 9 5 8 2 7 3 
231.00 5 2 5 6 2 4 5 0 7 9 
241.00 9 7 7 5 7 1 0 4 7 1 
246.00 8 9 4 4 8 9 9 2 7 0 
250.00 5 6 6 7 3 7 3 7 5 6 
262.00 7 3 6 5 9 8 4 3 4 7 
12
164.00 8 3 0 1 2 3 0 6 8 1 
176.00 1 1 8 4 4 6 1 4 8 2 
213.00 2 3 8 1 4 4 8 9 2 5 
215.00 4 9 0 1 6 1 5 8 6 7 
228.00 7 5 5 1 3 0 0 2 6 8 
228.00 9 8 0 9 9 9 0 7 3 0 
229.00 0 6 7 4 8 0 9 5 9 2 
234.00 4 8 6 7 5 3 1 9 3 1 
238.00 8 8 9 0 2 8 8 8 0 1 
254.00 9 0 9 3 2 5 9 4 4 1 
13
128.00 1 8 1 3 0 2 7 1 5 1 
145.00 0 5 2 9 2 8 5 3 5 0 
168.00 5 3 2 6 2 1 4 7 1 2 
178.00 2 3 0 7 4 6 6 4 0 9 
188.00 4 9 3 5 2 9 9 2 0 1 
188.00 4 6 3 8 5 9 2 0 2 4 
192.00 1 5 0 5 5 2 7 1 8 7 
211.00 4 1 7 4 4 7 8 8 6 2 
220.00 7 2 0 5 2 3 8 7 1 9 
224.00 0 2 9 8 9 8 3 1 8 3 
14
123.00 3 0 3 1 2 7 1 3 7 0 
161.00 4 8 2 2 5 4 1 0 9 2 
163.00 0 4 0 8 6 7 7 2 8 2 
190.00 2 6 1 6 2 5 9 6 8 0 
191.00 3 5 3 1 9 7 5 8 5 0 
192.00 5 5 3 0 4 7 5 8 9 0 
205.00 3 0 5 6 2 8 6 7 5 6 
233.00 9 8 6 0 7 4 0 0 2 8 
244.00 4 4 7 0 9 6 7 9 1 6 
263.00 4 8 5 5 4 7 7 3 6 7 
15
123.00 1 6 3 5 1 3 0 5 2 1 
134.00 0 4 0 1 8 1 4 0 9 2 
166.00 4 1 6 3 3 1 5 1 4 3 
181.00 2 6 0 3 7 6 7 4 8 5 
206.00 4 2 5 6 1 8 5 1 9 6 
261.00 2 2 9 6 6 6 7 4 8 7 
268.00 6 9 8 8 0 3 3 9 0 8 
272.00 3 3 9 6 7 4 9 6 3 8 
307.00 8 5 9 6 1 9 9 4 3 7 
308.00 9 7 7 0 2 9 3 9 8 9 
16
155.00 0 2 1 4 5 4 2 9 9 3 
168.00 1 3 4 2 4 3 9 5 1 5 
169.00 5 7 2 1 3 8 8 2 1 0 
175.00 3 1 5 5 7 7 8 3 1 2 
179.00 4 7 1 5 4 2 2 5 1 6 
205.00 8 8 4 9 0 6 1 4 1 1 
210.00 2 5 3 2 7 1 6 9 4 7 
214.00 4 1 3 7 8 9 4 8 6 1 
235.00 3 9 8 2 6 8 4 7 1 2 
249.00 5 1 5 7 2 9 6 2 9 8 
17
161.00 3 0 3 6 0 1 1 3 4 9 
164.00 1 8 4 1 9 9 9 4 0 0 
184.00 4 2 7 2 2 2 4 9 1 4 
197.00 9 5 1 4 2 6 1 5 2 5 
226.00 5 4 8 6 0 3 7 0 2 8 
246.00 3 2 8 4 6 6 0 4 7 9 
251.00 7 0 5 7 2 7 4 3 9 8 
257.00 3 5 6 6 8 2 4 3 8 6 
272.00 4 7 9 6 8 9 4 3 5 8 
281.00 5 4 8 3 8 3 4 6 7 6 
18
116.00 1 3 0 9 2 8 2 7 3 0 
158.00 3 4 5 4 1 5 1 1 1 8 
186.00 2 2 4 5 0 6 1 7 1 9 
193.00 0 4 9 0 8 4 8 0 0 7 
195.00 6 6 0 8 7 8 1 7 3 1 
223.00 5 0 7 0 8 3 4 4 4 9 
245.00 7 4 9 8 2 3 8 0 3 3 
247.00 5 8 4 4 8 4 8 9 4 3 
250.00 0 8 7 1 7 0 1 9 7 8 
265.00 2 3 8 7 4 5 8 5 9 7 
19
125.00 2 0 1 3 9 5 0 2 3 3 
155.00 0 3 5 3 7 6 2 7 1 2 
206.00 0 7 5 5 5 1 8 8 4 4 
222.00 9 4 8 3 0 7 6 0 4 3 
224.00 5 7 6 3 5 5 0 4 5 6 
226.00 3 4 4 5 5 3 4 7 1 9 
231.00 3 2 9 4 4 6 2 4 8 8 
244.00 9 6 5 5 5 6 3 6 0 3 
274.00 5 2 7 3 9 7 4 7 4 9 
303.00 9 0 9 9 7 2 5 7 0 7 
20
143.00 2 7 0 2 2 7 0 4 6 6 
172.00 2 4 9 0 3 0 6 2 1 2 
176.00 1 6 4 8 4 9 0 8 9 1 
177.00 2 9 2 9 0 6 6 4 2 3 
198.00 7 2 4 1 4 8 1 0 7 6 
237.00 9 1 0 3 6 4 5 8 2 9 
242.00 7 1 6 9 5 0 4 6 3 2 
264.00 8 9 4 6 4 6 4 9 9 2 
276.00 8 5 0 8 4 2 8 5 4 9 
307.00 7 7 7 9 9 3 8 4 8 3 
21
147.00 0 1 3 5 5 8 0 3 8 6 
162.00 6 3 3 0 5 2 0 0 1 8 
184.00 4 2 8 2 7 1 1 2 3 5 
207.00 4 4 6 3 7 7 5 5 5 2 
215.00 3 3 4 8 5 0 8 9 0 1 
220.00 6 5 4 5 1 4 1 6 8 8 
222.00 8 9 9 0 0 9 0 5 2 2 
255.00 5 9 4 6 3 9 9 6 3 5 
266.00 7 1 3 2 5 4 9 6 7 9 
288.00 8 7 4 9 9 2 3 8 1 7 
22
162.00 1 6 1 1 1 6 8 9 1 3 
194.00 9 0 8 5 0 8 0 6 2 1 
214.00 2 9 3 8 2 0 6 6 5 5 
234.00 2 2 5 5 2 8 7 8 3 9 
238.00 4 3 8 7 5 3 0 6 7 5 
243.00 7 7 9 9 0 0 4 7 0 1 
255.00 8 3 5 6 7 2 4 6 9 0 
262.00 2 5 8 9 5 5 4 5 4 8 
295.00 6 8 9 7 7 9 9 6 4 0 
305.00 5 7 9 7 5 1 7 7 7 6 
23
187.00 4 0 3 2 3 0 6 0 3 9 
190.00 2 2 5 7 5 1 1 0 4 9 
210.00 2 1 7 1 6 0 5 5 4 8 
219.00 4 2 6 4 5 5 6 6 6 4 
219.00 9 3 0 8 7 9 5 5 7 2 
229.00 3 7 8 3 3 6 5 3 3 7 
230.00 3 7 7 6 3 0 3 9 7 1 
242.00 7 3 3 7 2 8 4 7 2 8 
242.00 6 0 8 2 7 2 1 6 9 5 
308.00 8 8 5 7 6 7 5 7 7 8 
24
108.00 2 2 3 7 1 2 0 1 4 2 
143.00 1 0 5 2 5 2 0 7 0 7 
173.00 4 5 8 0 3 9 3 7 2 1 
178.00 8 1 6 6 0 0 4 1 2 0 
186.00 0 7 1 5 5 9 7 5 7 4 
220.00 8 1 5 4 3 8 2 6 9 4 
235.00 4 2 9 1 8 2 6 3 1 8 
237.00 1 5 8 7 8 0 2 9 8 0 
278.00 6 4 7 9 1 1 5 9 4 6 
286.00 9 8 2 4 2 4 8 2 7 9 
25
98.00 2 2 0 5 3 0 5 1 4 1 
124.00 4 1 0 1 1 5 5 0 3 7 
167.00 2 9 3 5 6 5 0 5 5 0 
197.00 4 5 4 8 1 3 4 1 5 4 
203.00 3 9 0 6 2 9 7 5 3 8 
205.00 1 6 5 4 7 2 5 5 6 3 
205.00 2 2 7 2 4 5 7 5 1 5 
221.00 1 8 5 1 9 0 7 7 6 2 
253.00 7 7 7 9 6 5 0 1 8 5 
279.00 9 3 9 1 2 4 5 2 5 9 
26
153.00 5 1 2 5 5 2 0 1 0 4 
162.00 8 2 1 1 9 5 1 0 4 0 
171.00 1 2 6 4 6 5 7 9 3 0 
196.00 3 4 7 6 9 4 4 1 8 0 
208.00 1 7 3 3 4 1 8 5 2 6 
214.00 3 4 3 7 4 0 8 3 4 5 
239.00 7 1 7 3 5 5 1 4 4 9 
253.00 6 8 5 6 7 5 4 9 4 0 
264.00 6 6 2 6 6 9 9 6 3 8 
267.00 6 1 8 8 9 9 5 2 4 4 
27
156.00 0 5 2 2 2 5 4 9 0 8 
163.00 2 4 0 6 1 2 8 4 8 1 
175.00 3 7 0 6 3 6 9 1 7 1 
190.00 5 3 5 6 3 1 0 0 7 5 
202.00 8 3 3 2 4 6 2 8 3 3 
225.00 6 0 8 6 3 6 5 0 7 3 
249.00 8 0 2 6 7 4 0 8 5 9 
279.00 9 2 6 9 9 2 7 5 6 2 
285.00 9 8 5 5 5 7 0 5 5 9 
310.00 5 8 6 6 6 3 6 6 9 9 
28
177.00 2 0 6 4 9 8 2 5 7 1 
178.00 5 4 4 4 2 4 7 3 2 2 
196.00 3 2 4 8 4 8 3 2 2 9 
216.00 7 0 1 6 5 5 4 6 7 5 
234.00 3 3 2 6 9 6 7 8 8 4 
237.00 6 9 5 0 5 5 0 7 9 5 
242.00 7 3 9 7 5 4 2 9 3 1 
259.00 6 3 6 5 6 7 3 8 7 5 
267.00 7 9 8 3 6 8 1 1 8 6 
301.00 7 9 6 7 8 1 7 2 6 8 
29
134.00 2 5 0 0 2 0 0 5 3 9 
166.00 5 8 3 1 2 2 4 0 3 4 
168.00 2 5 2 3 5 0 3 6 4 3 
182.00 4 1 6 6 1 3 3 7 4 2 
186.00 2 4 1 5 5 7 1 8 8 4 
191.00 5 4 7 4 2 2 1 9 0 1 
199.00 3 4 7 9 3 6 0 5 6 1 
212.00 0 3 0 9 8 7 8 9 8 3 
228.00 8 4 3 8 3 7 9 8 0 1 
287.00 9 9 4 5 5 6 6 9 0 5 
30
133.00 2 0 2 0 4 0 3 1 8 4 
139.00 2 1 1 1 3 1 0 9 7 6 
149.00 2 2 1 6 1 9 5 9 2 2 
210.00 6 9 2 0 8 3 9 2 5 0 
214.00 0 3 7 5 9 0 2 2 9 7 
222.00 6 4 2 8 8 7 4 8 9 0 
227.00 6 1 3 6 9 6 0 9 3 4 
248.00 2 7 9 5 6 7 2 4 4 6 
252.00 8 8 1 8 7 4 1 6 8 2 
310.00 8 8 9 5 0 3 7 2 5 9 
31
145.00 2 1 1 0 5 9 4 9 2 4 
156.00 2 8 6 0 5 6 3 5 2 0 
163.00 0 8 3 6 1 7 0 0 9 7 
197.00 0 9 7 7 0 7 3 8 6 0 
212.00 6 9 7 3 1 4 1 3 6 1 
239.00 4 8 7 6 5 2 3 0 2 7 
240.00 7 0 0 9 9 0 7 8 4 5 
241.00 5 7 1 1 1 2 9 3 9 9 
248.00 8 8 1 5 9 9 4 6 1 7 
305.00 6 7 8 2 6 8 4 9 6 9 
32
165.00 2 2 6 4 1 8 5 1 9 0 
190.00 5 9 3 1 4 4 0 3 1 8 
213.00 0 6 3 8 8 0 8 8 3 4 
219.00 4 8 2 6 3 7 7 5 0 5 
223.00 5 7 0 6 3 5 9 4 6 7 
226.00 0 8 6 8 7 5 0 5 6 7 
236.00 5 6 5 8 1 6 2 5 6 8 
243.00 5 3 8 9 6 3 2 1 9 5 
273.00 3 4 7 6 7 1 8 9 7 4 
333.00 9 4 7 3 3 8 9 9 6 9 
33
136.00 3 2 1 6 5 2 1 9 1 0 
141.00 1 1 3 0 7 9 4 1 5 6 
180.00 0 7 0 5 1 1 4 6 5 8 
182.00 1 1 4 3 0 8 7 3 5 9 
188.00 5 1 4 1 3 1 7 4 4 6 
199.00 6 4 5 5 3 6 3 5 2 5 
204.00 2 2 4 6 4 3 5 5 8 6 
211.00 4 1 8 3 0 2 8 1 9 3 
288.00 9 8 4 6 8 8 1 9 4 5 
322.00 4 7 9 5 9 1 5 8 8 9 
34
173.00 2 4 6 8 1 5 6 3 1 0 
175.00 0 3 3 2 3 8 1 8 9 7 
193.00 6 6 0 7 0 1 0 7 0 6 
194.00 7 6 3 2 7 1 3 7 0 1 
203.00 5 0 6 8 4 7 8 2 7 0 
210.00 1 4 8 0 2 3 0 9 9 6 
216.00 3 7 3 9 4 8 2 6 9 3 
251.00 0 7 7 8 9 5 1 8 6 6 
262.00 8 1 6 4 8 0 7 1 7 8 
280.00 6 7 5 6 5 6 6 7 5 7 
35
118.00 0 9 3 5 0 4 6 1 2 0 
135.00 0 7 4 0 5 4 2 2 2 6 
154.00 3 0 2 9 5 8 1 4 2 2 
161.00 2 7 3 6 3 7 4 4 4 0 
175.00 2 4 3 6 4 4 2 7 2 4 
184.00 7 6 1 9 0 2 3 7 3 0 
235.00 7 9 9 3 0 6 0 6 2 6 
236.00 8 7 8 2 5 0 3 9 2 1 
260.00 0 9 7 6 9 8 4 5 1 9 
311.00 8 7 8 2 6 4 9 3 5 8 
36
189.00 7 0 4 4 9 1 2 3 2 0 
206.00 0 0 5 8 3 6 8 4 9 4 
208.00 4 3 6 0 0 8 6 9 0 9 
218.00 1 8 3 5 6 2 7 3 8 8 
224.00 5 1 8 3 1 5 3 6 1 8 
228.00 3 7 7 7 2 7 3 8 5 4 
231.00 9 7 1 5 2 6 3 7 8 3 
235.00 9 3 9 2 4 3 2 6 4 2 
236.00 5 6 1 9 4 1 5 0 6 8 
316.00 9 4 8 4 8 4 4 8 4 6 
37
153.00 0 6 7 0 5 7 1 1 4 6 
165.00 1 2 5 2 2 6 8 5 9 1 
168.00 3 5 6 5 1 0 3 7 1 0 
172.00 0 7 2 4 1 8 1 1 8 9 
179.00 1 2 9 8 6 2 4 2 2 0 
197.00 5 1 3 8 5 2 3 0 5 8 
211.00 5 1 5 2 4 1 3 0 7 9 
254.00 8 2 8 4 4 9 2 3 7 5 
271.00 7 6 8 2 3 1 7 1 6 6 
296.00 9 3 8 0 7 6 6 7 1 9 
38
154.00 0 0 3 4 1 4 5 7 9 3 
164.00 7 2 0 4 0 4 3 5 0 5 
199.00 6 3 9 0 4 3 1 3 0 3 
200.00 0 1 8 8 7 4 1 5 5 3 
206.00 4 2 3 5 1 4 6 4 4 7 
227.00 6 6 3 7 6 5 5 5 6 4 
242.00 5 2 2 6 8 3 7 6 0 9 
243.00 2 8 6 8 4 3 6 3 4 8 
265.00 9 2 3 3 4 9 8 2 9 8 
292.00 4 7 7 6 9 6 3 6 3 9 
39
173.00 8 0 0 1 2 1 1 1 5 8 
181.00 5 9 3 8 1 0 0 2 5 1 
197.00 3 0 5 5 5 5 1 9 2 8 
213.00 1 9 2 0 7 2 3 7 6 8 
218.00 3 2 7 6 8 7 4 4 4 2 
224.00 0 7 9 7 4 9 1 7 6 5 
254.00 1 7 6 2 9 8 1 9 6 9 
272.00 7 2 8 9 1 1 2 7 4 6 
277.00 5 0 9 9 8 4 4 5 6 7 
315.00 8 9 6 5 8 0 6 7 2 7 
40
137.00 3 3 5 2 2 2 3 3 4 0 
162.00 4 0 1 7 6 3 8 3 4 1 
162.00 7 1 1 2 0 2 3 5 4 7 
201.00 3 9 3 6 6 4 3 6 6 0 
202.00 2 9 0 1 4 2 5 7 6 6 
204.00 6 4 3 5 1 7 7 0 7 7 
207.00 4 6 6 3 4 8 7 2 7 4 
228.00 5 3 5 3 5 1 9 4 2 5 
263.00 0 8 6 9 8 1 7 3 5 9 
302.00 6 7 8 8 7 1 1 8 5 5 
41
131.00 5 1 0 6 6 7 1 1 4 1 
174.00 4 5 2 3 0 7 8 5 2 5 
199.00 6 7 3 4 7 8 2 1 3 6 
210.00 0 4 8 5 3 4 9 7 4 3 
221.00 8 6 0 7 9 4 0 5 1 5 
224.00 1 9 0 8 7 1 9 2 5 9 
238.00 2 8 7 6 8 8 8 7 1 1 
241.00 5 5 8 4 2 5 9 4 5 1 
255.00 3 1 6 8 9 5 0 8 6 8 
257.00 9 9 5 1 3 5 9 9 5 1 
42
115.00 0 3 4 0 1 1 4 2 6 3 
150.00 1 3 3 7 1 9 2 9 3 2 
171.00 5 1 0 4 5 4 8 3 2 5 
172.00 5 6 3 3 4 4 8 0 8 0 
191.00 4 2 8 5 1 3 9 1 5 2 
196.00 7 2 2 5 8 0 1 2 3 5 
225.00 2 4 8 1 9 0 7 0 1 9 
242.00 6 9 2 7 6 4 5 6 2 4 
253.00 7 5 7 8 4 5 0 7 9 3 
283.00 9 8 7 5 5 1 6 8 3 1 
43
128.00 2 0 3 6 0 4 7 1 1 1 
168.00 5 5 0 4 2 8 3 7 7 0 
169.00 0 7 4 3 6 7 5 2 5 2 
178.00 1 6 0 3 6 0 7 1 5 9 
191.00 1 7 7 3 5 8 1 8 6 0 
211.00 6 8 8 3 2 7 3 0 3 3 
219.00 6 3 1 5 8 4 7 7 2 4 
237.00 5 1 8 3 3 6 7 1 4 8 
248.00 5 7 6 2 5 5 2 7 2 7 
252.00 7 9 2 9 2 0 5 0 7 7 
44
153.00 3 2 2 0 7 7 6 1 2 4 
166.00 3 8 8 3 2 5 0 3 4 0 
179.00 3 7 7 4 3 1 3 4 1 1 
192.00 4 6 0 0 7 4 3 8 0 8 
203.00 5 2 8 9 0 8 2 4 1 4 
235.00 3 7 9 3 0 4 0 5 8 7 
243.00 9 2 5 6 4 4 3 7 3 5 
245.00 3 8 6 8 2 6 4 9 6 6 
246.00 8 0 4 5 2 5 6 2 9 8 
268.00 9 3 9 6 5 0 0 8 6 2 
45
120.00 2 8 1 0 0 1 1 9 0 4 
122.00 1 4 2 6 2 3 0 8 2 0 
174.00 8 9 0 7 1 7 4 1 0 3 
197.00 1 7 2 9 5 8 1 0 5 9 
216.00 0 9 5 3 8 7 2 7 0 7 
225.00 1 7 6 5 2 1 7 6 1 6 
233.00 8 8 3 8 6 1 1 2 0 4 
243.00 1 9 5 8 1 8 9 7 4 4 
256.00 9 0 1 4 7 4 9 4 5 8 
282.00 9 1 8 8 7 4 0 0 8 8 
46
124.00 0 0 2 3 5 6 6 8 0 2 
168.00 2 0 7 0 3 8 6 4 1 4 
192.00 3 4 3 4 3 1 2 8 2 6 
193.00 2 2 2 3 3 5 8 4 0 9 
211.00 5 7 7 9 0 7 2 1 9 1 
212.00 7 4 6 8 1 9 4 2 7 0 
215.00 4 3 5 8 0 6 4 8 2 8 
253.00 2 8 7 7 2 2 4 6 6 6 
259.00 7 8 3 5 7 2 1 6 6 7 
264.00 9 0 0 9 6 8 9 5 7 5 
47
99.00 0 2 1 1 9 7 4 0 0 4 
196.00 8 5 2 3 6 8 4 9 3 0 
200.00 8 1 3 3 9 0 0 5 6 0 
204.00 6 9 1 4 1 6 7 1 3 6 
217.00 2 4 6 3 9 4 5 2 5 6 
222.00 5 6 9 3 0 2 7 0 1 8 
249.00 3 9 8 2 0 2 6 1 8 9 
259.00 4 5 8 6 5 1 8 4 4 6 
270.00 3 9 8 9 9 2 4 8 7 2 
280.00 8 0 9 4 8 6 3 9 3 6 
48
151.00 9 2 1 0 2 4 5 0 3 1 
171.00 7 3 1 6 7 5 3 0 6 1 
207.00 8 0 0 9 7 0 4 3 9 3 
216.00 6 9 4 7 1 8 1 8 0 4 
218.00 5 0 1 9 7 2 3 6 6 8 
229.00 8 2 7 5 0 9 2 5 8 3 
235.00 6 5 3 9 1 1 4 3 9 4 
248.00 8 0 6 7 8 4 0 9 0 4 
253.00 5 0 9 6 8 6 4 6 7 5 
274.00 6 6 6 3 9 5 6 3 6 5 
49
134.00 1 3 1 6 4 9 1 6 3 1 
146.00 0 9 4 5 7 2 2 0 2 3 
147.00 2 0 7 3 0 1 2 3 8 2 
175.00 0 5 5 5 7 2 9 4 3 1 
189.00 1 1 3 6 2 1 8 7 5 6 
202.00 5 5 4 4 3 1 5 6 9 0 
222.00 4 0 5 0 6 9 8 3 6 8 
229.00 8 4 5 8 3 5 0 2 6 4 
234.00 9 0 4 8 7 0 7 4 1 2 
247.00 7 7 2 8 6 2 0 5 6 7 
50
175.00 1 1 6 2 7 7 1 6 2 6 
191.00 0 0 7 7 7 3 6 2 9 0 
193.00 2 4 4 1 1 4 6 8 0 7 
195.00 0 2 3 9 5 8 3 8 6 4 
199.00 1 5 2 8 4 0 7 8 4 5 
216.00 9 6 3 0 4 7 9 4 2 0 
227.00 7 7 5 4 9 4 2 0 0 7 
232.00 5 9 3 1 6 3 4 2 2 8 
272.00 7 6 9 5 5 8 7 2 8 4 
320.00 8 8 8 5 8 7 5 5 6 9 
51
123.00 3 8 0 0 2 6 4 0 6 0 
138.00 3 9 1 1 4 3 2 2 0 5 
182.00 3 6 4 3 4 6 7 5 9 0 
197.00 2 2 6 9 3 0 0 3 9 7 
211.00 1 3 4 9 8 9 2 8 7 4 
214.00 1 9 2 2 1 0 5 5 8 9 
218.00 6 0 1 9 1 4 9 4 7 7 
232.00 7 7 3 9 3 9 4 7 0 4 
242.00 7 8 7 5 0 9 4 3 1 7 
249.00 7 1 9 2 3 8 7 3 7 5 
52
128.00 1 1 5 3 4 5 3 5 5 0 
146.00 0 2 0 8 5 9 1 5 5 6 
162.00 1 2 2 9 1 1 6 4 8 1 
181.00 0 6 8 3 5 4 4 7 2 2 
181.00 8 8 0 9 2 0 4 1 5 0 
218.00 5 9 8 4 2 1 3 8 2 0 
218.00 4 5 9 8 0 0 4 2 6 2 
221.00 5 8 8 1 4 8 9 0 4 4 
239.00 8 1 5 2 9 5 5 1 6 4 
292.00 4 1 7 3 9 2 7 6 9 9 
53
160.00 6 2 2 2 4 4 0 2 6 5 
171.00 8 3 0 9 4 4 3 0 0 5 
192.00 1 9 1 4 9 0 9 9 4 0 
206.00 0 3 9 3 1 3 6 3 8 9 
210.00 1 0 2 8 6 5 8 8 1 6 
213.00 2 4 7 8 7 8 6 6 2 1 
220.00 5 5 2 5 4 4 0 6 2 9 
278.00 7 8 2 7 1 1 7 9 7 7 
284.00 8 8 6 0 8 7 5 8 6 4 
284.00 6 7 6 8 9 7 4 7 8 1 
54
150.00 7 3 1 0 0 9 7 4 0 5 
161.00 4 4 0 9 0 4 0 1 4 8 
161.00 1 4 4 1 7 4 0 5 2 8 
169.00 1 0 4 7 9 2 3 8 7 0 
170.00 0 2 9 2 2 4 4 8 3 3 
203.00 0 1 8 7 4 9 3 8 0 7 
208.00 7 3 5 1 3 9 7 9 2 3 
228.00 8 6 2 8 4 7 6 0 8 3 
245.00 3 8 8 2 9 7 4 8 8 2 
280.00 5 3 5 8 9 9 3 5 9 7 
55
151.00 4 2 1 6 7 3 1 3 8 1 
157.00 1 3 3 2 8 0 6 3 8 2 
179.00 6 4 1 2 4 5 2 0 4 9 
188.00 8 2 3 0 2 3 6 1 2 6 
199.00 0 8 6 3 2 5 7 1 9 6 
215.00 6 8 1 9 3 7 0 1 8 8 
227.00 8 5 9 5 0 9 8 1 7 0 
242.00 1 9 8 3 9 8 2 4 0 8 
275.00 8 5 7 1 8 2 9 3 0 6 
279.00 7 4 3 7 5 1 7 9 6 9 
56
106.00 1 7 0 1 1 4 6 1 9 0 
191.00 6 3 2 1 5 3 9 2 8 1 
195.00 8 4 2 8 5 3 1 3 1 2 
210.00 3 8 6 1 2 1 1 5 9 4 
219.00 7 2 7 3 4 9 0 8 2 2 
220.00 3 6 5 8 2 8 5 4 0 7 
242.00 1 3 6 5 2 0 9 5 5 9 
250.00 8 2 3 9 0 4 2 4 8 9 
259.00 8 1 5 7 8 1 4 1 0 8 
277.00 7 6 7 0 6 4 9 4 8 7 
57
165.00 6 0 0 1 6 3 0 2 3 8 
178.00 4 3 2 2 5 4 1 7 5 3 
183.00 3 1 5 1 6 4 0 3 6 9 
186.00 5 8 5 2 0 7 7 2 9 1 
214.00 4 9 4 2 1 6 8 8 0 3 
221.00 9 9 4 2 1 6 9 1 2 2 
229.00 6 5 4 5 8 5 5 1 1 6 
232.00 0 8 9 1 7 0 3 9 3 7 
273.00 6 3 0 8 9 2 9 6 9 8 
297.00 8 9 8 0 8 5 6 3 1 8 
58
175.00 6 0 1 4 9 6 0 8 7 0 
191.00 2 4 3 3 2 1 0 4 7 9 
200.00 4 1 9 6 5 6 3 3 1 1 
216.00 0 9 9 3 1 6 8 5 4 6 
218.00 2 4 9 2 3 8 2 0 7 8 
267.00 5 3 3 9 4 2 9 8 8 6 
273.00 7 8 6 6 1 8 4 1 7 8 
276.00 7 5 8 6 2 5 6 8 3 7 
295.00 9 3 9 9 7 3 4 7 3 1 
304.00 9 6 5 9 7 5 4 9 8 3 
59
167.00 1 0 5 3 2 0 7 5 8 4 
177.00 0 9 3 2 7 3 3 0 6 9 
202.00 6 4 5 0 5 3 6 7 4 0 
205.00 3 9 4 0 3 2 0 9 2 9 
205.00 5 3 9 1 3 4 1 5 3 5 
225.00 9 1 1 5 9 2 7 3 7 1 
235.00 1 6 8 8 5 2 1 8 3 8 
285.00 7 3 9 5 4 2 4 9 1 9 
314.00 7 2 8 5 8 5 4 9 8 9 
332.00 9 5 9 1 9 8 4 8 8 7 
60
142.00 4 4 3 4 3 2 0 5 1 3 
166.00 4 0 0 4 6 1 6 0 2 8 
169.00 1 4 3 8 0 1 4 4 5 6 
189.00 5 3 8 9 2 7 4 3 0 1 
214.00 6 1 8 4 0 6 5 6 5 1 
231.00 9 2 7 7 8 0 1 2 1 4 
236.00 6 1 1 7 4 5 9 8 0 6 
243.00 3 1 9 6 6 8 5 6 1 9 
263.00 7 0 6 9 5 0 7 4 2 8 
284.00 5 9 5 9 0 3 2 9 4 9 
61
159.00 1 0 6 7 4 0 4 7 2 1 
161.00 0 3 1 2 5 0 9 0 8 6 
163.00 4 3 1 3 2 5 9 4 7 1 
164.00 3 3 2 9 7 7 8 0 2 0 
172.00 2 1 8 5 7 7 0 1 8 0 
181.00 4 0 5 7 4 4 5 4 9 1 
183.00 1 5 3 8 8 9 5 4 0 5 
232.00 5 4 8 5 1 3 1 9 8 1 
240.00 7 7 1 6 2 8 1 3 8 8 
244.00 9 0 7 7 3 8 6 4 3 2 
62
167.00 3 9 4 8 1 3 2 1 1 0 
193.00 3 8 1 4 4 8 0 9 7 6 
200.00 0 2 5 2 9 3 5 2 5 7 
225.00 5 3 3 3 7 3 4 8 9 3 
243.00 6 7 4 9 4 5 1 7 5 5 
255.00 9 4 3 7 8 2 8 1 4 3 
255.00 9 7 9 3 8 1 1 0 1 4 
272.00 8 3 9 8 3 4 1 3 2 9 
272.00 9 1 3 1 2 9 7 9 7 9 
312.00 7 1 8 3 9 4 6 6 7 9 
63
109.00 1 4 1 0 0 9 4 3 8 3 
158.00 2 1 3 1 4 9 5 7 8 4 
158.00 3 0 4 9 1 0 4 2 6 1 
181.00 7 0 3 3 0 6 4 5 8 3 
189.00 4 3 7 5 3 8 2 1 8 2 
210.00 5 4 6 2 1 2 2 6 7 7 
227.00 5 0 4 9 4 6 0 8 6 8 
233.00 6 7 3 6 3 2 7 0 2 9 
240.00 8 2 2 6 9 4 8 5 5 3 
242.00 8 8 9 2 6 0 1 5 4 0 
64
139.00 0 3 3 2 4 3 7 4 2 2 
142.00 3 0 1 3 5 2 7 5 0 5 
156.00 0 8 1 0 1 7 9 6 6 4 
186.00 8 5 1 0 4 8 3 4 8 4 
191.00 4 8 5 0 5 4 1 6 8 0 
205.00 1 3 8 4 7 1 5 5 8 0 
222.00 3 6 8 2 9 7 8 0 9 2 
236.00 6 7 5 2 9 3 2 7 6 4 
248.00 2 6 8 3 9 5 9 1 0 9 
271.00 7 7 2 6 3 2 5 4 9 8 
65
172.00 1 1 3 9 3 9 9 6 1 0 
174.00 2 0 6 4 6 3 4 2 0 4 
188.00 1 0 6 8 4 7 8 4 8 0 
207.00 6 9 1 2 4 5 5 5 9 2 
212.00 5 1 4 4 4 0 3 5 8 5 
236.00 7 7 2 5 5 8 6 4 9 5 
243.00 8 6 2 4 4 1 4 5 2 7 
260.00 8 8 0 8 8 5 7 1 7 5 
268.00 8 2 6 3 8 5 5 6 5 6 
272.00 0 7 8 2 8 1 9 9 7 9 
66
115.00 0 4 3 6 1 6 5 2 2 2 
170.00 6 7 0 4 3 1 0 2 7 4 
182.00 5 0 3 7 0 5 1 8 4 6 
211.00 5 5 2 6 3 5 2 4 5 8 
212.00 0 7 7 7 9 7 4 5 4 2 
212.00 7 1 2 8 9 4 3 0 8 1 
214.00 2 8 4 8 4 1 3 4 1 5 
215.00 4 5 8 8 2 3 0 7 8 2 
220.00 7 9 5 8 5 3 2 2 0 2 
281.00 6 8 4 3 9 6 9 7 0 9 
67
161.00 0 7 6 0 5 5 8 0 6 1 
174.00 2 5 5 5 8 5 1 6 4 1 
196.00 6 8 2 6 7 9 2 2 0 1 
221.00 2 9 4 3 9 3 3 4 7 3 
236.00 5 7 7 0 0 4 6 1 4 9 
239.00 3 8 2 2 9 9 5 6 0 9 
241.00 6 4 3 8 3 8 7 0 7 8 
243.00 7 8 6 0 4 9 0 6 6 5 
259.00 8 6 6 3 7 7 7 2 5 3 
278.00 6 3 9 1 6 1 8 1 8 9 
68
156.00 2 1 0 2 7 7 4 6 8 6 
183.00 2 3 2 9 2 2 5 5 9 3 
190.00 3 6 1 8 9 6 6 5 3 2 
193.00 3 6 2 1 9 7 8 1 7 5 
194.00 0 6 7 2 9 4 1 6 6 1 
203.00 3 7 8 1 1 8 2 2 8 6 
212.00 5 7 5 2 2 9 5 6 9 2 
251.00 5 8 6 9 8 0 4 0 9 4 
259.00 9 7 5 5 6 7 3 8 0 4 
273.00 9 1 2 5 2 1 8 9 7 7 
69
131.00 0 5 1 4 2 8 3 2 2 8 
161.00 1 7 2 8 0 7 9 4 1 3 
188.00 3 1 3 6 6 8 6 4 5 4 
191.00 1 1 2 9 5 0 8 4 4 5 
194.00 0 2 9 7 1 4 4 4 3 6 
213.00 0 7 6 7 6 5 5 4 9 0 
218.00 8 7 6 1 6 8 4 0 3 1 
227.00 9 6 5 5 2 3 9 1 1 1 
260.00 8 3 2 4 6 8 5 7 8 6 
280.00 3 8 8 8 3 7 5 7 8 8 
70
130.00 5 3 4 1 0 6 0 7 2 0 
145.00 5 1 1 6 4 8 0 2 7 0 
184.00 7 1 0 9 3 7 4 4 2 4 
210.00 0 9 7 5 1 3 5 3 0 9 
211.00 6 2 7 6 9 6 3 0 8 1 
219.00 5 2 4 3 4 8 6 8 9 5 
220.00 3 4 7 9 9 3 2 0 8 0 
232.00 4 4 1 7 8 4 4 7 6 9 
238.00 3 9 7 6 5 5 4 2 1 8 
285.00 9 1 3 3 8 8 9 3 8 8 
