
25 10 10
293 295 297 264 313 300 268 278 265 280 
1
111.00 0 3 0 3 5 7 3 4 6 0 
138.00 2 3 6 0 6 9 4 0 0 3 
183.00 3 5 1 9 0 2 1 5 8 6 
186.00 4 5 9 4 1 8 0 2 4 4 
187.00 4 0 5 3 9 4 0 3 4 6 
253.00 7 1 9 1 4 0 8 6 2 5 
259.00 7 9 6 9 4 7 3 6 1 2 
274.00 8 9 2 9 2 0 9 9 4 2 
303.00 8 6 5 9 6 5 5 8 9 5 
325.00 9 1 6 5 7 9 5 9 8 9 
2
164.00 7 2 3 6 0 5 4 4 2 1 
180.00 7 7 2 0 3 0 2 1 2 7 
216.00 9 5 2 3 6 2 3 1 3 6 
221.00 2 9 7 4 6 8 6 1 1 4 
222.00 0 4 7 2 9 2 3 6 8 7 
237.00 6 3 4 5 7 6 0 7 8 6 
246.00 9 9 7 8 3 9 4 4 2 1 
246.00 3 7 9 6 1 0 1 8 9 5 
273.00 6 5 9 1 4 8 5 6 5 7 
299.00 8 7 5 9 8 5 0 4 7 7 
3
91.00 3 2 5 0 0 9 0 0 3 2 
102.00 1 0 1 1 9 1 1 2 5 0 
189.00 2 6 4 8 4 9 5 1 5 2 
194.00 7 5 0 3 6 8 9 8 4 0 
197.00 2 3 0 9 9 1 1 3 5 7 
203.00 1 8 5 2 4 5 4 8 1 5 
210.00 9 5 0 7 2 9 1 2 0 9 
210.00 1 9 8 4 4 1 4 8 2 0 
217.00 0 8 6 7 0 7 5 9 1 6 
261.00 6 3 8 6 3 5 2 9 6 5 
4
146.00 6 2 1 5 3 4 2 3 3 3 
172.00 4 1 8 6 0 1 0 2 7 2 
180.00 1 3 7 9 0 6 2 4 3 6 
192.00 1 5 6 8 7 9 4 0 6 2 
192.00 4 1 9 9 5 6 5 2 1 1 
212.00 8 8 2 8 6 0 4 0 7 1 
215.00 8 2 6 6 5 5 1 0 9 1 
217.00 7 4 7 2 2 9 0 5 1 5 
223.00 1 3 6 5 4 3 3 5 9 7 
247.00 5 0 6 1 9 2 8 8 8 3 
5
110.00 2 6 0 2 0 1 5 3 2 4 
163.00 2 7 0 6 5 9 0 9 2 2 
185.00 1 6 3 2 9 4 4 6 9 3 
203.00 6 8 2 3 6 1 1 3 0 5 
203.00 2 1 6 5 4 4 9 6 1 7 
217.00 6 1 9 6 4 3 0 0 2 7 
222.00 9 7 6 6 1 4 0 4 2 2 
240.00 6 0 9 4 5 9 5 2 5 6 
248.00 2 7 2 6 5 8 5 9 7 9 
302.00 8 5 5 7 8 3 4 4 5 8 
6
166.00 0 7 5 5 3 4 6 2 4 4 
170.00 2 5 8 0 2 3 0 8 6 3 
195.00 9 6 2 8 3 5 0 0 4 3 
198.00 4 6 3 1 8 1 2 0 6 6 
223.00 0 4 4 2 4 0 9 7 7 7 
228.00 0 0 4 9 1 3 5 9 8 9 
240.00 5 9 2 9 0 3 6 8 3 8 
241.00 3 5 5 0 7 3 9 4 7 6 
259.00 1 2 7 5 9 5 8 8 8 5 
288.00 9 7 2 8 8 2 9 5 9 4 
7
133.00 3 5 2 2 2 4 7 3 3 1 
160.00 2 5 1 5 6 4 1 1 1 9 
165.00 5 2 4 1 7 4 6 1 6 1 
193.00 4 4 5 4 2 3 4 9 1 3 
212.00 1 0 9 7 2 7 3 7 5 7 
213.00 9 5 8 3 3 0 1 0 8 1 
221.00 6 6 2 4 8 6 5 3 1 4 
240.00 7 1 8 3 4 1 7 5 6 1 
241.00 9 4 7 4 5 5 7 4 1 1 
242.00 9 4 3 8 5 7 6 2 9 0 
8
121.00 1 1 5 2 5 3 5 0 3 1 
193.00 6 1 4 2 0 9 8 1 4 6 
204.00 1 9 4 9 3 0 3 7 3 1 
216.00 0 9 8 7 7 3 6 6 2 0 
221.00 9 8 3 5 3 2 1 2 8 0 
231.00 2 9 9 3 4 7 6 9 2 3 
243.00 6 1 8 6 3 1 4 1 1 9 
262.00 4 3 8 9 0 5 8 2 9 7 
279.00 7 9 7 7 5 5 8 4 5 2 
318.00 7 9 8 8 9 1 6 4 7 2 
9
128.00 4 2 1 0 1 2 0 5 8 3 
141.00 7 5 2 1 0 2 0 2 1 5 
164.00 0 6 0 6 2 0 5 6 4 6 
173.00 1 7 8 0 2 9 3 1 8 3 
206.00 3 0 0 1 8 2 6 9 8 7 
209.00 2 3 0 6 3 0 9 6 8 7 
216.00 4 6 3 9 1 2 8 0 1 9 
228.00 5 5 9 1 7 9 6 5 0 1 
241.00 8 1 1 1 5 2 8 9 8 7 
267.00 1 4 7 8 6 5 6 9 5 8 
10
59.00 0 0 1 3 1 0 6 0 2 1 
172.00 1 3 4 7 4 1 1 2 3 9 
190.00 9 2 6 4 1 9 1 5 4 2 
192.00 5 2 1 8 7 3 9 2 4 0 
197.00 8 4 3 1 1 7 6 5 8 3 
198.00 2 9 6 8 7 4 2 0 3 3 
200.00 0 7 4 8 6 7 9 0 8 1 
202.00 6 5 3 0 1 9 3 8 5 8 
270.00 6 6 7 8 2 1 7 5 5 5 
289.00 5 0 9 2 9 6 8 8 7 8 
11
113.00 7 0 1 1 2 4 2 2 3 2 
134.00 1 0 2 6 1 8 9 5 1 0 
182.00 1 6 0 9 6 4 2 1 9 5 
190.00 4 6 5 2 6 1 2 0 1 7 
193.00 2 5 5 8 4 5 2 0 6 5 
202.00 2 8 4 3 1 0 2 0 9 9 
221.00 8 9 1 1 1 4 4 2 1 9 
232.00 6 8 6 2 6 9 2 3 7 3 
244.00 9 5 3 6 2 6 2 1 8 9 
250.00 7 5 4 3 5 8 7 3 1 7 
12
124.00 4 7 0 6 0 8 0 7 2 0 
153.00 0 5 0 2 9 0 9 3 2 4 
170.00 6 2 3 1 3 0 2 2 4 7 
176.00 4 5 7 5 4 7 0 6 2 1 
182.00 2 1 6 1 8 3 7 0 6 4 
191.00 0 5 9 2 3 3 0 7 6 6 
194.00 3 8 4 0 7 2 8 0 8 0 
195.00 7 4 3 7 9 7 3 0 0 1 
226.00 4 5 6 0 4 1 9 3 1 9 
233.00 1 6 6 6 2 5 7 5 0 9 
13
143.00 2 7 3 7 5 7 0 2 0 0 
157.00 3 5 5 9 0 6 0 1 3 0 
171.00 3 5 1 4 4 7 4 2 3 6 
200.00 3 3 4 4 8 2 0 1 2 9 
203.00 2 6 2 9 3 4 1 8 0 8 
203.00 0 0 7 7 8 5 6 0 3 7 
213.00 6 1 9 3 2 7 1 6 8 4 
228.00 7 6 3 1 8 8 4 5 3 3 
240.00 9 7 5 0 1 9 9 2 7 2 
313.00 9 8 9 8 6 2 5 3 6 6 
14
159.00 0 9 0 3 3 8 3 8 3 5 
177.00 8 1 0 9 8 0 1 3 2 0 
196.00 2 6 3 9 0 9 2 7 0 6 
200.00 6 4 2 2 8 9 1 9 2 4 
200.00 5 6 9 9 1 2 0 1 0 1 
216.00 5 1 7 7 5 7 0 5 9 3 
217.00 2 7 9 2 1 0 2 8 2 8 
219.00 0 9 5 9 4 2 8 7 5 0 
225.00 0 0 5 6 8 2 7 8 9 4 
284.00 5 7 9 6 3 1 2 7 9 8 
15
126.00 1 5 3 6 0 1 1 2 7 0 
153.00 3 3 1 5 6 4 4 7 0 0 
160.00 4 1 1 4 0 9 2 7 4 7 
191.00 0 4 5 1 9 6 9 7 0 3 
201.00 6 1 2 5 1 1 6 2 8 8 
208.00 5 0 3 7 2 9 8 6 1 6 
227.00 1 4 7 7 3 8 5 1 7 7 
229.00 1 5 9 2 8 9 2 8 0 5 
256.00 6 9 3 9 1 5 5 0 7 7 
293.00 9 8 9 7 6 2 2 3 4 4 
16
128.00 1 2 1 0 1 8 2 3 7 7 
144.00 1 1 4 0 3 0 9 0 5 3 
157.00 3 8 3 1 0 1 3 3 3 6 
158.00 4 0 1 8 1 4 1 4 8 4 
177.00 0 4 6 3 1 0 4 4 5 6 
198.00 2 4 4 5 9 2 3 2 3 8 
213.00 3 3 2 6 7 4 4 7 7 5 
245.00 7 6 0 7 9 2 1 5 2 7 
287.00 6 6 7 8 3 3 7 7 0 8 
324.00 9 9 9 3 8 7 5 2 9 5 
17
150.00 3 6 3 5 9 7 0 3 0 1 
154.00 7 2 3 1 3 3 0 2 3 4 
155.00 1 6 2 8 7 7 2 2 3 0 
176.00 2 0 1 7 9 9 7 5 7 0 
195.00 8 5 3 0 1 2 6 1 3 7 
198.00 4 7 2 7 4 7 1 4 4 5 
212.00 8 6 0 0 5 9 5 6 7 5 
213.00 2 7 6 7 6 2 3 3 1 7 
259.00 7 6 9 5 9 9 2 9 0 0 
287.00 5 5 8 6 8 4 7 2 8 6 
18
114.00 0 1 1 6 4 7 6 0 5 3 
137.00 3 0 5 3 1 3 1 7 4 0 
165.00 5 1 4 1 3 7 8 1 1 4 
173.00 2 5 3 2 9 4 1 5 1 7 
186.00 1 1 8 2 6 2 7 3 1 7 
186.00 1 7 4 4 0 8 7 0 2 9 
198.00 1 3 4 9 5 7 6 6 2 6 
212.00 7 7 4 7 5 1 0 5 2 0 
223.00 8 7 3 1 8 2 0 4 4 4 
272.00 7 6 2 0 7 2 5 9 6 8 
19
161.00 0 8 1 6 3 5 6 4 0 6 
200.00 6 7 0 4 0 8 0 3 9 7 
210.00 3 3 3 7 8 6 2 0 7 9 
215.00 2 8 2 9 6 6 8 9 6 1 
222.00 8 2 7 7 1 2 9 0 0 5 
223.00 7 3 7 0 5 2 5 9 2 1 
223.00 6 0 1 7 5 8 9 4 8 7 
228.00 7 1 6 6 2 1 4 9 9 0 
231.00 4 7 3 6 9 9 0 8 6 5 
260.00 7 9 8 3 9 9 8 2 5 1 
20
113.00 3 1 0 0 5 7 3 5 9 1 
146.00 3 4 1 7 4 3 5 0 4 0 
171.00 3 6 2 3 8 3 1 0 4 5 
177.00 4 4 4 0 4 9 0 7 0 6 
181.00 3 1 2 3 1 1 9 3 2 8 
190.00 8 0 7 0 4 1 0 0 6 3 
197.00 8 0 2 4 8 0 0 5 3 3 
204.00 4 1 9 8 0 1 3 6 1 2 
243.00 8 2 5 7 5 3 8 3 2 4 
267.00 7 4 3 7 9 2 7 8 2 5 
21
189.00 3 2 8 5 1 5 3 6 3 2 
201.00 5 2 5 2 2 8 6 5 8 1 
217.00 6 6 3 8 1 6 0 7 7 4 
244.00 6 9 1 7 4 1 9 9 8 0 
251.00 2 3 8 3 8 1 5 9 5 7 
262.00 8 9 3 3 3 6 6 5 2 8 
263.00 6 4 6 4 2 9 1 8 9 8 
273.00 5 9 3 5 5 6 9 8 7 6 
280.00 7 9 7 3 3 0 6 6 3 5 
296.00 5 9 8 9 8 5 6 8 5 1 
22
206.00 5 9 2 9 4 7 3 1 7 1 
208.00 8 8 1 6 8 8 1 4 0 1 
209.00 5 7 6 5 4 0 3 0 3 5 
216.00 0 2 9 1 3 1 8 7 8 4 
224.00 1 5 3 9 6 2 8 4 8 5 
226.00 9 3 2 2 2 2 1 7 2 9 
227.00 1 5 6 5 3 6 9 4 4 7 
239.00 4 7 2 0 3 2 9 9 7 7 
245.00 9 4 1 2 8 4 7 1 5 7 
259.00 7 9 4 2 6 5 4 5 8 6 
23
128.00 3 2 8 1 2 1 0 1 1 0 
169.00 3 3 1 5 3 4 6 6 9 2 
184.00 7 4 9 1 0 0 0 0 6 2 
187.00 4 1 5 1 3 2 7 5 8 4 
189.00 9 6 0 9 0 9 3 0 0 7 
205.00 4 8 1 2 8 4 8 0 9 5 
247.00 3 5 7 3 9 7 3 7 0 7 
264.00 6 5 8 5 1 6 6 8 1 5 
269.00 8 5 7 6 6 0 2 8 1 3 
271.00 5 8 6 9 2 6 3 9 1 9 
24
167.00 2 1 4 3 1 4 6 5 2 5 
202.00 4 6 5 1 8 9 5 1 3 7 
202.00 0 2 7 7 0 0 6 7 5 8 
212.00 6 8 0 4 6 0 4 1 9 4 
220.00 5 2 9 4 9 3 2 3 0 6 
229.00 7 3 1 4 5 6 8 4 2 9 
244.00 8 8 8 5 7 9 3 2 6 0 
248.00 8 2 5 1 9 4 8 7 2 5 
252.00 5 8 9 3 4 7 3 4 5 4 
277.00 8 3 8 3 1 1 4 9 2 9 
25
181.00 6 7 0 2 3 4 7 5 3 3 
182.00 0 1 9 0 8 1 8 1 3 6 
195.00 0 9 9 0 5 3 0 1 9 4 
201.00 0 6 8 4 0 2 4 9 4 2 
214.00 2 3 8 0 6 7 2 7 3 6 
228.00 1 8 6 6 4 1 5 7 7 6 
241.00 8 2 0 2 9 0 8 5 4 9 
243.00 7 5 3 9 2 2 7 2 8 4 
255.00 4 7 3 6 2 9 6 6 8 9 
274.00 7 4 6 7 5 8 4 7 0 7 
26
164.00 3 5 3 2 2 7 1 8 7 4 
188.00 3 0 0 8 2 3 9 1 4 8 
192.00 2 5 0 5 1 7 8 7 6 8 
217.00 6 6 3 3 2 0 7 9 6 2 
219.00 5 3 5 0 5 9 7 7 2 7 
224.00 8 0 6 1 3 5 8 5 7 2 
242.00 4 8 5 6 4 5 5 3 1 9 
251.00 8 2 9 0 2 8 6 2 1 8 
273.00 9 9 3 5 8 2 8 5 3 2 
294.00 7 8 8 5 6 9 5 5 3 8 
27
118.00 0 0 5 1 1 8 3 6 7 2 
148.00 2 4 0 1 8 9 5 0 9 5 
163.00 1 5 0 0 2 9 1 8 7 9 
168.00 6 0 2 5 2 0 7 8 1 2 
203.00 6 0 7 0 6 8 6 1 9 3 
208.00 5 0 2 1 2 4 6 9 4 8 
209.00 1 3 1 6 7 8 9 7 4 7 
242.00 2 4 8 7 2 1 9 3 5 8 
242.00 5 8 9 7 3 2 9 0 5 2 
247.00 1 4 8 6 6 2 2 9 6 6 
28
129.00 8 0 0 0 0 4 4 1 6 4 
130.00 2 0 2 6 0 4 0 5 5 3 
175.00 8 0 3 2 8 1 3 4 3 1 
185.00 2 4 1 7 6 0 3 5 2 7 
189.00 0 3 5 0 8 3 9 8 1 4 
190.00 5 6 6 8 0 4 2 2 2 1 
192.00 4 7 1 7 5 2 8 1 4 4 
212.00 3 7 8 5 3 8 0 4 0 6 
230.00 4 1 7 6 0 2 5 8 6 6 
323.00 8 8 7 4 4 5 6 7 5 9 
29
148.00 0 2 1 9 9 7 1 2 6 5 
183.00 0 7 4 3 8 9 2 2 4 9 
194.00 5 0 7 7 2 3 6 0 0 7 
195.00 4 3 7 1 6 9 7 7 2 2 
209.00 3 6 7 8 3 0 8 2 7 0 
209.00 6 5 3 7 8 6 0 3 1 7 
225.00 1 8 8 9 3 1 6 2 7 3 
237.00 3 8 7 5 6 5 0 4 9 5 
240.00 4 4 9 0 9 3 2 7 8 5 
276.00 5 8 9 8 2 4 1 9 8 6 
30
176.00 2 0 4 1 2 1 8 7 2 9 
201.00 9 8 7 2 4 9 2 0 0 1 
213.00 3 7 7 7 4 9 6 0 5 2 
235.00 8 7 1 9 2 4 5 8 4 1 
238.00 7 9 2 6 4 2 5 2 8 3 
247.00 7 1 3 0 8 8 6 8 3 9 
252.00 0 1 9 6 9 9 8 4 5 8 
263.00 8 7 1 8 8 8 6 1 6 5 
274.00 8 4 5 6 0 7 7 9 3 9 
325.00 7 8 9 0 8 2 8 7 6 6 
31
127.00 2 1 2 0 4 6 8 6 3 2 
151.00 7 1 0 4 8 3 1 3 2 3 
157.00 4 2 4 8 0 9 1 2 2 3 
183.00 2 7 1 3 5 4 9 7 1 2 
199.00 3 4 4 4 3 4 2 3 2 8 
216.00 3 2 5 4 5 5 6 9 3 4 
219.00 6 0 6 2 3 9 8 9 5 3 
230.00 1 9 4 7 2 0 5 8 5 5 
234.00 0 3 9 5 6 0 5 8 1 7 
250.00 5 0 5 7 8 1 4 5 9 8 
32
155.00 0 5 9 2 4 4 2 0 1 5 
157.00 3 6 1 4 9 6 0 4 3 2 
170.00 2 8 5 8 1 4 1 1 2 6 
195.00 7 2 7 9 7 7 1 0 2 1 
201.00 2 7 1 6 4 1 4 6 1 8 
210.00 4 3 5 9 8 1 6 2 7 1 
219.00 6 5 3 2 6 1 6 1 1 8 
228.00 1 9 8 2 3 0 4 5 4 8 
257.00 9 0 0 7 9 6 4 9 7 4 
287.00 8 6 6 5 6 5 9 6 4 3 
33
146.00 2 4 0 2 1 3 5 3 6 7 
147.00 1 1 2 0 2 7 1 9 5 6 
173.00 3 1 4 5 1 0 8 7 5 3 
177.00 2 1 3 8 2 7 5 4 9 3 
186.00 2 4 2 2 6 2 8 0 4 9 
191.00 7 3 8 3 0 2 4 1 6 1 
209.00 3 3 7 6 6 6 4 3 1 5 
217.00 3 7 7 5 9 7 1 1 1 5 
222.00 2 4 5 6 8 5 8 4 2 4 
334.00 8 4 8 9 6 4 9 6 1 8 
34
166.00 2 9 0 7 2 5 7 7 4 0 
198.00 7 4 0 8 7 9 1 7 3 0 
207.00 4 1 0 6 8 0 1 7 3 9 
211.00 6 9 2 4 2 4 4 7 8 0 
222.00 6 8 4 7 0 8 7 9 5 0 
255.00 7 2 5 4 3 0 6 6 7 5 
257.00 6 8 8 1 5 4 4 9 9 3 
269.00 7 8 7 4 5 9 8 5 0 4 
270.00 9 4 6 6 8 7 0 9 6 4 
303.00 8 3 9 6 9 6 4 4 9 7 
35
155.00 3 1 3 7 2 8 1 9 7 0 
198.00 3 7 2 9 5 6 2 0 8 4 
217.00 6 1 8 4 0 8 4 5 6 3 
224.00 3 5 3 9 2 8 4 5 7 9 
227.00 6 6 7 6 9 0 3 1 4 3 
233.00 4 2 3 9 5 2 6 7 1 8 
244.00 3 4 9 1 9 0 3 2 8 6 
247.00 9 3 6 0 7 7 4 8 9 1 
247.00 5 7 5 3 7 7 7 9 7 2 
265.00 5 7 6 9 8 1 7 2 8 4 
36
168.00 0 1 7 0 1 7 8 2 7 6 
205.00 7 1 0 5 5 1 8 4 4 5 
208.00 1 4 7 8 4 4 6 6 9 1 
224.00 6 4 7 4 5 9 2 2 4 6 
236.00 9 2 8 5 3 9 4 2 2 4 
245.00 5 8 7 0 2 5 3 7 4 7 
247.00 7 7 6 2 6 4 8 0 3 4 
249.00 8 2 3 6 7 8 8 7 1 2 
264.00 9 1 6 9 6 4 2 0 7 7 
275.00 8 9 9 4 9 2 0 2 9 0 
37
184.00 1 5 1 9 8 5 0 6 6 6 
200.00 0 6 9 4 0 0 4 7 0 4 
200.00 0 9 6 8 2 2 9 4 4 0 
220.00 4 5 3 2 9 0 6 2 6 6 
226.00 9 8 2 0 4 8 7 3 0 8 
232.00 2 3 9 6 8 3 7 3 0 4 
233.00 7 0 9 2 0 3 9 4 8 3 
234.00 5 8 5 4 7 5 0 9 0 3 
251.00 8 6 4 1 8 0 6 3 4 7 
253.00 9 4 4 3 7 3 7 1 8 3 
38
180.00 5 7 2 2 7 6 0 5 0 3 
181.00 4 1 6 3 7 8 0 1 7 3 
207.00 4 2 8 0 2 6 4 6 1 9 
215.00 7 0 2 6 9 8 3 8 1 5 
216.00 6 8 3 7 2 0 6 1 2 3 
217.00 1 3 2 8 9 8 3 6 8 6 
224.00 8 7 5 3 0 1 8 3 2 3 
264.00 8 0 8 9 6 1 9 0 0 4 
278.00 9 8 4 9 4 5 6 4 7 4 
294.00 5 5 6 9 9 1 4 6 6 8 
39
125.00 1 7 7 2 1 1 2 5 0 0 
171.00 7 0 0 7 2 1 2 2 8 4 
188.00 1 1 9 5 1 0 5 5 4 3 
206.00 9 2 8 4 2 5 1 9 0 0 
247.00 2 5 7 9 1 6 4 1 9 8 
249.00 9 0 7 0 2 7 8 8 0 7 
267.00 9 5 6 9 6 7 4 6 4 3 
282.00 7 6 8 7 6 8 6 2 8 6 
287.00 6 9 2 6 6 6 9 8 5 6 
304.00 7 1 8 7 8 7 8 1 9 8 
40
164.00 0 9 4 4 6 2 1 6 1 3 
166.00 4 7 2 6 0 8 6 2 6 3 
204.00 3 9 0 5 7 2 8 2 0 9 
222.00 4 5 1 1 4 4 9 6 9 7 
223.00 6 3 5 4 7 2 8 6 3 1 
234.00 7 2 4 4 8 0 7 3 3 5 
238.00 8 0 5 8 0 0 3 2 6 9 
261.00 8 1 7 1 9 1 5 2 2 8 
267.00 2 7 9 7 9 1 8 8 4 1 
296.00 8 7 9 7 6 2 8 2 9 1 
41
166.00 1 6 4 6 8 6 2 2 2 3 
166.00 7 7 1 0 7 2 5 0 8 0 
219.00 3 9 5 7 2 7 8 1 5 5 
225.00 6 5 8 5 8 0 6 0 4 1 
226.00 8 1 2 2 9 5 8 2 7 3 
231.00 5 2 5 6 2 4 5 0 7 9 
241.00 9 7 7 5 7 1 0 4 7 1 
246.00 8 9 4 4 8 9 9 2 7 0 
250.00 5 6 6 7 3 7 3 7 5 6 
262.00 7 3 6 5 9 8 4 3 4 7 
42
164.00 8 3 0 1 2 3 0 6 8 1 
176.00 1 1 8 4 4 6 1 4 8 2 
213.00 2 3 8 1 4 4 8 9 2 5 
215.00 4 9 0 1 6 1 5 8 6 7 
228.00 7 5 5 1 3 0 0 2 6 8 
228.00 9 8 0 9 9 9 0 7 3 0 
229.00 0 6 7 4 8 0 9 5 9 2 
234.00 4 8 6 7 5 3 1 9 3 1 
238.00 8 8 9 0 2 8 8 8 0 1 
254.00 9 0 9 3 2 5 9 4 4 1 
43
128.00 1 8 1 3 0 2 7 1 5 1 
145.00 0 5 2 9 2 8 5 3 5 0 
168.00 5 3 2 6 2 1 4 7 1 2 
178.00 2 3 0 7 4 6 6 4 0 9 
188.00 4 9 3 5 2 9 9 2 0 1 
188.00 4 6 3 8 5 9 2 0 2 4 
192.00 1 5 0 5 5 2 7 1 8 7 
211.00 4 1 7 4 4 7 8 8 6 2 
220.00 7 2 0 5 2 3 8 7 1 9 
224.00 0 2 9 8 9 8 3 1 8 3 
44
123.00 3 0 3 1 2 7 1 3 7 0 
161.00 4 8 2 2 5 4 1 0 9 2 
163.00 0 4 0 8 6 7 7 2 8 2 
190.00 2 6 1 6 2 5 9 6 8 0 
191.00 3 5 3 1 9 7 5 8 5 0 
192.00 5 5 3 0 4 7 5 8 9 0 
205.00 3 0 5 6 2 8 6 7 5 6 
233.00 9 8 6 0 7 4 0 0 2 8 
244.00 4 4 7 0 9 6 7 9 1 6 
263.00 4 8 5 5 4 7 7 3 6 7 
45
123.00 1 6 3 5 1 3 0 5 2 1 
134.00 0 4 0 1 8 1 4 0 9 2 
166.00 4 1 6 3 3 1 5 1 4 3 
181.00 2 6 0 3 7 6 7 4 8 5 
206.00 4 2 5 6 1 8 5 1 9 6 
261.00 2 2 9 6 6 6 7 4 8 7 
268.00 6 9 8 8 0 3 3 9 0 8 
272.00 3 3 9 6 7 4 9 6 3 8 
307.00 8 5 9 6 1 9 9 4 3 7 
308.00 9 7 7 0 2 9 3 9 8 9 
46
155.00 0 2 1 4 5 4 2 9 9 3 
168.00 1 3 4 2 4 3 9 5 1 5 
169.00 5 7 2 1 3 8 8 2 1 0 
175.00 3 1 5 5 7 7 8 3 1 2 
179.00 4 7 1 5 4 2 2 5 1 6 
205.00 8 8 4 9 0 6 1 4 1 1 
210.00 2 5 3 2 7 1 6 9 4 7 
214.00 4 1 3 7 8 9 4 8 6 1 
235.00 3 9 8 2 6 8 4 7 1 2 
249.00 5 1 5 7 2 9 6 2 9 8 
47
161.00 3 0 3 6 0 1 1 3 4 9 
164.00 1 8 4 1 9 9 9 4 0 0 
184.00 4 2 7 2 2 2 4 9 1 4 
197.00 9 5 1 4 2 6 1 5 2 5 
226.00 5 4 8 6 0 3 7 0 2 8 
246.00 3 2 8 4 6 6 0 4 7 9 
251.00 7 0 5 7 2 7 4 3 9 8 
257.00 3 5 6 6 8 2 4 3 8 6 
272.00 4 7 9 6 8 9 4 3 5 8 
281.00 5 4 8 3 8 3 4 6 7 6 
48
116.00 1 3 0 9 2 8 2 7 3 0 
158.00 3 4 5 4 1 5 1 1 1 8 
186.00 2 2 4 5 0 6 1 7 1 9 
193.00 0 4 9 0 8 4 8 0 0 7 
195.00 6 6 0 8 7 8 1 7 3 1 
223.00 5 0 7 0 8 3 4 4 4 9 
245.00 7 4 9 8 2 3 8 0 3 3 
247.00 5 8 4 4 8 4 8 9 4 3 
250.00 0 8 7 1 7 0 1 9 7 8 
265.00 2 3 8 7 4 5 8 5 9 7 
49
125.00 2 0 1 3 9 5 0 2 3 3 
155.00 0 3 5 3 7 6 2 7 1 2 
206.00 0 7 5 5 5 1 8 8 4 4 
222.00 9 4 8 3 0 7 6 0 4 3 
224.00 5 7 6 3 5 5 0 4 5 6 
226.00 3 4 4 5 5 3 4 7 1 9 
231.00 3 2 9 4 4 6 2 4 8 8 
244.00 9 6 5 5 5 6 3 6 0 3 
274.00 5 2 7 3 9 7 4 7 4 9 
303.00 9 0 9 9 7 2 5 7 0 7 
50
143.00 2 7 0 2 2 7 0 4 6 6 
172.00 2 4 9 0 3 0 6 2 1 2 
176.00 1 6 4 8 4 9 0 8 9 1 
177.00 2 9 2 9 0 6 6 4 2 3 
198.00 7 2 4 1 4 8 1 0 7 6 
237.00 9 1 0 3 6 4 5 8 2 9 
242.00 7 1 6 9 5 0 4 6 3 2 
264.00 8 9 4 6 4 6 4 9 9 2 
276.00 8 5 0 8 4 2 8 5 4 9 
307.00 7 7 7 9 9 3 8 4 8 3 
