200
10 70 126 119 52 6 18 96 26 66 55 27 127 5 97 37 23 72 145 78 67 50 127 119 42 132 48 185 149 110 158 37 30 75 157 97 41 85 53 24 149 45 149 179 129 74 181 37 26 29 170 132 184 92 11 196 104 39 32 100 1 191 85 167 160 55 99 154 72 169 112 110 13 119 135 107 101 162 6 117 49 133 103 12 39 99 102 150 49 105 187 114 108 8 176 191 77 139 80 196 163 3 62 34 69 116 22 195 56 112 192 51 165 162 33 46 130 134 160 181 184 182 73 147 179 99 81 196 90 121 128 17 21 55 132 185 74 196 59 196 86 198 201 67 94 155 80 56 14 8 74 12 106 7 26 92 1 121 60 33 171 166 116 37 160 170 42 134 165 176 164 130 155 172 14 174 44 79 199 10 23 128 162 123 107 45 77 161 117 188 98 131 136 10 135 165 87 171 30 141
0 1 0 1 0 1 1 0 0 0 0 0 1 1 2 1 1 2 0 1 0 1 0 1 2 2 2 1 1 2 1 0 0 0 2 0 1 0 0 0 0 2 1 1 1 0 0 1 0 0 1 0 1 1 2 1 0 1 0 2 0 0 1 1 0 1 2 5 0 1 0 1 2 3 1 0 1 0 1 0 1 0 2 1 0 3 1 1 1 1 2 1 1 0 1 1 1 3 2 1 1 1 0 0 1 0 1 1 2 1 0 1 1 0 0 1 1 1 0 0 2 4 0 2 0 0 2 2 1 0 1 0 1 1 0 0 1 1 2 1 0 1 1 1 0 3 1 1 5 1 3 1 0 2 0 3 1 2 0 0 0 2 1 1 1 0 1 1 0 0 0 1 0 1 0 2 0 0 0 0 1 0 1 2 0 0 2 1 0 1 1 2 1 1 0 1 1 0 1 0
1 0 1 0 0 2 2 1 3 0 0 0 1 0 0 1 1 1 0 1 0 0 0 1 0 1 1 1 1 2 1 0 2 1 2 1 0 1 1 3 0 2 1 1 0 1 1 0 1 0 1 1 1 0 1 1 0 2 1 0 1 1 0 0 0 0 0 1 0 0 1 1 1 1 0 1 0 1 1 3 0 0 0 1 2 1 1 3 0 0 0 1 1 1 0 0 1 2 1 1 3 1 0 1 1 0 0 2 1 0 0 0 2 2 1 0 0 0 0 1 1 0 0 0 2 2 1 0 1 1 5 0 1 1 1 0 2 0 0 0 1 0 0 0 2 0 1 1 0 1 1 0 1 1 0 0 0 0 0 1 1 1 0 2 1 0 1 2 1 0 1 1 0 1 0 0 1 0 1 0 1 0 2 1 1 1 0 0 3 1 0 3 1 0 2 0 1 2 1 2
0 1 0 1 1 1 0 0 1 3 0 0 1 1 0 1 2 0 1 1 1 1 3 3 0 2 2 0 0 1 1 1 0 3 0 0 2 1 1 3 1 1 2 1 1 1 1 3 1 0 3 1 4 1 4 0 2 1 0 1 1 0 1 1 0 0 1 3 1 0 2 0 2 0 0 1 2 0 1 1 1 4 0 2 1 1 1 0 0 1 0 3 0 3 3 0 0 0 0 0 0 1 1 0 1 1 1 1 1 2 1 0 1 3 3 2 1 1 1 1 1 1 1 1 0 0 1 0 3 0 0 1 1 0 3 1 0 3 2 1 1 1 1 0 1 1 1 2 1 1 1 0 0 3 1 3 0 3 1 1 2 1 2 0 0 1 1 1 0 0 0 1 0 1 3 0 0 0 2 1 1 1 2 1 1 0 1 0 1 0 1 1 2 0 1 0 1 0 0 3
1 0 1 0 3 0 0 1 2 2 1 0 0 0 1 1 3 0 0 1 1 0 3 1 2 0 1 1 2 2 1 1 0 1 1 0 1 0 3 1 0 4 1 0 1 0 1 1 0 0 1 0 3 0 0 1 1 2 1 1 2 2 0 1 4 0 1 2 1 1 2 0 0 2 0 1 4 0 1 1 1 1 0 2 1 1 1 0 1 0 0 0 0 1 0 3 3 2 0 1 2 0 1 0 0 2 0 0 0 0 1 1 0 1 1 2 0 0 4 2 0 0 0 0 1 1 3 1 1 0 1 1 0 0 0 1 1 0 1 0 0 1 1 1 1 1 1 0 1 1 1 0 1 1 0 1 1 1 0 2 0 2 0 0 2 1 1 2 2 1 2 2 2 1 2 1 1 0 0 0 2 2 0 0 6 0 1 2 0 1 1 1 0 0 0 0 1 2 0 2
0 0 1 3 0 0 1 1 3 1 0 1 3 3 4 1 1 1 2 1 1 1 1 1 2 1 1 0 1 0 0 1 0 1 5 1 3 2 2 0 0 0 1 0 1 1 0 2 0 1 0 0 1 0 1 1 1 0 0 1 0 0 2 2 0 1 0 0 0 1 4 2 0 0 0 0 0 0 0 1 2 2 1 0 2 1 0 0 0 1 2 1 0 1 1 3 0 1 0 2 1 1 2 1 3 0 0 2 0 0 0 0 1 1 1 2 0 2 2 2 1 1 1 1 0 0 0 1 1 1 1 3 2 1 1 2 1 1 1 1 1 1 1 0 1 1 0 2 1 1 0 4 0 1 1 2 1 1 0 1 0 1 1 0 1 1 0 0 0 3 1 0 1 1 1 1 3 0 2 0 1 0 1 1 1 0 1 0 3 1 2 3 1 2 0 1 1 0 3 0
1 2 1 0 0 0 2 2 2 1 2 1 1 0 0 0 0 3 1 0 2 1 1 0 0 1 0 4 1 1 2 1 2 0 0 2 3 0 1 0 2 2 1 1 1 0 0 0 0 1 1 4 0 0 1 0 0 2 1 0 0 1 0 2 0 1 2 1 2 1 1 2 1 1 1 1 1 0 0 0 2 0 1 1 1 3 0 0 2 1 0 0 2 1 0 1 0 2 0 0 0 1 1 0 0 0 0 1 1 0 2 0 2 1 0 1 0 1 1 1 1 2 0 1 0 1 2 2 1 1 1 0 1 1 1 0 1 2 1 1 1 0 1 1 2 1 3 0 0 1 6 1 0 2 0 1 0 1 2 0 0 0 1 1 0 0 0 1 1 0 0 1 2 1 0 1 0 1 2 1 1 1 1 0 2 0 1 1 0 0 1 0 1 1 1 0 2 1 0 1
1 2 0 0 1 2 0 1 0 0 1 1 1 2 0 1 1 3 1 1 1 1 1 1 1 1 1 0 0 0 1 0 1 2 1 0 1 1 3 0 0 0 1 2 1 0 1 2 1 0 0 0 0 0 1 1 1 1 2 0 0 1 1 0 0 1 0 1 0 1 1 1 0 2 0 0 1 1 1 1 2 0 0 1 0 1 0 1 2 1 1 0 1 0 1 0 2 0 0 0 2 2 0 2 0 1 2 1 0 2 0 0 1 1 2 1 1 0 0 1 0 0 2 0 1 1 2 1 3 0 3 1 2 0 0 0 2 0 0 0 0 0 1 1 0 2 0 1 0 2 0 1 0 0 1 5 1 0 1 1 0 1 0 2 2 4 1 1 0 1 4 1 2 1 0 1 0 1 3 1 0 0 3 1 1 1 1 2 0 0 1 0 1 0 3 0 1 0 3 1
0 1 0 1 1 2 1 0 1 1 2 1 1 0 0 0 1 2 1 1 2 1 1 1 2 3 0 2 0 0 1 0 0 0 1 1 0 1 0 0 1 1 0 1 2 0 3 0 0 1 0 2 2 1 2 0 0 1 3 0 2 0 0 0 1 2 1 4 1 0 2 0 1 4 1 2 2 0 0 0 0 1 0 0 2 0 1 0 2 0 2 1 0 0 1 1 2 1 1 1 1 2 1 0 1 1 1 1 0 4 0 0 0 0 1 1 0 2 1 5 2 0 0 0 1 3 1 2 0 3 2 0 2 0 0 3 1 1 1 1 0 1 0 0 2 2 1 0 2 2 2 2 0 0 0 1 3 3 1 2 0 3 1 2 0 0 0 2 0 2 1 0 0 0 0 0 1 0 2 0 0 0 0 3 1 0 1 4 1 0 2 0 0 1 0 0 2 0 2 2
0 3 1 2 3 2 0 1 0 1 1 1 2 0 1 2 0 1 1 2 3 0 0 0 1 1 1 1 0 3 1 0 0 2 2 2 1 0 1 0 0 0 1 1 2 0 0 0 0 1 2 1 1 0 0 0 3 1 0 0 4 2 2 2 2 2 2 1 1 2 2 1 0 1 0 4 0 0 1 0 0 1 1 2 3 0 0 1 0 2 1 1 0 0 0 1 1 4 0 1 1 1 0 1 1 1 1 0 1 2 0 0 1 1 2 0 0 3 1 1 1 3 0 1 0 3 0 1 0 1 0 0 0 0 1 1 1 1 1 0 3 1 3 0 0 0 1 0 1 0 1 0 1 1 1 1 0 0 0 0 0 3 1 0 1 1 0 1 2 0 1 0 0 2 1 1 1 1 1 1 3 0 0 0 0 1 2 4 1 2 0 4 0 2 1 0 1 1 0 0
0 0 3 2 1 1 0 1 1 0 0 3 0 1 0 1 3 2 0 0 0 1 0 0 0 0 1 0 3 1 1 1 0 2 0 0 0 1 3 2 2 1 0 0 0 0 2 1 0 1 0 0 0 2 1 1 1 0 1 1 0 0 0 1 0 0 0 0 1 1 0 0 1 0 0 1 0 2 1 0 0 0 3 2 0 0 1 1 2 3 4 0 2 0 1 0 0 1 1 0 0 0 0 1 1 0 0 0 1 0 1 0 0 1 1 2 2 1 1 2 3 0 0 1 1 0 2 0 3 1 3 2 0 0 0 0 0 2 2 1 1 1 3 0 0 0 1 1 3 1 1 1 1 0 3 2 2 0 1 1 3 0 0 1 0 0 1 1 2 1 2 1 1 0 0 3 2 1 2 0 0 0 1 1 1 1 1 1 1 2 1 2 0 0 0 0 1 2 0 0
0 0 0 1 0 2 1 2 1 0 0 3 0 1 2 1 0 0 0 0 1 0 2 2 0 0 0 0 3 3 0 1 1 1 0 0 1 3 1 0 0 2 2 4 1 3 0 0 0 1 0 3 0 2 0 1 0 1 3 0 1 0 0 2 1 0 1 2 0 1 0 1 1 1 2 1 1 1 1 1 1 1 1 1 0 0 1 1 1 2 1 1 2 6 0 0 0 1 1 1 2 3 1 2 0 0 1 3 3 0 1 2 1 1 2 1 0 0 0 1 0 0 1 1 0 0 2 0 0 1 2 2 1 1 1 1 0 1 0 1 1 3 1 0 2 1 0 0 1 0 2 1 0 1 1 1 1 1 1 2 2 1 1 0 1 0 1 0 0 1 0 2 1 2 2 0 0 2 1 0 0 0 0 1 1 1 0 0 3 0 2 1 1 1 2 1 0 1 1 3
0 0 0 0 1 1 1 1 1 3 3 0 2 0 1 1 0 0 2 1 3 0 1 2 2 0 1 1 0 0 0 0 2 2 3 1 1 1 0 0 1 1 1 1 1 2 1 1 1 0 0 0 2 1 0 1 1 1 0 3 0 1 1 1 1 1 0 0 1 0 1 1 0 1 1 0 3 1 3 1 1 0 3 0 1 0 1 3 0 2 0 0 2 0 0 1 0 0 0 2 1 0 2 0 1 1 1 2 3 2 0 0 0 1 1 1 0 1 0 2 1 1 1 1 0 1 2 2 1 1 2 1 1 2 2 3 1 0 1 1 0 0 2 1 2 1 1 2 1 2 0 2 0 2 1 0 0 2 1 0 1 1 1 1 1 0 1 0 3 1 2 1 0 0 1 1 1 2 0 0 0 0 2 1 0 2 0 0 0 2 2 0 0 0 1 2 0 2 1 0
1 1 1 0 3 1 1 1 2 0 0 2 0 1 0 1 0 2 0 2 4 1 0 2 0 1 0 0 1 0 1 1 2 0 1 2 0 2 0 0 0 0 0 0 1 0 0 0 1 0 0 1 0 1 1 0 1 3 0 2 0 0 0 0 2 2 1 1 0 1 3 1 2 1 0 0 0 1 0 1 0 0 0 0 1 1 0 0 2 0 2 0 0 1 0 1 0 0 0 0 2 1 3 1 0 2 2 1 0 0 1 0 1 3 3 0 0 2 1 0 2 1 0 2 2 1 0 3 0 0 1 2 0 0 2 0 1 0 1 0 1 3 2 1 1 1 1 2 1 1 1 4 4 1 1 0 0 0 0 1 0 3 0 1 3 1 1 1 1 2 0 0 2 1 0 0 2 0 0 0 0 1 0 0 1 0 0 2 1 0 0 1 3 2 1 1 1 0 0 0
1 0 1 0 3 0 2 0 0 1 1 0 1 0 1 2 3 0 0 1 2 1 0 3 0 1 1 3 0 0 0 1 1 1 1 0 0 0 0 0 1 0 0 0 0 1 1 0 2 2 0 1 0 1 0 1 2 1 1 0 1 0 1 2 1 1 1 1 2 1 1 2 2 2 1 1 1 0 0 0 0 0 1 0 2 2 1 0 1 0 0 2 0 0 1 0 0 2 0 1 1 3 0 1 3 0 2 1 1 1 0 1 1 1 3 0 0 0 1 0 1 2 0 1 1 3 1 0 0 4 1 1 1 0 1 1 3 2 1 2 0 1 2 1 0 1 1 1 1 1 1 2 0 2 0 3 0 0 1 1 3 1 1 2 0 0 1 0 1 2 1 1 0 0 3 1 0 0 1 1 1 0 1 0 0 0 1 2 1 2 1 0 0 3 0 2 0 0 3 1
2 0 0 1 4 0 0 0 1 0 2 1 0 1 0 0 1 0 2 1 0 1 0 0 1 0 1 0 0 5 0 1 0 1 0 1 1 3 1 0 0 0 0 0 0 2 0 2 1 0 1 3 0 3 4 1 1 1 1 0 0 0 1 0 1 1 1 1 0 0 1 2 0 0 1 1 3 1 1 0 0 1 2 1 1 0 1 0 1 0 1 2 1 1 0 1 0 1 3 1 0 1 1 1 0 1 1 2 0 3 1 0 1 2 2 0 1 0 0 1 0 4 0 0 0 2 1 0 0 0 1 1 2 1 1 2 1 0 0 1 0 1 1 0 1 2 1 0 1 2 0 2 2 2 1 1 0 1 0 0 0 1 0 1 2 0 4 1 0 1 0 2 3 1 0 1 1 2 0 0 0 0 2 1 0 1 1 0 1 1 1 1 2 0 1 0 1 0 1 1
1 1 1 1 1 0 1 0 2 1 1 1 1 2 0 0 0 6 0 0 1 0 0 1 1 0 0 2 3 1 2 0 1 0 0 2 1 1 0 1 0 1 2 2 1 1 2 1 0 0 2 0 1 0 1 3 3 0 1 0 0 0 3 2 0 0 2 1 2 2 1 0 1 1 1 1 0 1 0 0 0 0 2 0 0 0 1 2 0 1 1 1 1 2 1 1 1 2 1 1 0 2 0 4 2 1 0 0 1 0 0 1 2 0 1 1 1 1 0 0 0 0 0 1 1 0 0 5 0 2 0 1 1 1 1 0 0 1 2 2 2 1 4 1 2 1 0 1 1 1 1 2 1 0 1 0 2 2 0 0 2 1 0 2 2 3 0 0 0 0 1 1 0 0 2 3 1 2 2 2 0 0 1 1 1 1 2 1 2 2 1 1 0 1 1 1 1 1 0 0
1 1 2 3 1 0 1 1 0 3 0 0 0 3 1 0 0 1 0 1 2 0 2 0 1 1 0 0 3 0 1 0 0 1 0 1 1 1 0 4 2 3 1 1 0 0 0 1 0 1 1 0 1 2 2 2 3 0 1 2 0 1 2 0 0 1 0 0 2 0 0 1 1 2 0 1 1 1 2 0 0 3 2 1 2 1 0 1 3 2 0 1 1 0 0 3 1 0 1 0 0 1 1 0 1 1 1 0 2 1 1 4 1 1 0 1 0 4 2 0 3 0 3 0 2 2 2 0 1 1 0 2 1 1 3 2 3 0 3 0 1 0 2 2 2 0 3 0 1 2 0 0 2 1 0 2 1 1 0 0 0 1 0 0 2 0 0 1 2 0 2 2 1 2 2 1 1 1 0 2 2 0 1 1 0 1 1 1 1 1 1 0 0 1 1 2 1 1 1 1
2 1 0 0 1 3 3 2 1 2 0 0 2 0 0 6 1 0 2 1 2 1 0 1 2 1 2 1 2 1 2 1 0 0 1 0 3 2 3 1 0 1 1 0 3 1 0 0 1 0 2 2 0 2 1 0 0 1 1 0 0 1 0 1 1 0 1 5 1 0 1 0 1 0 1 0 0 1 0 2 1 0 0 2 2 1 3 1 3 1 1 0 2 0 0 0 1 0 1 2 0 2 1 2 1 2 0 0 1 1 0 2 0 1 2 0 1 1 0 1 0 1 0 2 1 0 1 0 2 1 0 4 2 0 1 1 2 1 1 2 2 0 2 1 1 0 3 2 2 0 1 0 0 1 0 0 1 1 1 1 1 2 0 1 0 0 0 1 0 0 0 2 3 0 0 0 0 1 1 1 0 1 1 1 1 1 0 1 2 1 0 0 1 1 1 1 0 2 0 0
0 0 1 0 2 1 1 1 1 0 0 2 0 0 2 0 0 2 0 0 0 1 0 1 1 2 1 0 2 0 2 0 1 1 2 0 2 1 0 1 2 0 3 0 0 0 0 0 1 1 0 1 1 3 1 0 0 0 2 1 2 1 1 1 1 1 0 1 1 1 0 1 2 1 0 1 1 1 0 1 1 1 0 1 0 0 1 1 0 0 1 2 1 0 2 1 5 0 0 2 1 0 0 0 1 1 0 0 1 0 1 0 2 1 1 0 1 3 1 0 0 1 0 2 1 3 1 1 1 0 2 2 0 0 5 2 1 3 1 0 1 0 1 0 2 1 2 0 0 1 0 0 1 1 0 0 3 1 2 1 2 0 0 2 0 0 0 1 1 2 1 4 0 2 0 2 4 0 0 0 1 0 1 2 1 0 3 0 2 1 2 1 1 1 1 0 0 2 1 1
1 1 1 1 1 0 1 1 2 0 0 1 2 1 1 0 1 1 0 0 0 0 1 0 1 1 0 0 1 2 1 1 4 0 0 2 1 1 2 1 1 0 4 1 1 0 2 1 1 0 2 2 0 0 1 1 1 0 1 0 0 2 0 1 2 1 2 1 1 1 1 3 1 0 1 0 0 2 2 0 0 0 2 1 1 0 5 0 2 1 0 3 0 1 2 1 4 4 2 1 1 1 1 0 2 0 1 1 2 1 1 2 2 2 0 2 0 0 0 2 3 1 1 0 0 1 2 2 0 1 1 0 1 0 1 2 1 2 0 0 0 3 0 1 1 2 1 1 0 1 1 0 0 0 1 0 3 0 1 0 1 1 0 0 0 0 2 4 1 2 1 2 1 0 0 2 0 0 1 0 2 1 1 1 2 4 1 2 0 2 0 1 1 0 0 1 1 1 1 1
0 0 1 1 1 2 1 2 3 0 1 3 4 2 0 1 2 2 0 0 0 1 1 1 0 1 1 1 0 0 1 1 0 1 3 1 0 0 2 1 1 3 0 2 1 0 0 0 0 1 0 1 2 4 1 1 1 0 2 1 0 0 0 0 1 0 2 0 1 1 3 1 0 0 1 2 4 0 1 2 1 0 2 0 0 0 2 1 1 0 1 0 1 1 2 1 0 0 1 1 2 2 0 0 0 0 1 1 0 1 1 1 0 0 0 1 2 1 2 2 0 1 0 2 1 0 0 0 0 1 1 0 1 0 1 1 1 0 2 1 2 1 5 1 0 1 2 3 0 2 0 1 1 1 3 0 2 0 0 0 0 1 1 0 0 2 2 4 1 0 0 0 1 1 0 2 0 3 1 0 3 0 2 1 1 2 1 0 1 2 1 3 4 2 0 0 0 0 1 0
1 0 1 0 1 1 1 1 0 1 0 0 1 1 1 0 0 1 1 0 1 0 1 1 1 1 4 1 0 3 0 0 1 1 0 0 0 1 1 1 0 0 0 0 1 1 1 1 1 0 0 1 1 0 1 0 1 1 0 1 0 1 1 1 1 1 3 0 1 0 0 0 1 1 0 0 2 0 0 1 1 1 0 1 1 2 1 1 0 1 1 2 0 0 0 3 0 0 0 0 1 1 2 2 2 0 2 1 1 0 1 0 1 1 0 0 2 1 1 3 1 1 0 1 0 1 1 1 1 0 2 2 2 2 1 1 0 0 0 3 0 1 1 3 1 0 1 3 0 1 5 2 4 1 0 1 1 1 4 1 1 1 1 0 0 0 1 0 1 0 1 2 0 0 0 0 1 3 2 1 1 3 1 1 1 0 2 0 1 1 3 0 1 1 1 1 1 1 0 2
0 0 3 3 1 1 1 1 0 0 2 1 0 0 0 0 2 0 0 1 1 1 0 0 0 2 0 1 0 0 1 2 1 0 0 2 0 3 0 0 0 1 1 1 1 0 0 0 0 3 2 2 0 2 0 1 4 1 1 1 1 0 2 3 1 1 0 0 1 0 1 1 0 3 0 0 0 1 2 2 0 0 0 2 0 4 0 1 2 2 2 0 3 0 0 0 1 0 1 1 3 0 0 0 2 0 2 1 2 0 0 1 2 0 0 0 0 1 1 3 0 1 1 1 0 0 1 3 1 0 1 0 1 0 2 2 1 0 1 0 0 3 2 0 1 2 3 1 2 1 2 1 0 1 0 0 1 2 2 1 1 1 2 2 0 1 0 1 0 1 0 2 0 2 0 1 2 0 1 1 0 0 1 1 2 0 0 0 2 0 1 0 0 0 1 1 0 1 1 0
1 1 3 1 1 0 1 1 0 0 2 2 2 3 0 1 0 1 1 0 1 1 0 0 0 0 0 2 1 1 1 0 0 1 1 0 2 1 0 0 2 0 0 0 2 0 1 1 0 0 0 0 3 0 1 0 1 2 0 1 2 2 1 0 1 0 2 1 0 1 1 1 0 1 0 1 0 1 0 0 0 0 0 3 0 2 0 0 1 0 1 0 1 1 0 1 2 4 2 2 0 1 1 1 0 2 2 2 4 0 3 1 1 0 2 1 0 2 3 0 0 0 1 1 1 1 2 0 0 2 2 2 0 0 2 1 1 0 2 0 2 1 2 0 1 3 1 1 1 3 2 1 1 2 2 1 1 1 2 0 0 0 1 1 0 2 0 0 1 1 1 0 0 1 0 1 1 1 8 1 0 0 1 1 1 1 0 0 2 0 1 1 5 2 2 0 0 1 0 0
2 0 0 2 2 0 1 2 1 0 0 2 0 0 1 1 1 2 1 1 0 1 0 0 0 0 0 1 0 2 1 1 0 0 1 1 3 0 0 1 0 1 1 1 1 0 0 0 0 1 1 1 1 0 1 2 0 0 2 0 0 1 1 0 0 1 3 2 0 0 1 0 0 2 1 0 1 0 2 0 4 2 3 1 1 1 1 0 1 1 1 1 1 1 1 1 1 1 2 2 2 0 1 1 0 1 1 1 3 2 2 1 1 1 4 1 1 0 1 0 1 4 1 0 1 2 2 1 1 0 1 0 0 1 1 2 1 1 0 1 2 1 0 1 2 0 0 1 0 2 1 1 4 1 1 2 1 2 0 0 0 0 1 0 0 2 0 0 1 1 0 1 1 6 1 7 0 0 1 1 2 0 1 0 1 0 0 0 1 0 2 3 0 1 0 1 0 0 2 2
2 1 2 0 1 1 1 3 1 0 0 0 1 1 0 0 1 1 2 1 1 1 2 0 0 0 0 2 0 0 3 1 0 1 5 0 1 2 0 1 0 1 1 1 1 3 1 0 0 1 1 4 1 0 1 0 0 0 0 0 2 2 0 0 1 1 0 2 3 1 0 0 1 0 3 0 0 0 1 1 0 1 2 2 0 0 2 0 2 2 2 0 1 1 1 2 0 1 1 2 2 0 5 0 0 0 0 1 0 3 0 0 1 0 1 2 0 0 1 1 1 1 1 0 0 0 1 0 0 0 1 1 0 0 3 1 3 1 2 1 0 1 5 1 0 0 1 0 0 1 1 0 0 0 0 2 0 0 0 2 2 0 0 0 1 0 0 2 0 4 0 1 1 1 0 0 0 1 0 2 1 0 4 0 0 4 1 0 1 1 1 2 2 2 1 1 1 1 1 0
2 1 2 1 1 0 1 0 1 1 0 1 0 1 1 0 0 2 1 0 1 4 0 0 0 0 0 0 1 0 0 1 2 0 1 1 1 0 3 0 3 1 2 1 0 1 0 2 1 1 1 1 0 0 1 2 5 0 3 0 0 3 0 0 1 0 0 1 1 3 3 2 0 2 4 0 2 1 0 2 0 0 0 4 1 1 1 0 1 1 0 1 0 2 2 0 0 3 2 1 0 1 0 2 1 1 2 3 1 1 0 1 0 1 1 3 0 2 1 1 1 0 0 5 1 0 1 1 0 1 1 1 0 1 3 2 1 3 0 0 1 0 1 3 2 3 0 0 0 1 2 1 2 0 1 0 0 1 0 1 0 1 1 1 1 2 2 3 0 1 3 1 1 1 1 0 1 1 1 2 0 0 2 0 1 2 1 1 1 1 3 0 0 0 0 0 0 0 2 1
1 1 0 1 0 4 0 2 1 0 0 1 0 3 0 2 0 1 0 0 1 1 1 2 1 2 0 0 0 1 0 1 0 1 1 1 0 0 0 1 1 2 2 0 0 0 1 2 0 1 1 2 1 0 0 0 1 1 1 0 1 0 2 2 2 4 1 1 0 2 0 1 2 0 1 2 1 1 1 0 0 1 1 0 2 2 1 0 0 0 1 1 0 1 0 0 0 0 1 1 1 1 0 1 0 0 2 0 1 0 1 2 1 1 1 2 1 0 2 2 0 0 0 2 2 3 1 1 1 0 1 0 2 2 0 1 0 1 0 0 0 2 1 1 0 2 1 0 0 2 1 1 0 1 1 1 2 0 0 0 2 1 1 1 0 1 1 1 0 0 0 1 2 2 2 2 2 1 1 0 2 2 2 1 0 1 1 0 0 0 0 1 0 0 0 2 0 1 0 1
1 1 0 2 1 1 0 0 0 3 3 0 1 0 0 3 3 2 2 1 0 0 0 1 0 0 1 0 0 0 1 1 2 0 3 2 0 0 0 0 1 0 1 2 1 0 1 0 2 5 1 1 0 1 1 0 2 4 0 0 1 1 1 0 5 1 1 1 0 1 2 1 1 1 2 1 3 1 0 0 1 0 1 0 0 1 0 0 1 0 1 3 1 1 0 1 2 0 1 1 1 1 0 1 1 0 2 1 1 2 0 1 0 2 0 1 2 0 1 2 0 1 1 1 3 2 0 0 0 2 1 3 3 0 0 0 3 1 2 1 1 1 0 0 0 0 1 1 0 2 0 0 2 2 0 1 0 0 1 2 1 0 0 1 0 0 1 0 2 0 0 1 1 5 2 0 2 0 0 0 1 1 0 3 1 1 2 2 1 0 0 0 1 1 2 0 3 1 1 1
2 2 1 2 0 1 0 0 3 1 3 0 0 0 5 1 0 1 0 2 0 3 0 1 2 0 0 1 0 0 1 1 1 0 0 0 2 0 3 1 1 0 1 2 1 0 1 1 0 6 1 0 2 2 1 1 2 1 0 0 3 1 0 0 2 1 0 1 1 2 0 0 1 1 1 2 2 0 4 0 1 0 0 1 1 2 1 0 2 1 2 0 2 0 1 1 2 1 2 1 2 0 1 0 1 2 1 0 1 1 0 0 2 2 2 1 3 2 1 0 1 1 2 2 1 1 4 2 0 1 2 2 0 0 0 1 2 0 0 1 0 0 0 1 3 1 3 4 1 0 0 1 2 3 0 0 1 0 0 1 1 0 2 4 1 1 1 1 1 1 1 1 0 1 2 1 1 0 2 1 1 2 0 1 0 0 0 0 3 0 0 1 0 1 0 0 1 1 0 2
1 1 1 1 0 2 1 1 1 1 0 0 1 0 0 2 1 2 2 1 1 0 1 1 1 3 0 0 1 1 0 0 1 0 2 0 1 1 0 1 1 0 0 0 1 0 1 2 2 1 2 1 0 2 3 2 1 1 1 0 2 0 0 2 1 2 0 1 0 0 0 3 1 0 0 1 1 0 3 0 1 2 1 1 0 2 2 2 3 1 1 1 2 1 2 2 1 0 0 0 3 0 0 0 0 1 1 0 0 1 1 3 1 1 1 1 3 1 1 0 2 1 0 1 0 1 1 1 0 2 1 2 1 1 1 1 0 1 1 0 0 0 1 2 0 0 2 0 1 1 1 2 2 0 0 2 1 1 1 1 1 1 1 4 1 0 1 1 1 0 1 2 1 0 0 0 2 2 0 2 0 1 0 1 0 1 2 1 1 0 0 0 2 1 1 2 1 1 3 0
0 0 1 1 1 1 0 0 0 1 1 0 1 1 1 0 0 1 0 1 1 0 2 0 1 1 1 1 1 1 0 0 1 3 1 2 0 4 1 0 0 2 2 0 3 2 1 2 3 0 1 1 0 1 2 1 0 1 1 3 3 1 0 1 1 1 2 1 0 2 0 0 0 0 1 2 1 4 2 0 1 3 1 2 2 1 1 0 2 0 0 1 0 5 1 1 2 1 1 0 1 0 0 1 2 3 1 1 1 2 2 0 1 0 1 0 1 1 2 0 0 0 2 0 0 1 1 0 2 0 1 1 0 2 1 2 0 0 1 3 1 0 0 1 1 2 0 2 1 2 0 1 1 0 3 3 1 0 0 1 1 0 1 1 1 1 1 0 1 1 1 2 1 0 2 1 1 2 1 0 0 0 2 0 1 0 1 1 0 1 1 1 1 1 1 1 0 1 2 2
0 2 0 0 0 2 1 0 0 0 1 2 2 1 0 1 0 0 1 4 0 1 1 0 0 0 2 0 2 1 1 1 0 1 0 2 1 3 0 0 1 1 0 4 0 0 2 2 0 1 0 1 0 0 0 0 1 1 0 3 0 0 2 2 1 1 0 2 1 1 2 0 2 2 1 1 0 2 0 0 0 0 0 0 0 1 0 1 1 0 2 0 1 0 2 1 1 0 1 0 0 1 1 0 2 2 1 2 0 1 1 1 0 0 1 0 1 0 0 1 0 0 1 0 0 1 0 1 1 1 4 1 1 1 0 0 1 1 0 0 0 2 0 3 1 0 0 0 1 2 1 0 4 0 2 0 3 2 1 0 3 1 2 0 0 5 1 2 0 2 0 0 1 0 1 1 0 0 1 0 1 1 1 1 1 0 2 2 0 2 1 1 1 1 0 0 0 1 1 1
0 1 3 1 1 0 2 0 2 2 1 2 0 1 1 0 1 0 1 0 1 1 0 1 0 1 0 1 0 0 0 3 1 0 2 1 1 1 1 1 1 1 0 1 0 2 1 0 2 0 3 1 1 1 1 1 1 0 0 1 1 1 3 1 3 0 3 1 1 2 1 0 1 0 1 1 1 0 2 1 1 1 0 0 2 1 0 1 1 0 1 0 0 2 1 2 1 0 2 0 1 0 1 3 0 3 0 1 2 0 0 0 1 1 0 0 1 1 1 2 1 0 2 0 1 2 1 1 2 2 3 0 0 0 0 1 0 0 1 1 0 3 0 2 0 0 0 0 1 0 0 0 0 2 0 1 0 1 1 1 1 0 1 1 0 4 0 0 0 1 3 1 1 0 1 0 2 0 2 1 1 2 0 0 2 0 0 1 1 0 0 2 1 1 3 0 1 1 2 0
2 2 0 1 5 0 1 1 2 0 0 3 1 1 0 0 0 1 2 0 3 0 0 1 1 5 1 1 3 0 2 1 0 2 0 2 1 1 2 0 0 1 0 0 2 1 1 4 0 0 2 0 2 0 0 0 0 2 0 1 2 0 1 1 1 1 0 0 3 1 0 2 3 0 1 3 0 1 1 1 2 1 0 0 0 1 0 0 2 1 0 2 0 2 0 0 2 1 1 1 0 1 1 1 0 0 0 0 2 1 1 2 1 1 1 3 0 1 1 0 2 0 0 2 2 0 1 1 2 0 2 0 0 1 1 1 0 0 0 1 2 1 0 1 4 0 0 0 0 5 2 0 1 1 1 4 0 0 1 0 2 2 1 0 2 0 1 2 0 3 0 1 0 1 2 0 1 1 2 1 1 3 1 0 1 2 2 1 0 2 1 0 0 0 1 1 1 0 2 0
0 1 0 0 1 2 0 1 2 0 0 1 2 0 1 2 1 0 0 2 1 0 2 0 1 0 1 1 2 0 0 2 2 1 2 0 0 1 0 1 0 0 0 1 2 0 0 1 1 2 2 0 1 3 1 0 0 0 1 0 0 1 1 0 2 0 1 0 1 0 1 1 0 1 1 2 1 1 2 0 0 1 1 3 0 3 1 0 1 1 0 0 1 2 3 1 1 2 3 1 2 1 0 0 1 1 1 1 1 4 1 1 0 0 0 1 1 0 1 0 1 2 0 0 2 1 1 1 2 0 0 1 1 3 3 1 0 0 0 1 1 1 1 1 1 0 0 1 1 0 1 0 0 3 2 1 1 2 1 0 2 1 2 0 1 0 1 3 2 0 1 1 0 0 1 1 2 1 0 0 0 1 1 2 1 1 1 2 1 0 0 1 2 3 1 1 1 1 0 1
1 0 2 1 3 3 1 0 1 0 1 1 0 0 1 1 1 3 2 1 0 0 0 2 3 1 1 0 0 2 1 0 1 1 1 0 0 1 0 1 0 0 0 0 1 0 1 2 1 1 2 0 3 0 4 1 1 1 0 1 0 1 0 3 1 2 0 0 0 0 0 1 0 0 0 0 0 1 1 3 1 0 0 1 1 1 0 1 1 2 1 1 2 0 1 1 0 2 2 2 2 1 1 1 0 2 0 4 2 1 1 1 1 1 1 1 1 1 1 0 0 0 0 1 0 0 1 1 1 0 1 5 0 1 4 0 1 1 1 2 1 1 0 1 1 1 0 2 0 2 0 2 2 1 1 0 0 2 2 1 2 2 0 1 0 0 4 1 0 0 2 1 1 1 2 3 1 1 2 1 0 0 0 1 1 1 2 1 2 0 1 0 1 2 0 1 0 3 0 0
0 1 1 0 2 0 1 1 0 1 3 1 2 0 3 1 1 2 1 1 0 1 3 1 0 2 0 0 0 0 1 4 3 1 1 1 1 0 0 1 0 2 1 0 1 1 1 3 0 0 0 2 0 1 0 3 1 0 1 0 1 1 3 0 1 2 4 1 0 2 1 1 1 1 2 2 1 1 2 0 3 1 0 1 1 1 1 3 1 1 1 0 3 3 1 2 0 0 0 0 0 0 0 1 1 2 1 0 1 1 1 4 2 1 2 0 1 1 1 2 0 0 0 3 1 0 1 2 0 0 1 1 1 2 1 1 0 1 0 1 0 3 0 1 3 1 0 1 1 2 1 0 1 0 1 2 1 1 0 0 1 1 0 1 0 3 1 1 2 3 1 0 2 1 0 1 1 0 0 3 2 0 1 2 2 2 4 0 1 0 1 0 1 0 2 1 2 2 0 0
0 1 1 3 2 1 3 0 1 3 1 0 0 0 1 0 0 3 0 2 2 1 0 0 0 0 3 0 0 3 0 1 0 1 2 0 0 0 0 3 0 1 1 1 1 1 0 2 2 2 1 1 3 1 2 0 1 0 0 1 1 0 1 1 1 1 0 1 1 0 0 1 1 1 2 2 0 2 3 1 2 2 0 1 2 0 1 0 2 1 1 2 0 1 0 0 2 0 1 1 1 0 0 0 0 0 1 2 0 0 0 0 1 0 3 1 1 0 1 1 0 1 0 4 0 1 1 0 1 1 2 0 2 2 0 2 1 1 1 2 1 0 0 0 0 1 1 1 2 2 4 1 0 0 1 0 3 2 1 0 1 0 0 0 2 1 0 2 0 0 1 0 1 0 1 0 0 0 1 1 0 1 1 2 0 1 1 1 0 1 2 2 0 0 1 1 0 0 2 1
0 3 3 1 0 0 0 0 0 2 0 0 0 0 0 1 4 1 1 1 1 1 0 0 1 1 0 1 0 1 1 0 0 1 0 1 1 1 3 0 1 2 0 1 0 0 0 1 1 0 0 1 3 1 0 1 3 0 2 0 0 1 0 0 0 2 0 2 3 1 0 1 1 0 1 1 1 0 1 0 0 0 2 1 0 1 2 0 0 2 2 2 0 1 0 1 0 0 0 0 1 0 0 1 0 0 1 0 2 0 1 0 1 1 0 0 0 0 4 1 0 1 1 1 2 0 1 1 0 0 1 2 2 0 1 2 0 1 1 0 2 0 2 1 1 1 0 0 1 1 1 2 4 1 0 1 1 1 1 1 1 2 2 1 1 2 2 3 1 2 0 1 2 2 0 0 2 0 0 0 0 0 3 1 1 1 1 1 3 1 0 1 1 1 1 0 1 3 2 0
0 0 1 0 0 2 0 1 0 2 0 1 0 1 0 0 2 0 2 1 1 0 0 2 0 0 3 1 1 1 1 0 1 1 0 0 0 0 0 1 0 1 4 0 2 3 0 1 2 1 1 1 2 2 1 1 0 1 1 0 0 1 2 1 2 1 1 0 0 0 0 2 1 1 2 1 0 1 1 1 1 0 3 1 0 1 2 2 1 1 2 0 1 1 0 0 0 3 0 0 0 1 0 0 0 0 0 2 0 3 2 0 3 1 1 0 0 0 1 2 1 2 0 2 1 1 1 1 1 1 1 2 1 0 1 1 1 2 0 1 1 2 1 1 1 1 1 1 1 2 0 0 0 0 1 1 1 3 2 2 1 2 1 1 0 1 0 1 1 0 1 1 2 0 2 1 0 0 0 1 6 2 2 0 1 1 1 2 0 1 0 3 2 2 1 2 0 1 1 0
2 2 1 4 0 2 0 1 0 1 2 1 0 0 0 1 3 1 0 0 3 0 1 0 1 1 1 2 0 0 0 2 1 1 1 0 0 2 1 2 1 0 2 0 1 1 0 1 0 0 0 3 1 3 0 0 2 1 2 0 0 0 2 0 0 1 1 0 1 0 1 0 0 2 0 1 1 1 1 0 2 1 1 0 0 3 2 1 0 1 0 0 3 1 0 0 1 0 0 1 0 0 0 3 0 1 1 0 1 1 0 1 0 0 0 2 0 2 0 1 1 0 1 1 0 1 0 0 1 1 0 0 2 1 0 1 1 1 1 2 1 0 2 1 0 0 0 1 0 0 0 0 1 0 1 0 0 0 1 2 1 1 1 0 0 0 1 1 0 0 1 2 0 1 1 1 1 2 1 0 0 2 2 0 2 0 1 1 0 1 2 0 0 1 1 0 1 1 0 1
1 1 2 1 1 1 1 0 1 0 2 1 0 0 0 2 1 1 3 4 0 0 1 0 1 1 2 2 1 1 0 2 0 0 0 0 0 1 1 0 4 2 0 1 1 0 1 1 0 4 1 1 2 1 3 1 1 0 0 0 2 0 1 1 0 0 1 0 3 1 0 2 2 1 2 1 1 1 1 2 1 1 1 0 0 1 0 1 2 3 0 2 1 0 0 0 1 2 1 4 0 0 1 2 2 3 0 1 1 2 0 0 0 0 0 2 0 3 1 1 1 0 0 1 0 1 1 0 0 2 0 1 1 1 1 0 1 2 2 1 1 2 1 1 1 0 1 0 0 0 0 5 0 1 3 2 1 0 2 2 2 0 0 0 1 1 0 1 0 1 0 1 0 0 1 1 1 0 1 1 1 0 1 1 1 1 0 1 0 0 2 0 1 3 1 1 0 0 1 0
1 1 1 0 0 1 2 1 1 0 4 1 0 0 0 2 1 0 0 1 2 0 1 0 1 1 1 0 2 2 0 0 4 1 0 1 0 0 1 1 0 0 1 0 1 0 1 0 0 1 1 1 1 0 2 1 1 0 0 1 0 0 0 2 0 3 0 1 1 1 0 2 1 0 1 1 0 1 1 2 2 0 1 1 1 1 0 0 0 5 1 1 2 0 0 3 1 0 0 0 1 0 0 1 0 2 1 3 0 0 2 1 0 0 1 0 1 1 0 0 1 0 0 1 1 1 4 1 2 2 2 1 0 2 2 2 1 0 0 0 1 1 2 2 0 0 0 1 4 1 0 4 1 0 0 0 1 2 0 1 1 1 0 3 2 0 0 0 2 0 0 3 0 2 2 1 1 3 1 0 4 0 0 0 4 0 1 1 0 1 4 1 1 0 0 1 0 2 1 4
1 0 1 1 1 1 1 2 2 0 1 1 1 0 0 1 0 3 0 1 1 1 1 2 1 1 0 0 1 1 1 3 0 0 2 2 1 1 1 0 2 1 1 1 0 1 3 1 1 0 1 3 3 1 1 1 1 2 1 1 3 1 1 1 2 2 1 0 1 1 0 1 3 1 0 1 1 0 2 0 1 2 0 1 2 2 0 1 0 3 1 1 1 0 1 1 0 1 1 1 1 2 1 0 0 0 1 1 2 3 0 2 1 1 0 1 0 0 1 0 0 0 0 0 4 0 0 1 0 3 1 0 1 1 0 1 1 4 0 0 1 4 2 3 1 1 1 1 0 1 0 0 1 2 0 0 1 1 1 0 0 1 0 0 1 1 1 0 3 0 2 2 0 0 1 0 2 1 2 0 1 4 0 1 2 1 1 1 0 0 2 2 0 0 1 3 0 2 2 0
0 1 1 0 1 0 0 0 0 0 3 2 0 1 2 1 0 1 0 0 0 1 0 0 0 3 1 0 0 0 0 2 0 2 1 0 0 1 1 0 3 1 0 0 1 0 1 0 1 2 0 1 0 2 2 1 2 1 1 1 0 3 0 1 0 1 0 0 0 1 2 0 1 0 2 0 1 1 0 1 0 1 1 1 1 1 1 0 2 0 2 1 0 0 1 1 0 0 1 0 1 0 0 0 0 2 0 2 1 1 2 1 0 1 3 1 3 1 1 0 0 0 1 1 2 0 4 1 1 0 0 1 2 0 2 1 0 1 1 0 1 3 0 0 1 1 2 0 0 1 3 0 1 2 0 1 0 1 0 1 1 1 0 1 2 0 0 1 1 0 2 2 3 1 1 2 0 0 1 0 1 1 1 1 1 0 0 0 2 0 1 2 0 0 0 1 1 1 0 0
0 1 1 1 0 0 1 3 0 2 0 1 0 1 0 2 0 0 0 2 0 1 0 1 0 1 0 1 1 1 1 1 2 1 1 0 1 1 0 0 0 0 1 1 3 1 0 1 0 1 2 1 0 0 0 1 0 1 2 1 0 1 3 1 1 2 1 2 0 0 0 2 1 1 1 1 2 0 2 2 0 1 0 0 1 2 3 0 0 2 2 0 0 1 1 0 0 2 3 1 0 3 0 0 1 1 2 0 1 0 0 1 2 2 0 1 1 2 4 2 2 1 0 1 0 0 1 2 1 0 1 1 1 0 0 3 1 0 1 0 1 0 1 1 2 2 0 2 2 1 0 1 1 1 2 0 1 2 1 1 1 1 1 1 0 0 0 2 0 0 1 0 1 0 1 0 3 0 1 0 1 2 0 0 0 0 0 0 2 0 0 1 1 2 0 2 0 1 1 1
1 0 3 1 2 0 2 0 0 1 0 1 0 0 2 1 1 0 0 1 0 1 0 1 0 0 2 2 0 1 2 2 2 0 4 1 2 3 2 1 1 1 1 0 1 0 1 0 0 0 0 1 1 1 0 2 0 0 0 0 1 0 1 0 1 1 0 0 1 1 0 1 2 0 2 3 1 1 1 0 0 0 0 0 0 1 1 1 1 1 2 0 1 0 1 0 0 1 0 1 2 0 1 2 1 1 2 1 0 0 1 2 1 0 0 0 1 1 2 3 2 0 1 3 3 2 1 0 2 5 0 1 2 0 1 0 2 0 0 1 1 1 1 2 0 2 0 1 5 3 2 1 0 2 2 2 1 0 0 1 2 1 1 0 1 2 1 2 1 1 2 1 1 4 2 0 1 1 0 1 0 2 0 1 3 2 1 2 0 0 3 1 0 0 0 2 1 1 1 0
0 1 1 0 0 0 1 0 0 0 0 1 1 2 1 0 0 1 1 1 0 1 0 0 0 0 1 0 2 0 2 3 0 2 0 1 1 0 2 1 2 0 0 0 1 1 0 0 0 1 2 2 2 0 0 0 0 1 1 0 1 0 1 0 0 0 0 0 0 0 1 0 1 1 0 1 1 2 0 0 1 3 1 0 1 3 2 1 2 0 1 1 1 1 1 2 0 3 1 3 1 1 2 3 2 1 1 1 3 2 0 2 0 0 0 0 1 2 1 0 0 2 1 0 0 0 3 0 0 1 0 1 0 0 0 2 0 2 0 0 3 0 0 0 2 1 1 0 2 1 0 1 0 0 1 1 1 1 0 0 1 0 2 0 2 2 0 1 3 1 0 0 1 1 1 1 0 0 0 0 1 0 1 4 1 0 0 1 2 1 1 2 0 1 4 1 1 1 1 3
0 0 0 0 1 1 0 1 1 1 1 0 0 2 0 0 1 0 1 0 1 0 3 0 1 1 1 1 5 6 1 0 1 0 0 2 1 0 2 0 1 0 4 1 0 2 1 0 1 0 0 1 0 0 1 2 1 1 2 0 1 1 0 1 2 0 0 0 0 0 1 1 5 2 0 0 3 1 0 0 1 1 2 0 1 2 1 0 1 3 0 0 0 1 2 1 1 0 1 1 1 0 2 2 1 0 1 1 1 0 1 1 1 0 1 2 0 0 1 1 2 0 2 2 1 2 2 2 0 2 1 1 1 1 1 1 1 1 2 1 2 0 1 2 1 1 0 0 1 1 1 3 1 2 2 2 1 2 1 1 1 4 1 1 1 2 2 0 1 0 1 0 1 0 0 0 2 1 1 4 1 1 2 1 0 1 1 0 2 0 1 1 0 3 4 0 0 0 0 2
1 1 3 1 0 1 0 0 2 0 0 0 0 0 1 2 1 2 0 2 0 0 2 0 1 1 1 1 1 1 2 1 0 3 2 2 2 0 1 0 1 0 1 1 1 0 2 0 2 0 0 0 1 1 1 0 3 0 1 1 0 2 1 0 0 1 1 1 0 0 0 1 1 0 1 0 1 1 0 0 1 2 0 3 0 0 1 1 0 1 1 2 0 0 1 0 1 2 0 0 0 1 1 0 1 1 0 2 1 0 2 0 1 1 1 1 2 0 1 1 0 0 2 1 0 0 0 2 2 0 1 1 1 1 1 2 0 1 3 1 2 1 2 1 2 3 3 0 0 2 0 2 1 0 0 0 0 0 1 1 3 1 1 1 0 1 0 0 1 0 1 1 4 1 1 1 2 1 0 1 3 0 0 0 0 1 0 2 1 2 0 2 1 0 0 0 0 1 1 1
0 1 1 0 0 4 0 2 1 0 3 0 1 1 3 0 0 2 1 2 1 1 2 0 1 4 1 2 1 0 1 1 1 1 0 0 0 2 1 1 1 3 1 1 3 1 1 1 2 1 0 0 2 1 0 0 1 1 0 0 0 0 0 0 0 0 0 1 0 1 1 0 2 1 1 2 1 1 0 0 0 3 1 1 0 2 3 1 4 0 0 4 1 1 0 1 0 3 0 1 1 3 0 1 1 1 1 1 1 1 0 1 0 1 1 1 1 2 0 0 1 1 1 3 1 0 0 0 0 1 1 1 0 3 2 2 3 0 2 1 0 0 0 0 0 0 1 0 0 0 1 0 0 2 2 1 0 0 2 2 0 1 2 0 2 1 0 0 0 1 1 0 0 0 0 1 1 0 1 1 3 0 0 1 1 0 0 2 0 0 2 2 1 0 0 0 1 1 1 0
1 1 4 3 1 0 0 2 1 0 0 2 0 0 0 1 1 0 1 0 2 1 0 3 1 1 0 1 0 2 0 0 0 1 2 1 3 0 3 3 2 1 2 1 3 0 0 1 2 0 1 2 0 1 1 1 2 0 1 2 0 3 2 1 1 1 0 0 0 0 2 3 0 0 3 0 0 2 4 1 0 0 2 1 0 1 1 0 0 1 1 1 1 2 0 0 0 3 0 1 0 1 1 1 0 1 0 0 0 1 3 4 1 0 1 1 1 1 1 0 1 1 2 0 1 0 1 1 1 1 1 0 0 0 2 1 0 0 2 0 1 0 0 1 1 1 1 2 1 0 2 0 3 1 2 0 1 3 1 0 0 0 1 1 1 0 2 0 0 2 1 3 1 0 0 2 0 0 0 1 1 2 1 0 1 0 1 1 0 3 1 0 1 0 1 0 1 0 0 1
1 0 1 0 0 0 0 1 0 2 2 1 1 1 3 0 2 2 3 0 4 0 2 0 0 0 0 0 1 2 2 1 0 1 0 3 0 1 1 1 2 3 1 0 1 2 0 1 0 0 1 1 1 0 1 1 1 1 1 0 4 1 1 0 2 0 2 0 0 0 0 1 0 1 3 1 0 2 1 4 1 3 0 2 0 1 2 1 1 0 1 0 2 0 1 3 1 0 1 0 0 1 1 0 1 0 1 1 3 1 0 0 1 0 0 1 1 1 1 0 0 0 2 0 1 1 0 2 1 0 0 0 2 2 1 1 1 0 1 0 2 0 2 1 2 0 1 0 0 0 0 1 2 0 2 2 1 1 0 1 1 0 1 2 1 0 0 3 1 1 3 0 2 1 1 0 2 5 2 1 1 1 0 1 1 1 0 0 0 2 0 3 0 0 2 3 0 1 1 1
2 1 4 0 1 1 1 2 0 1 0 0 1 0 4 1 2 1 1 1 1 1 0 1 1 1 1 0 1 1 3 2 0 1 0 1 4 0 2 0 1 0 3 2 1 2 0 0 0 1 1 0 1 1 0 0 1 2 0 4 0 0 0 0 0 1 2 0 1 1 2 1 0 1 4 1 1 2 1 1 1 1 3 1 1 1 0 2 1 1 0 1 2 2 0 3 3 1 0 1 1 0 0 1 0 0 0 2 0 1 2 0 0 0 3 1 2 1 1 0 0 0 0 2 1 3 0 0 0 2 0 0 0 0 2 1 2 0 0 1 0 0 1 2 0 0 1 0 1 1 1 1 1 0 2 1 2 1 0 2 0 0 0 1 0 1 0 0 0 1 0 1 1 0 0 1 0 0 1 1 2 1 0 1 0 1 2 2 0 3 0 1 0 1 0 2 2 2 2 1
1 1 0 1 1 0 1 0 0 1 1 1 0 1 1 3 2 0 0 1 1 0 1 0 2 0 2 0 0 1 2 1 0 1 0 0 1 3 0 1 1 0 1 1 1 1 1 2 0 2 0 0 1 1 0 0 1 1 0 1 0 1 1 0 0 1 0 4 0 0 3 1 1 0 1 1 2 0 0 2 1 1 1 2 1 0 0 1 0 0 2 1 1 3 2 0 1 1 0 2 1 1 1 1 1 0 2 0 1 0 3 0 1 1 0 0 2 2 1 1 1 0 0 0 1 2 0 0 3 1 0 1 0 0 2 2 0 0 1 0 0 1 1 1 1 2 0 2 1 0 3 1 1 1 0 2 0 2 2 2 1 2 0 2 1 1 2 1 1 0 1 1 0 0 1 1 1 1 0 1 1 0 1 2 2 0 2 1 2 0 2 0 2 1 3 5 1 0 0 0
0 0 2 1 1 0 1 0 3 1 0 1 1 2 1 3 3 0 0 1 1 1 4 1 0 0 5 1 2 2 1 0 1 1 0 0 1 1 1 3 0 2 1 1 1 2 0 0 0 1 3 1 2 1 1 1 0 2 1 3 0 0 0 1 1 1 0 0 0 1 1 4 0 0 1 0 1 1 2 3 1 1 1 2 1 2 0 0 0 0 1 2 0 1 0 0 0 0 1 1 1 0 2 0 0 2 0 1 1 1 2 2 0 3 2 1 0 0 1 1 0 2 1 1 1 1 0 0 1 1 0 0 0 4 0 0 3 1 0 0 0 3 1 3 0 0 1 1 1 0 0 1 1 2 3 1 1 0 1 1 1 0 1 1 3 0 0 1 0 1 1 1 0 0 1 1 2 3 3 2 1 1 0 1 4 0 0 0 1 3 1 1 1 0 1 0 1 1 2 4
1 2 1 2 0 2 1 1 1 0 1 1 3 1 1 0 0 1 0 0 0 1 1 2 0 0 0 1 4 1 1 1 1 0 2 0 1 0 0 0 1 1 0 0 2 1 1 0 1 1 0 1 0 1 2 1 2 0 1 1 1 1 0 1 1 0 0 1 1 1 0 2 1 2 1 1 1 2 2 0 3 1 1 0 2 1 1 0 2 0 0 1 1 1 0 0 1 0 0 1 0 2 3 0 2 1 2 1 2 3 0 1 1 1 0 0 1 0 0 1 3 0 0 2 2 2 1 2 0 0 1 0 2 1 0 0 0 2 0 1 1 0 0 1 1 0 1 2 2 2 1 0 0 0 0 0 2 0 0 0 1 0 0 1 0 0 0 0 0 1 1 0 0 2 0 0 1 0 1 0 0 2 1 2 1 2 1 0 0 1 1 0 1 1 0 1 3 0 1 2
0 1 0 1 0 1 2 3 0 1 3 0 0 1 1 1 1 1 2 1 2 0 1 0 2 0 3 1 0 0 1 1 0 0 0 1 0 1 0 2 1 2 0 0 1 1 2 0 1 2 1 0 1 1 0 0 1 1 0 0 0 2 1 2 1 1 1 1 0 0 0 0 0 1 2 0 0 0 1 2 0 0 2 0 1 0 2 2 0 1 2 1 0 1 2 1 3 1 4 2 1 0 1 1 3 0 0 0 1 0 0 1 2 0 2 0 1 1 1 3 0 2 1 1 1 1 1 0 1 1 1 0 1 1 0 0 0 0 0 1 0 0 1 2 1 0 1 1 2 1 1 1 0 1 1 0 0 2 0 2 0 5 1 0 0 1 1 4 0 1 0 1 3 2 2 2 2 0 1 0 2 2 1 0 1 0 1 0 0 0 0 1 1 0 0 2 4 1 1 1
2 0 1 1 1 0 0 0 0 1 0 3 2 0 0 0 2 0 1 0 1 1 1 1 0 0 0 0 0 0 0 3 3 1 1 0 1 0 1 0 0 0 0 1 1 1 1 0 0 0 1 0 2 0 4 1 3 1 0 0 1 2 2 0 0 0 3 2 2 1 2 1 0 2 0 2 0 0 1 1 0 2 0 3 0 1 1 2 1 0 0 0 0 0 2 1 1 2 3 1 3 1 0 3 0 1 2 1 0 0 3 1 1 1 0 2 1 0 1 0 2 1 0 1 1 1 1 1 1 1 0 4 1 0 0 0 3 1 1 0 1 1 2 1 2 1 0 0 0 0 0 1 0 0 1 0 1 0 1 2 0 1 0 0 0 0 2 2 1 0 1 0 0 0 1 3 2 1 2 0 0 3 3 1 0 0 2 1 1 0 1 0 1 1 0 1 1 1 0 1
0 1 1 2 0 0 0 2 4 0 1 0 0 1 0 0 0 0 2 0 0 0 1 2 0 2 0 1 1 3 2 3 0 1 2 0 0 1 1 0 0 0 2 0 3 0 0 1 1 1 0 0 0 4 0 0 0 1 0 1 0 1 0 0 0 0 1 1 3 1 0 2 1 1 1 1 0 0 0 1 3 2 2 1 0 2 0 1 1 1 0 0 0 0 3 1 2 3 1 0 0 0 0 1 0 0 0 3 1 1 0 2 3 0 1 0 0 4 1 2 0 1 0 1 1 0 0 3 0 0 2 0 1 0 3 2 1 0 1 0 0 0 1 1 0 1 3 0 1 1 0 1 1 0 3 1 2 0 5 2 1 1 0 2 1 1 1 2 0 1 3 1 2 1 1 0 1 1 2 1 0 1 4 2 0 1 0 0 1 0 0 1 0 1 0 0 3 0 2 0
0 1 0 2 0 1 1 0 2 0 0 1 0 0 0 0 1 1 1 2 0 1 0 2 1 2 3 0 1 1 0 1 0 1 0 1 1 1 0 1 1 0 0 0 1 3 1 0 0 1 2 0 3 1 0 1 0 1 2 2 1 0 0 0 2 1 2 1 0 0 0 1 1 1 0 2 1 2 1 1 1 0 3 0 0 1 2 1 0 0 3 2 1 0 0 1 0 1 0 1 1 0 2 1 0 2 0 2 2 2 1 1 0 0 1 0 1 1 1 1 1 1 0 0 1 0 0 0 1 0 2 0 1 1 2 0 0 2 2 1 2 2 0 2 2 2 2 0 0 0 0 0 1 0 2 1 0 1 1 2 1 1 0 0 0 1 1 1 2 0 5 0 0 2 0 0 0 1 0 0 0 2 3 0 3 0 2 1 1 2 1 2 2 1 1 1 2 0 1 1
1 0 1 0 2 0 1 0 2 0 0 1 0 1 1 3 2 0 1 0 0 1 2 1 1 0 0 2 1 0 0 0 2 3 1 1 0 3 1 0 2 2 1 0 1 0 3 1 1 0 1 0 2 1 0 1 0 0 1 2 0 0 0 4 1 3 3 1 0 1 0 2 0 1 1 1 0 0 1 0 3 2 0 0 1 0 1 1 1 1 0 0 1 1 1 0 1 0 1 0 1 0 1 1 0 1 0 1 1 3 2 1 1 0 2 1 1 1 0 0 1 2 1 1 0 1 0 0 3 2 2 0 2 3 1 0 0 0 1 3 2 0 1 0 1 1 1 0 1 2 0 0 0 1 1 1 0 2 0 0 1 0 2 2 1 0 0 0 1 1 1 0 3 0 1 1 4 2 1 1 1 1 0 1 0 0 0 0 2 2 1 2 0 2 1 1 1 1 0 3
1 0 1 1 2 2 0 0 2 1 2 1 0 2 0 2 0 1 1 1 0 1 3 0 0 0 0 2 0 0 2 1 2 1 1 0 3 0 1 0 1 0 1 2 1 1 1 0 0 1 0 0 1 0 0 0 1 1 2 0 0 0 4 0 0 3 1 0 0 3 0 0 0 0 1 2 0 0 2 2 5 2 1 0 0 0 1 2 1 1 1 1 0 1 1 2 1 1 2 1 0 2 1 3 3 1 1 0 2 1 1 0 0 1 0 1 0 0 0 2 2 1 3 2 0 3 0 0 0 0 0 2 0 2 0 0 1 1 2 0 1 0 1 1 0 1 1 0 3 4 1 0 0 0 0 1 1 0 0 0 0 0 0 1 1 0 1 0 1 1 1 2 0 3 1 1 1 1 0 2 0 0 1 2 1 1 2 0 1 2 0 0 2 1 2 4 0 4 2 1
0 0 0 4 0 0 0 1 2 0 1 1 2 1 1 0 0 1 1 2 1 1 1 1 0 1 1 2 5 2 1 1 1 3 1 2 1 1 1 0 2 0 0 0 2 0 1 1 0 2 0 0 1 2 0 0 1 1 1 0 0 2 1 0 0 3 1 0 0 2 1 2 0 4 1 2 2 1 2 1 0 0 2 0 1 1 1 1 0 0 1 1 1 1 2 1 0 3 0 0 1 2 1 0 2 0 1 3 1 1 2 2 0 1 4 2 1 1 1 0 0 0 1 0 2 1 1 1 1 0 1 0 1 2 1 0 1 0 0 2 2 1 1 0 1 1 2 1 0 3 0 3 2 1 1 1 1 1 0 0 0 0 2 0 2 2 1 0 1 0 2 1 0 0 0 0 4 2 3 1 0 0 0 3 3 1 1 0 0 1 0 0 2 0 3 0 1 0 0 3
1 0 0 0 1 1 1 2 2 0 0 1 2 1 1 0 1 0 1 1 0 1 1 0 1 1 0 4 1 1 2 1 1 0 1 0 2 2 1 2 1 1 0 3 2 1 2 1 0 0 1 0 1 0 1 1 1 0 1 0 0 1 3 3 3 0 1 1 0 0 0 2 1 3 1 3 0 1 1 1 4 1 1 0 1 0 1 0 1 0 0 1 2 1 0 1 0 1 1 1 0 2 0 2 3 1 3 1 1 1 0 0 1 0 1 0 1 2 1 0 0 1 1 1 1 1 1 1 1 1 2 0 3 0 1 0 0 0 1 2 2 1 1 1 4 0 1 0 1 1 1 1 0 2 0 2 1 0 0 1 2 0 1 1 2 1 2 2 1 1 1 0 2 0 5 1 0 0 2 3 0 2 1 0 0 2 2 0 3 1 0 1 0 0 1 1 1 2 1 3
2 0 1 1 0 2 0 1 2 0 1 0 1 1 1 2 0 1 0 2 2 3 0 2 3 0 0 1 1 0 0 2 0 3 0 1 0 4 0 0 1 1 1 0 1 0 1 0 0 0 1 0 0 2 2 0 0 0 1 3 1 2 3 1 1 1 0 0 0 2 0 0 0 0 0 2 1 3 2 2 2 1 0 2 2 0 0 2 1 1 0 1 1 1 1 0 0 1 0 1 3 1 1 0 0 1 1 2 0 0 0 3 2 1 3 2 0 1 1 1 0 2 2 1 3 1 0 1 1 1 6 3 1 2 0 0 3 0 0 2 0 1 0 0 0 2 0 4 0 1 1 1 1 1 1 2 2 0 2 3 1 1 0 2 1 1 2 0 0 1 0 0 1 1 0 0 1 1 0 1 0 0 3 0 0 0 1 0 2 0 0 0 1 0 1 1 0 0 1 0
5 1 3 2 0 1 1 4 1 0 2 0 1 1 1 1 0 5 1 1 0 0 0 1 2 2 1 1 1 1 1 1 2 1 0 0 0 1 1 2 0 0 0 1 0 0 2 0 0 0 1 1 0 0 0 4 0 1 1 2 1 1 1 0 0 1 0 0 0 2 1 0 1 1 1 1 1 1 1 2 2 0 1 1 2 0 1 1 0 1 3 2 1 0 1 1 1 2 2 0 1 1 2 0 1 0 2 0 1 1 2 3 0 5 2 1 1 1 1 0 2 1 1 1 2 2 2 1 0 1 1 2 1 0 0 0 1 2 1 1 2 1 1 2 0 2 2 0 1 0 1 0 1 0 2 2 1 0 2 3 2 1 1 1 1 1 0 1 1 1 2 0 0 0 0 0 1 0 0 0 0 0 1 2 0 1 1 0 0 2 1 2 3 1 0 0 0 0 1 0
0 0 1 1 0 2 0 1 1 1 0 1 0 2 0 2 2 1 1 1 1 1 1 0 0 3 1 0 0 1 0 0 1 1 3 1 0 0 1 3 0 1 3 1 1 0 0 1 0 0 0 0 0 0 1 0 0 1 0 2 3 0 0 0 0 0 0 0 0 3 0 2 0 0 1 2 1 1 1 0 1 0 1 1 3 0 3 1 0 0 0 2 1 2 0 1 0 2 0 1 4 0 2 0 2 0 1 0 1 0 0 0 4 0 0 4 2 1 1 1 3 1 0 0 2 2 1 0 0 2 0 1 0 0 2 0 1 3 3 0 1 0 2 0 0 0 1 0 0 0 1 1 0 0 1 1 0 0 1 0 0 0 1 5 1 2 0 1 2 1 1 2 0 3 4 1 1 0 1 1 1 1 2 0 0 1 0 2 1 0 0 0 0 2 2 1 1 0 1 1
1 0 0 1 1 1 1 0 2 1 1 0 1 1 0 2 0 0 1 1 1 0 0 1 0 1 3 2 1 2 0 2 1 2 1 0 0 2 0 1 0 0 1 1 1 1 0 1 0 0 0 1 0 0 1 0 1 1 0 1 1 0 1 3 2 0 2 2 3 0 1 0 1 0 1 0 1 2 0 1 2 1 1 0 0 0 0 1 3 0 2 5 1 0 2 0 6 2 0 1 1 3 0 0 0 1 3 1 1 1 1 3 1 1 1 1 2 0 1 3 2 2 5 1 1 3 0 0 1 0 2 2 1 1 1 2 2 0 0 3 1 1 0 1 1 0 0 0 1 0 1 0 1 0 1 0 0 0 0 1 2 0 0 1 0 1 2 0 1 2 0 0 0 1 1 2 1 0 0 2 0 1 1 2 1 1 4 0 2 1 0 1 0 2 2 0 0 1 2 3
0 1 2 2 4 1 1 2 2 0 0 1 3 1 1 1 0 1 0 1 3 0 1 1 1 0 3 0 2 0 0 0 2 1 0 1 0 1 0 0 0 1 0 0 0 2 0 0 1 1 0 1 2 0 2 3 1 0 0 2 0 0 0 0 1 0 0 1 0 1 0 0 1 0 1 0 2 0 1 1 2 0 1 4 2 0 0 1 2 1 3 0 3 2 3 0 1 1 0 0 3 0 1 1 2 1 2 0 1 1 2 0 2 1 3 1 0 0 0 1 1 0 3 1 1 0 1 0 2 0 0 1 1 1 1 1 1 0 1 0 1 1 1 0 0 2 0 0 1 1 1 1 1 1 0 0 1 1 2 2 1 0 0 3 0 2 0 1 2 2 2 2 1 1 2 0 2 1 1 1 2 0 0 0 0 1 0 1 1 1 1 0 1 2 1 2 1 1 0 1
1 1 0 0 2 2 1 0 1 0 1 1 1 2 2 0 1 0 1 3 1 0 1 1 0 0 2 1 1 0 3 0 0 0 2 1 1 1 1 1 2 0 2 2 1 0 2 1 0 1 1 0 3 1 1 1 4 2 0 1 2 1 2 0 2 2 0 0 2 0 0 0 1 1 2 1 2 1 1 1 1 1 0 1 0 2 1 3 1 0 1 0 0 0 1 1 2 0 1 2 0 2 1 2 2 2 2 1 2 0 0 0 0 3 0 0 0 2 2 0 1 0 0 2 0 1 1 1 0 2 3 0 1 0 0 1 1 3 4 1 2 0 1 2 0 1 0 0 0 2 1 1 2 1 0 1 0 2 0 1 1 2 0 0 1 0 0 0 3 2 0 1 0 1 1 4 2 0 2 1 1 2 0 2 1 2 1 0 1 1 3 3 1 1 1 2 1 0 0 2
2 1 2 0 0 1 0 1 0 1 1 0 2 2 0 1 1 1 2 1 0 1 0 0 0 1 0 2 1 1 1 0 2 1 3 0 0 1 1 1 1 0 2 1 3 1 1 2 1 5 1 2 0 0 0 1 0 1 0 0 1 1 0 0 0 1 0 1 0 1 1 1 0 1 1 1 1 2 1 4 1 0 1 0 1 2 1 0 2 1 3 2 2 1 0 1 2 1 1 1 1 1 0 1 1 1 0 1 1 3 2 0 2 1 2 1 2 1 2 1 0 0 2 1 0 0 2 1 1 0 2 1 1 1 0 2 1 0 2 1 0 0 1 3 2 2 0 2 4 0 0 2 3 0 1 1 0 1 4 1 1 0 0 1 1 0 1 0 1 1 1 0 2 2 0 2 1 2 0 0 0 1 3 0 1 0 4 0 1 1 0 1 0 1 1 0 1 3 0 1
3 1 0 2 0 1 2 4 1 0 1 1 1 2 0 1 2 0 1 0 0 1 3 1 2 0 2 0 1 1 0 0 2 0 0 1 0 1 1 0 1 2 1 0 1 0 1 0 1 2 0 1 0 1 1 0 0 2 1 2 1 1 1 0 4 3 0 1 0 0 0 1 1 0 3 1 0 1 0 0 3 0 2 1 1 2 1 0 1 0 0 1 1 0 1 0 0 2 1 0 3 1 0 1 0 2 1 1 0 2 0 1 2 0 0 2 3 1 0 2 2 0 0 1 1 0 1 2 1 0 1 0 0 1 0 1 2 1 0 1 2 0 1 1 2 3 0 1 0 1 2 1 0 0 1 1 1 2 2 1 1 1 1 2 1 1 0 0 0 2 0 2 2 1 4 0 3 1 0 1 1 1 0 1 1 1 1 1 4 0 1 2 1 0 1 1 1 0 1 2
1 0 0 0 0 1 0 1 0 0 2 1 0 1 1 1 0 1 0 1 1 0 0 0 1 3 4 1 2 1 0 1 1 1 1 1 0 2 2 1 2 0 2 1 0 2 1 2 0 0 1 1 3 3 4 1 1 1 2 0 1 0 1 1 1 1 0 1 1 1 1 2 1 3 0 0 0 2 0 0 2 0 2 1 0 1 0 2 1 0 2 4 2 1 0 0 1 2 0 1 2 1 0 0 0 2 1 0 0 1 0 0 3 1 1 1 0 1 0 1 2 2 1 0 0 2 2 0 3 0 2 1 1 2 1 4 3 0 1 0 0 0 2 0 2 1 2 0 1 2 0 0 0 0 0 0 0 0 0 1 1 2 1 1 1 2 1 0 1 0 0 0 0 1 1 0 0 0 2 4 1 1 0 2 2 1 0 0 0 1 0 1 1 0 0 1 1 0 1 2
0 1 1 1 0 1 0 2 4 1 1 0 0 1 1 1 1 0 1 0 2 0 0 1 0 0 0 2 1 2 1 2 1 1 3 2 0 2 2 1 1 1 1 1 1 0 1 3 1 0 0 2 0 1 1 1 0 1 0 2 1 2 1 2 2 3 2 1 2 0 0 1 1 1 0 0 0 1 0 1 1 0 0 0 0 1 0 1 3 0 1 1 0 1 1 2 0 0 0 0 1 0 1 1 2 0 1 0 1 0 0 2 1 1 0 0 1 1 3 4 0 1 2 2 0 1 0 0 0 1 1 0 0 2 0 0 2 0 1 0 1 1 0 0 1 0 1 1 0 0 2 1 2 0 0 0 0 0 0 2 1 1 0 0 0 1 2 1 2 0 0 0 1 1 2 5 1 3 1 0 3 1 0 0 0 1 0 2 1 0 2 1 1 2 1 1 1 1 1 3
1 0 2 4 0 1 1 2 0 0 1 3 0 1 3 0 1 0 1 0 4 2 0 0 1 0 2 1 3 2 1 1 0 1 0 1 0 1 0 1 0 1 1 0 1 1 2 1 1 3 1 1 0 0 1 2 1 1 0 0 0 1 0 0 2 0 1 1 1 1 2 2 1 0 0 0 0 1 0 2 3 0 1 0 2 2 1 0 0 1 1 0 1 1 0 0 2 1 1 4 2 0 1 0 1 0 3 1 3 1 0 0 1 0 2 2 0 1 2 0 1 1 2 0 1 0 1 3 2 0 0 0 3 0 1 1 1 1 0 0 1 3 0 0 1 1 2 1 1 1 1 0 3 0 2 1 0 1 1 0 0 0 0 1 0 1 0 2 0 0 2 1 1 0 1 1 0 0 0 0 1 0 1 0 0 4 0 1 1 1 2 3 0 1 1 0 1 0 0 1
0 1 0 0 0 0 1 0 0 2 1 1 1 0 1 1 1 1 1 2 0 0 1 1 0 0 1 1 1 0 0 4 2 0 1 1 1 1 2 0 1 1 1 1 0 1 0 1 2 1 1 1 2 2 2 0 1 2 0 0 0 2 0 0 1 1 3 1 1 2 0 1 2 1 2 1 1 0 1 1 3 1 2 1 1 1 1 3 1 1 0 0 2 0 4 1 0 1 1 2 1 1 0 1 0 0 1 0 1 2 0 1 2 2 1 1 1 2 3 2 2 1 0 3 3 1 3 1 1 0 1 0 3 1 1 0 1 0 1 1 1 0 1 0 1 1 1 1 0 1 2 1 3 0 2 1 1 0 0 1 0 0 5 2 2 1 3 1 2 0 0 1 1 1 3 0 2 0 2 0 0 0 1 1 0 1 0 1 0 0 1 1 3 0 1 2 1 3 1 1
1 1 1 1 0 0 1 0 1 1 1 3 0 0 1 0 2 0 0 2 1 0 2 0 2 1 0 1 0 4 3 2 0 2 1 2 1 2 3 1 1 1 1 1 2 0 2 1 0 0 0 0 4 1 1 0 2 2 1 1 0 1 1 2 2 1 2 1 1 0 1 1 1 0 0 0 0 1 0 1 1 1 0 1 1 1 0 0 1 1 0 0 1 0 2 1 1 1 1 1 2 1 4 2 4 3 1 1 3 1 2 2 1 1 1 1 1 0 0 1 1 1 0 0 0 1 0 1 1 1 4 2 0 1 2 1 1 0 3 0 1 0 0 2 0 3 2 2 1 1 2 2 0 1 0 3 1 3 0 1 1 3 0 0 0 0 0 1 0 0 0 1 1 2 3 0 1 1 0 2 0 2 2 1 0 1 2 1 0 3 0 1 0 1 1 0 0 1 1 1
0 3 1 1 1 0 1 0 0 0 1 1 1 0 0 0 0 2 1 0 2 1 2 0 0 1 2 0 0 0 0 0 0 1 1 0 3 0 1 0 1 0 2 2 0 1 2 0 0 0 0 0 1 4 1 2 3 0 2 1 1 1 0 2 1 1 2 2 0 1 1 1 4 0 0 1 2 1 1 0 2 2 2 2 0 2 1 1 1 0 2 1 4 1 0 1 1 1 2 0 2 0 0 1 0 0 0 1 1 0 2 1 1 0 0 1 0 1 0 1 1 0 1 0 0 2 1 0 0 2 1 0 0 0 0 0 0 2 0 0 1 2 0 1 0 2 2 1 2 0 1 0 0 3 1 3 3 0 1 1 1 1 2 2 1 0 0 0 0 1 3 1 3 0 1 0 2 0 1 1 1 1 1 2 8 1 0 0 0 0 0 2 1 3 1 0 1 1 1 0
1 0 1 1 2 2 2 0 0 0 1 1 0 0 0 0 0 1 1 0 1 1 0 0 4 0 0 0 1 1 1 1 0 1 2 0 1 3 2 0 1 2 1 2 1 0 0 0 1 1 1 0 0 1 1 1 1 3 0 0 3 1 3 5 0 4 2 2 1 2 2 1 1 3 2 1 3 3 1 2 0 1 0 1 1 1 0 1 0 1 1 0 2 1 0 2 2 2 2 1 0 2 1 0 0 1 0 2 2 1 0 2 1 0 0 2 0 1 0 1 0 1 3 0 0 1 3 1 0 0 1 1 0 1 1 1 1 0 0 0 1 0 1 0 0 1 2 3 1 1 1 1 0 2 0 0 0 1 0 2 0 1 1 1 5 0 0 0 0 0 0 0 0 3 3 0 0 1 1 1 0 0 0 0 0 1 0 1 1 0 1 1 2 1 1 0 0 2 1 0
0 0 4 1 2 0 0 1 1 0 1 0 0 0 1 0 3 0 1 0 0 1 0 0 2 1 0 1 0 0 2 3 0 1 1 1 0 1 2 0 0 1 1 0 2 1 1 0 3 1 2 3 0 3 1 1 1 1 0 2 2 0 2 2 0 1 1 0 0 1 0 1 0 0 0 0 0 1 1 2 1 0 1 1 1 0 2 0 3 1 1 0 0 1 0 2 2 0 1 1 0 1 1 0 1 2 2 0 2 1 0 1 0 0 0 0 0 2 1 0 1 1 1 1 0 3 0 0 1 0 4 0 2 0 0 0 1 0 0 0 2 0 1 0 2 0 1 4 0 0 2 0 1 1 0 2 1 1 0 2 1 1 2 0 3 1 2 5 1 1 1 1 1 1 0 1 2 3 2 1 4 0 1 0 1 1 0 1 0 0 2 2 0 1 1 1 1 2 2 2
2 0 0 0 1 1 0 0 1 3 1 3 0 1 2 2 2 0 0 2 2 0 0 0 3 2 0 1 1 0 1 1 0 0 0 1 0 0 0 2 3 1 1 1 0 1 0 0 1 2 0 1 2 0 3 1 1 1 2 0 2 3 0 1 2 1 0 1 1 1 1 0 1 2 2 0 1 2 0 2 0 1 0 2 1 1 1 2 1 1 1 0 0 1 0 2 1 1 1 1 1 0 0 0 2 4 1 1 0 0 3 2 1 1 2 0 1 0 3 1 0 0 0 0 0 2 1 1 0 3 1 0 0 0 3 0 0 0 5 0 0 2 1 0 2 1 0 1 0 0 1 0 0 1 0 1 0 2 0 0 1 0 2 1 0 0 0 1 0 0 2 2 0 1 1 1 2 1 1 0 1 0 1 0 2 3 0 1 0 1 0 0 1 0 3 1 3 0 1 1
1 1 2 2 0 1 1 0 2 2 1 0 0 0 1 0 1 2 1 1 0 1 2 3 1 2 4 0 0 1 1 2 0 0 0 3 1 1 1 1 1 0 0 1 1 1 0 0 0 0 3 1 1 2 1 2 2 0 0 3 1 0 0 0 0 0 2 1 1 0 4 1 0 1 1 0 0 1 1 2 1 1 2 0 1 2 1 1 0 1 1 2 0 0 0 1 0 2 1 4 1 1 2 0 1 1 0 0 0 0 1 0 2 2 0 2 1 2 0 0 1 1 1 1 1 0 0 1 2 0 0 1 1 1 1 0 1 0 0 1 0 1 1 0 1 0 1 2 0 0 1 1 1 5 1 0 0 0 3 1 2 1 0 0 3 0 2 0 1 0 0 1 1 0 2 1 2 0 1 0 2 1 0 2 0 1 2 0 1 1 0 1 3 0 1 2 0 3 1 1
0 2 1 1 2 1 0 2 3 0 0 1 1 2 1 0 2 2 0 1 0 1 0 0 1 0 1 2 0 1 0 2 0 2 0 0 1 1 2 0 0 0 0 1 2 1 1 0 1 1 0 0 0 0 1 1 1 2 1 0 0 0 1 0 1 1 2 2 3 0 2 0 1 1 0 0 2 1 1 0 1 1 1 1 0 0 1 0 0 0 1 1 1 2 2 1 0 0 1 1 0 1 1 1 0 2 1 0 1 2 2 0 3 1 3 1 3 1 4 0 3 1 1 0 0 1 1 0 2 0 0 0 0 1 3 1 0 1 0 1 3 1 1 2 2 1 0 2 1 4 0 1 2 1 1 0 1 0 1 0 1 2 0 0 0 2 3 3 2 1 3 0 0 0 0 2 0 0 1 3 2 1 2 1 1 0 0 6 0 0 1 0 1 0 0 1 1 0 2 2
3 1 1 1 1 3 1 0 0 0 0 0 1 2 0 0 1 1 0 0 0 2 4 2 1 0 1 2 1 2 2 1 1 1 1 3 1 1 0 1 1 3 1 1 2 1 2 1 3 2 0 2 1 1 1 0 2 1 0 1 2 1 0 0 1 0 0 0 0 0 0 2 2 2 1 1 2 1 1 2 1 0 1 2 0 0 1 1 4 3 2 1 2 0 2 1 0 0 0 1 1 0 1 1 3 0 1 0 2 0 0 2 0 2 1 1 1 0 1 1 0 1 1 0 1 0 0 1 1 1 1 1 1 1 0 0 1 1 0 0 1 0 0 1 1 0 0 1 2 1 0 2 1 0 0 3 1 1 2 0 0 2 2 1 0 0 0 0 3 1 1 0 1 0 0 1 1 0 2 2 0 0 0 3 0 0 1 0 0 3 0 1 4 0 1 1 1 0 2 1
1 1 1 1 0 0 0 1 0 1 1 1 0 1 1 1 0 3 1 5 2 1 0 0 1 2 1 1 0 1 2 1 0 0 0 1 0 1 1 2 2 2 0 0 0 1 3 1 2 1 1 3 1 2 0 0 0 1 2 1 0 2 1 1 1 1 0 1 3 0 0 1 1 1 0 0 1 1 0 1 0 2 1 1 1 1 0 1 0 0 1 0 1 1 1 3 2 2 0 1 2 0 2 1 1 1 1 0 2 0 1 1 1 2 1 0 0 0 0 1 1 0 3 1 1 1 2 2 1 0 0 2 1 1 1 0 2 1 1 1 0 1 1 0 0 1 1 0 1 2 0 0 0 1 0 2 2 1 1 0 1 0 0 2 0 1 2 3 1 0 1 1 4 0 2 2 3 1 0 0 2 1 0 0 1 2 0 1 1 2 2 1 1 1 0 2 0 0 1 1
1 3 0 0 0 0 1 0 1 1 1 3 0 0 0 2 1 1 1 0 1 1 1 0 0 0 0 0 0 0 2 0 1 1 0 0 1 3 0 0 2 1 1 0 1 0 0 1 1 0 1 1 0 1 2 1 0 0 2 2 1 1 1 2 1 0 2 1 1 1 1 3 0 0 2 1 0 3 0 1 1 0 2 1 0 1 1 0 2 2 0 2 0 2 1 0 0 0 0 1 0 1 0 2 2 2 0 2 1 0 1 3 0 0 1 0 1 0 0 1 1 1 3 2 0 0 0 1 1 1 0 0 1 0 1 1 3 1 0 1 1 1 1 1 1 2 2 1 1 1 1 1 0 0 1 0 1 8 1 2 0 0 2 1 1 0 0 1 1 1 1 1 2 3 3 0 1 1 1 2 4 0 1 1 3 0 0 0 1 1 1 1 1 1 1 2 1 2 1 2
1 0 0 1 0 2 2 2 0 2 1 0 2 1 1 0 3 3 0 2 1 0 2 1 1 2 1 0 1 2 3 2 1 1 2 1 1 1 2 0 1 0 2 0 0 2 0 1 2 1 0 4 0 1 1 0 0 2 0 1 1 0 1 1 0 1 1 0 0 3 2 1 2 1 1 3 0 1 1 1 0 3 1 0 0 4 0 2 0 4 0 0 0 0 1 2 1 2 0 1 3 1 1 0 2 1 2 0 1 0 1 3 0 3 2 1 0 1 0 3 1 0 1 2 1 2 3 0 1 1 1 1 5 2 0 1 1 0 0 1 2 0 2 0 1 4 0 1 0 0 1 1 3 1 1 0 2 1 0 1 0 1 0 0 1 0 0 0 0 1 0 1 1 1 1 1 1 1 0 1 1 0 0 0 0 1 1 1 0 1 1 0 0 0 1 0 1 1 2 0
1 0 1 0 1 1 1 0 2 3 2 2 0 0 0 1 2 1 0 1 0 1 2 0 1 2 1 0 0 1 1 0 0 0 1 1 2 1 1 2 1 1 3 5 3 0 2 1 0 3 1 0 1 0 1 0 0 0 1 0 1 0 1 1 0 0 1 1 0 0 1 0 1 0 0 0 1 1 1 0 1 1 1 1 0 3 0 2 4 0 2 1 2 1 0 1 0 0 1 0 2 0 5 3 0 0 0 0 0 3 1 1 0 0 1 0 1 1 0 1 0 1 3 0 1 1 3 1 1 4 0 1 1 1 0 1 1 1 1 2 1 2 1 1 0 2 2 0 1 0 1 0 0 1 1 0 0 2 1 0 0 0 1 1 2 0 1 1 0 0 2 1 0 1 1 2 2 2 0 0 2 1 1 1 1 2 2 1 0 1 1 0 0 0 2 2 1 0 4 2
2 0 0 0 2 0 1 2 1 4 1 0 2 0 1 1 0 1 1 0 1 1 2 1 1 2 0 1 1 2 1 0 2 1 0 0 1 1 1 2 2 0 0 1 1 2 2 2 1 0 1 0 1 1 0 2 1 0 2 0 0 3 0 1 1 0 0 3 0 2 3 1 3 0 2 1 1 0 0 2 1 1 1 1 1 2 1 0 0 2 0 1 0 0 1 1 2 1 1 0 1 1 0 3 1 0 0 2 0 1 0 1 0 2 0 0 1 3 0 0 2 2 0 1 1 3 1 1 0 1 0 1 0 0 0 1 0 0 2 1 0 2 0 2 1 1 0 2 0 0 0 1 1 1 0 3 1 0 0 0 0 1 0 1 0 2 1 2 0 1 3 0 1 2 1 2 0 0 2 1 0 1 2 1 1 1 1 1 2 0 2 0 0 1 1 2 0 1 0 1
1 1 3 0 1 0 0 1 1 0 1 0 0 2 2 1 1 0 2 3 0 2 0 0 1 0 1 1 3 0 1 1 0 0 2 0 1 0 2 2 0 0 2 1 1 1 0 0 1 0 2 4 1 0 1 1 2 1 1 0 0 2 0 1 1 1 1 2 2 5 0 0 2 1 4 1 0 0 0 1 0 0 0 2 1 1 0 2 0 1 1 0 0 0 0 1 0 0 2 0 1 1 0 3 2 1 2 2 3 0 1 1 2 0 0 1 4 2 1 0 1 0 0 4 2 0 0 1 2 0 0 2 0 1 0 0 0 0 3 0 0 2 1 0 1 0 1 1 3 4 2 1 0 2 2 1 0 1 0 1 1 2 1 0 1 1 0 0 2 0 0 0 1 0 2 0 2 2 2 0 3 2 0 0 0 2 0 3 0 2 0 0 0 3 1 0 1 0 1 1
1 1 0 0 0 2 1 0 0 2 2 2 0 0 1 1 1 2 1 0 1 0 3 1 1 1 0 0 1 2 2 0 1 0 0 1 2 3 0 0 1 3 1 2 1 0 0 1 1 0 0 1 1 2 2 1 0 1 0 0 0 1 1 0 1 2 1 1 1 1 3 0 2 1 2 0 1 2 1 4 2 0 0 0 1 2 1 0 0 2 0 0 0 0 0 0 0 1 1 1 1 0 2 1 1 0 2 0 2 2 2 1 0 0 0 0 1 0 1 3 0 0 0 1 0 2 2 0 1 0 1 1 0 1 0 1 3 3 0 2 0 1 2 1 1 2 3 0 2 1 1 1 1 1 0 0 0 1 1 0 0 1 2 1 1 0 2 0 2 2 0 0 0 0 1 1 2 1 1 4 0 0 1 1 1 2 0 4 1 0 0 1 3 1 0 0 0 1 1 1
0 1 3 1 1 1 0 0 0 0 6 0 1 0 1 2 0 0 0 1 1 0 0 1 1 1 2 1 1 0 1 5 0 2 2 2 0 3 1 1 1 1 0 0 0 0 1 0 1 1 0 1 2 0 2 3 1 1 1 0 0 0 1 1 1 1 1 0 2 0 2 0 1 0 1 1 1 0 0 1 1 1 1 0 2 0 1 2 0 1 0 0 0 0 0 2 2 1 3 1 0 1 0 1 5 2 1 1 0 1 0 0 0 0 0 1 1 2 5 1 0 1 2 0 0 3 1 0 2 0 0 1 1 0 1 2 0 2 2 0 1 2 1 0 0 0 0 0 1 1 0 1 0 0 0 1 3 0 0 1 2 1 0 0 2 0 0 1 2 2 1 1 0 2 0 0 0 0 0 3 0 1 0 1 0 1 1 1 1 2 0 0 0 0 0 0 0 1 0 3
1 0 3 0 1 0 1 1 0 1 0 0 0 1 0 1 0 0 2 2 2 0 0 0 1 1 2 0 0 1 2 1 2 1 0 3 1 1 0 0 0 0 0 0 1 1 1 1 1 2 1 0 0 1 0 2 0 0 2 2 3 0 1 1 2 0 1 1 0 2 3 1 0 1 0 1 0 4 2 0 0 0 0 0 2 2 1 1 1 0 1 0 0 0 0 0 3 1 1 1 1 1 0 0 0 1 0 1 1 1 1 0 0 1 0 1 1 1 1 2 1 4 1 1 0 1 0 0 1 0 1 0 0 3 0 1 1 1 1 2 0 1 0 0 0 1 0 2 2 1 2 2 0 2 2 1 0 1 0 2 1 0 1 1 0 2 0 3 1 2 2 0 0 0 1 0 3 0 2 2 2 0 1 1 0 1 0 2 0 3 1 1 3 1 0 0 1 2 3 1
1 0 0 3 3 1 0 1 1 0 0 1 1 0 1 1 3 0 1 1 1 3 0 1 1 2 0 0 1 1 2 1 1 2 0 1 1 2 0 1 0 0 0 3 1 1 0 0 2 1 0 1 0 3 3 0 0 0 1 1 1 1 0 2 1 1 0 1 1 0 0 1 1 0 0 2 0 1 1 1 2 2 2 1 1 1 3 0 2 1 1 1 0 2 0 0 2 0 0 1 0 1 1 2 0 0 1 1 0 1 1 0 1 1 3 1 1 0 1 1 0 3 1 1 0 1 1 0 0 0 2 2 1 0 1 1 0 1 0 1 1 1 2 2 0 2 1 0 0 0 1 1 0 0 0 0 0 0 1 1 2 1 2 1 1 0 0 0 1 0 0 0 0 1 1 2 0 4 0 1 0 1 1 2 2 2 0 0 2 1 0 1 2 0 0 1 0 7 1 0
1 1 0 3 0 0 2 2 1 0 0 0 0 0 0 1 1 1 5 4 0 0 1 2 1 0 0 0 2 2 1 2 1 1 2 1 0 0 2 0 0 1 1 1 0 0 0 0 0 1 1 0 0 1 3 1 0 1 3 1 2 0 1 1 0 0 0 1 0 6 1 2 2 0 1 0 2 0 1 1 2 2 1 0 0 0 2 0 1 0 2 0 0 2 3 2 0 0 2 0 1 0 1 0 0 0 0 1 0 0 1 1 3 2 0 1 1 1 4 0 0 2 0 1 3 2 0 1 0 2 0 1 0 3 1 0 0 4 3 1 2 1 1 2 0 0 0 0 2 2 1 1 0 0 0 1 0 1 4 0 2 1 2 0 0 0 1 1 2 0 1 2 1 1 2 1 0 0 1 1 2 0 2 1 1 3 1 0 0 1 1 0 1 1 0 0 4 1 1 0
3 2 0 2 1 2 0 1 4 1 1 0 0 2 1 2 0 0 0 4 0 0 0 4 1 1 3 0 0 1 0 1 0 0 1 2 2 0 0 0 3 0 2 0 1 0 2 1 3 0 2 3 3 0 1 1 0 0 1 2 3 1 0 1 3 1 1 2 2 2 1 0 1 2 2 0 1 1 1 1 2 0 1 2 0 0 2 0 2 0 1 0 1 1 1 0 0 0 3 2 1 1 1 0 2 0 0 1 0 0 1 1 0 0 1 0 0 1 2 1 0 1 0 2 0 0 1 0 1 1 1 0 2 0 1 1 0 0 3 0 1 1 0 2 1 1 1 1 0 1 0 0 0 0 1 1 0 1 1 0 2 2 0 0 0 1 1 0 0 2 1 0 0 3 0 1 1 1 1 2 1 0 0 1 1 0 1 1 0 0 1 0 1 1 0 1 1 1 1 0
2 1 0 0 0 0 0 1 0 1 1 0 0 0 3 1 1 1 0 2 1 0 1 2 2 1 2 1 1 2 0 1 1 2 1 3 2 0 1 0 0 0 1 0 1 1 3 0 1 1 0 0 0 1 0 0 1 0 4 3 1 0 1 2 0 1 0 2 0 0 0 1 1 1 0 0 1 1 1 2 2 1 1 1 1 0 0 0 0 1 1 2 1 3 1 0 2 3 0 2 1 0 1 1 0 1 0 1 0 1 1 1 2 0 1 1 0 0 2 3 1 0 0 1 1 0 2 0 0 1 2 1 1 1 1 1 2 0 2 1 2 7 0 0 1 0 2 0 1 1 0 1 1 0 1 2 1 4 1 1 0 0 0 1 3 2 1 0 1 1 0 0 1 2 0 2 6 1 2 0 1 2 1 1 2 3 0 0 1 3 1 1 0 1 0 2 2 1 1 0
1 1 0 1 2 0 0 1 1 0 1 2 0 1 1 1 0 2 2 1 1 0 1 2 2 2 1 1 1 1 0 0 0 0 1 1 2 0 1 0 0 1 4 0 1 0 1 1 3 1 0 1 1 0 1 2 1 1 2 1 0 1 0 1 0 1 1 0 1 1 0 2 1 0 1 0 4 2 1 0 1 1 1 4 1 1 1 1 1 0 0 0 1 1 1 1 0 2 2 0 1 0 1 2 1 0 1 1 0 0 1 0 3 1 2 0 1 0 0 0 0 0 0 2 2 2 2 0 2 2 0 1 1 1 4 1 1 0 1 2 1 1 1 1 0 1 1 0 0 0 0 1 1 0 2 3 1 0 0 1 0 0 0 1 1 0 1 0 2 3 0 0 0 0 2 1 1 1 0 0 2 0 0 1 0 2 1 0 0 1 2 0 1 2 0 1 2 0 1 1
1 3 0 2 1 0 2 1 1 0 2 1 2 1 0 0 0 0 1 1 2 1 3 0 2 2 0 1 1 2 3 1 0 1 0 2 2 0 1 1 0 0 0 1 1 1 0 2 1 1 0 1 0 0 1 1 1 0 1 3 0 1 1 0 1 0 3 1 4 1 3 0 1 3 2 1 2 1 2 2 0 0 1 1 0 1 2 0 3 2 1 1 1 0 1 0 1 1 1 1 0 1 2 0 1 1 1 1 0 2 0 2 3 2 1 0 1 2 1 0 0 0 1 0 0 3 0 0 3 1 1 0 2 0 3 0 1 0 1 2 1 1 1 0 2 1 0 2 1 0 0 1 0 1 1 1 0 0 2 2 2 1 0 2 0 0 0 1 1 1 1 0 1 1 1 1 2 3 1 3 1 3 1 2 1 0 1 1 3 0 0 0 0 2 2 0 1 1 1 0
1 1 1 0 1 1 2 2 1 0 3 0 1 3 1 2 1 2 0 1 2 1 0 1 0 0 1 1 1 0 0 0 1 0 1 1 1 0 0 0 1 0 0 0 2 0 3 0 1 0 1 3 1 1 0 1 0 2 0 1 0 0 0 2 2 2 1 1 0 3 0 2 1 1 1 0 0 1 1 0 2 1 0 1 1 0 0 1 1 0 1 1 0 1 1 1 0 1 0 0 1 0 1 1 0 0 0 0 3 1 0 2 1 1 2 1 2 2 0 1 0 1 0 2 2 0 2 0 1 1 3 2 0 4 0 0 1 0 1 2 1 1 1 2 0 0 0 0 2 0 0 0 2 0 4 0 2 1 0 0 1 3 0 1 2 1 1 0 3 0 1 0 1 1 0 1 0 0 0 1 2 0 0 1 1 2 0 3 0 1 0 2 1 0 2 1 0 1 1 1
0 0 1 1 2 1 0 1 0 0 1 2 3 0 1 0 1 1 0 1 0 2 0 1 1 5 0 0 0 1 0 0 1 1 1 0 1 0 0 0 0 0 1 0 1 0 0 1 2 2 1 0 1 1 0 1 2 3 1 0 0 2 1 1 1 0 1 2 2 0 1 1 0 0 0 1 1 0 4 0 1 1 0 2 1 1 2 0 1 5 0 0 2 0 0 1 1 1 1 1 2 1 0 1 3 1 0 1 3 2 1 3 3 2 2 1 0 1 2 1 0 2 2 1 0 0 2 1 0 1 1 2 0 0 0 1 1 1 0 0 1 0 1 1 0 1 0 2 2 0 1 1 2 2 1 1 0 1 0 1 0 0 0 3 1 0 0 1 2 1 0 0 1 0 1 0 0 0 1 2 0 1 0 1 3 1 0 4 1 1 0 1 0 2 2 0 0 2 0 0
0 1 0 0 1 0 2 0 1 1 2 0 1 1 1 4 0 2 0 0 0 2 0 1 1 0 2 1 1 0 0 1 0 3 1 0 1 1 0 1 0 3 2 1 0 0 0 2 3 2 0 1 1 0 1 1 0 0 1 3 1 1 1 3 0 2 0 0 0 0 1 2 1 1 0 1 0 1 2 1 0 0 0 0 1 1 1 2 0 3 3 3 1 1 0 2 0 0 1 2 0 1 1 0 0 0 2 1 0 2 0 1 0 0 1 0 0 1 0 1 0 1 1 0 0 1 0 2 1 0 1 1 0 0 3 1 1 0 1 2 2 2 0 0 3 0 1 1 0 1 0 2 1 1 1 1 1 1 2 0 1 1 0 2 1 0 1 2 1 0 1 1 2 0 1 3 2 1 1 5 0 0 1 1 2 0 4 0 0 1 1 1 3 0 0 0 2 1 2 0
1 1 1 0 3 0 0 1 1 1 0 1 0 3 0 2 1 1 1 2 0 2 2 0 0 0 1 0 1 1 0 2 2 0 0 1 0 1 0 0 0 0 2 0 0 0 1 1 2 1 1 1 0 1 0 1 0 2 3 0 0 0 0 3 2 3 0 1 2 0 2 2 1 0 0 2 1 0 4 0 0 1 2 1 0 3 1 2 2 0 1 2 1 5 0 0 0 2 0 1 1 0 3 0 0 0 0 0 1 1 2 2 1 1 0 1 2 0 1 1 2 2 0 2 3 0 3 0 2 0 0 0 0 1 1 1 0 2 0 1 1 1 0 1 3 1 1 0 1 0 1 1 1 1 0 0 0 1 2 1 5 1 1 1 2 3 0 1 1 1 1 1 2 1 1 1 4 1 1 3 1 0 1 0 1 3 0 3 0 0 0 2 2 1 1 2 3 3 0 3
0 0 1 2 0 0 1 1 1 0 0 1 2 0 1 1 1 2 1 0 0 0 0 2 1 0 1 0 0 2 1 3 2 3 0 1 2 2 0 0 0 1 3 2 0 2 1 1 1 0 1 1 1 0 0 0 2 1 0 1 0 2 1 1 0 1 1 0 0 1 1 2 1 2 2 0 0 0 3 0 1 2 4 1 2 0 1 2 1 0 0 1 0 2 1 0 0 0 1 0 1 0 1 0 0 0 0 1 0 2 1 1 1 2 1 1 1 1 0 1 0 0 3 0 1 1 0 2 0 0 2 2 4 1 1 1 1 0 0 0 1 1 2 1 1 1 1 1 1 1 1 0 0 5 1 0 1 3 0 0 0 1 0 0 1 1 0 0 1 0 1 3 1 0 2 0 0 1 0 1 1 1 1 0 1 1 2 1 2 0 1 1 2 1 1 1 0 0 0 1
1 0 1 0 0 0 2 1 1 0 1 1 2 2 1 0 1 0 0 1 1 2 2 2 1 0 2 2 2 1 1 1 1 0 0 1 0 1 1 1 0 1 0 1 1 0 2 2 1 1 0 1 0 1 0 2 0 2 0 2 0 0 0 1 1 3 1 2 1 3 2 2 0 1 1 1 3 1 1 0 0 2 1 0 1 1 1 0 2 0 0 2 2 1 0 1 0 0 0 1 1 0 0 2 0 0 0 1 0 1 1 0 2 2 0 1 0 1 0 0 2 0 1 0 1 3 3 1 1 2 1 1 1 0 2 0 1 2 1 2 1 2 1 1 0 0 3 0 0 2 0 0 1 1 1 0 1 0 2 1 0 1 1 0 0 2 0 0 0 1 0 1 1 2 1 0 1 1 1 1 0 0 1 0 1 0 1 0 1 0 2 4 2 1 1 1 0 1 1 0
1 2 1 0 2 1 1 1 0 0 3 2 1 1 2 0 0 0 0 1 1 1 1 2 1 1 3 0 1 0 0 1 2 1 0 1 4 0 2 0 2 0 1 3 1 2 0 1 1 1 2 1 0 1 2 0 1 1 0 1 3 2 1 0 3 1 2 0 0 1 0 1 1 1 0 0 1 0 1 1 2 0 1 0 0 0 0 2 0 0 2 2 0 1 1 1 1 1 1 1 1 0 1 1 0 1 1 0 0 1 2 1 2 3 1 2 2 1 3 1 1 2 2 1 2 1 0 2 1 1 0 3 2 2 1 3 0 0 0 1 0 1 0 1 2 1 2 1 1 2 2 0 1 2 1 1 1 0 1 3 1 1 0 2 3 2 0 2 2 1 2 1 0 0 0 2 0 3 3 2 1 2 4 2 0 0 1 1 1 0 0 0 3 0 1 0 0 0 2 0
2 1 1 0 0 1 0 0 1 1 3 3 0 1 0 1 2 1 1 2 0 1 2 4 3 0 1 1 1 1 0 1 0 2 2 1 2 1 0 2 0 1 1 0 2 1 1 0 3 1 1 1 0 3 0 1 1 2 1 0 1 2 1 2 1 1 0 1 1 1 1 2 1 0 0 1 3 1 3 1 2 2 0 0 1 2 2 1 1 0 0 3 2 0 1 0 0 0 0 0 0 3 3 0 1 0 0 0 0 3 0 0 1 0 1 0 0 2 0 2 0 1 1 4 1 2 2 0 1 1 1 0 1 0 1 1 0 1 0 1 0 0 0 1 2 4 1 1 0 0 0 0 2 1 0 0 0 1 2 2 1 0 2 1 2 2 1 0 0 1 0 2 0 0 2 1 1 1 1 1 3 0 1 0 2 0 1 1 2 1 1 0 1 0 1 1 1 2 0 1
1 0 2 0 0 0 2 4 2 0 0 2 0 1 3 0 1 1 0 1 1 0 0 0 2 3 1 0 2 1 1 2 1 0 1 4 1 1 0 0 3 1 2 0 3 1 0 0 2 0 0 1 1 1 1 0 1 3 0 0 1 2 3 1 1 1 0 1 0 1 1 0 3 2 1 0 1 2 1 0 1 1 0 0 2 0 0 0 0 3 1 0 2 1 1 1 0 0 1 0 2 1 2 2 1 2 1 1 3 0 1 1 2 0 0 1 1 1 1 0 0 1 0 0 1 2 0 3 2 0 0 0 1 0 0 0 2 1 2 5 0 3 0 0 2 0 1 1 1 0 2 1 3 1 3 1 0 0 2 1 1 1 1 2 3 0 2 0 1 1 2 1 1 1 3 0 0 1 1 0 1 1 1 1 1 2 0 1 0 0 2 1 0 0 2 1 0 0 0 4
0 0 1 1 0 2 0 0 0 1 1 0 1 0 1 0 1 0 1 1 1 1 0 3 2 0 0 1 0 0 1 2 1 0 1 1 1 1 0 1 2 0 0 2 0 2 0 1 0 1 2 0 3 0 2 3 2 0 0 3 0 1 2 1 2 0 0 2 0 1 2 0 2 0 0 0 0 0 2 2 0 0 3 1 2 0 1 1 1 1 0 1 2 0 1 1 1 1 1 1 0 0 1 0 2 1 1 2 0 1 0 2 0 2 1 1 2 0 3 0 0 0 1 0 2 1 1 1 1 1 1 1 0 1 0 1 1 0 1 0 0 1 2 1 2 1 0 0 1 0 1 2 1 1 1 0 1 0 1 1 0 0 3 2 1 1 2 2 0 1 1 0 0 1 0 1 0 0 0 2 1 0 1 3 2 2 0 2 1 0 0 0 0 0 1 1 2 1 2 1
1 0 0 1 0 0 0 0 0 0 2 0 0 1 0 1 4 2 0 2 1 0 1 1 1 0 1 2 1 0 3 0 1 0 2 1 1 4 0 0 0 1 0 1 2 1 1 2 2 1 0 1 4 0 0 0 2 1 1 1 2 1 1 0 2 0 3 3 0 3 0 0 0 1 0 2 0 1 2 1 2 1 2 0 0 2 1 3 3 1 1 1 1 0 0 0 1 1 1 0 2 2 3 1 2 1 0 1 0 1 2 0 1 1 0 2 0 0 0 2 1 2 1 1 0 6 0 2 2 2 1 3 1 0 1 0 2 0 1 1 1 1 0 1 0 0 1 1 1 2 0 2 2 0 2 2 0 1 0 1 0 1 1 0 0 2 1 0 1 2 0 0 2 0 1 1 1 1 3 1 2 2 1 1 0 3 1 2 0 0 1 1 0 0 0 0 0 3 0 0
1 2 1 0 1 2 1 0 1 0 1 0 1 1 1 2 1 0 2 2 0 1 2 1 1 1 0 1 0 2 1 1 0 1 1 0 1 2 1 1 3 0 0 0 1 0 2 1 0 1 1 0 1 1 0 1 0 1 2 1 3 0 1 0 0 1 2 0 4 1 2 0 2 2 3 1 1 2 1 1 1 0 1 2 3 0 1 0 0 0 0 2 0 0 0 1 3 0 2 3 3 1 3 0 1 1 2 2 1 2 0 1 0 4 1 1 0 0 1 0 0 1 0 0 0 1 1 0 1 0 1 1 1 0 2 0 1 0 0 1 2 1 0 2 1 1 0 3 0 1 0 0 1 1 1 0 1 0 0 0 3 0 0 0 3 0 1 0 1 1 1 3 0 2 4 0 1 0 0 2 1 2 0 1 3 0 1 3 2 0 1 0 0 0 0 2 2 3 1 2
0 2 3 1 1 1 1 0 1 1 1 1 3 1 2 0 1 1 1 2 0 1 0 0 1 0 1 1 2 2 1 0 0 1 1 0 1 1 0 1 1 0 0 0 1 1 2 0 0 0 1 1 0 0 0 1 3 1 0 1 0 0 0 1 1 0 1 5 0 1 1 3 1 0 1 1 0 2 1 0 0 0 1 2 1 2 2 0 3 0 2 0 0 0 1 1 2 0 0 1 2 1 2 0 1 2 2 3 0 0 2 1 4 0 3 1 1 3 0 3 0 0 0 0 0 0 1 1 1 0 0 1 0 1 2 1 1 0 0 0 0 1 5 0 0 0 1 1 0 1 1 2 0 0 0 1 2 0 0 0 1 2 1 2 1 0 0 1 0 0 0 1 0 0 1 0 0 2 1 0 1 0 1 2 1 1 1 1 1 1 2 2 1 0 1 0 0 1 2 1
0 1 3 1 1 0 2 1 2 1 2 1 3 3 2 1 0 2 1 0 0 0 0 2 4 1 1 1 0 2 1 1 1 0 1 0 1 2 3 0 1 0 0 1 0 3 0 0 0 1 1 1 1 0 3 0 2 0 2 0 1 1 2 0 4 1 3 2 0 1 3 0 2 0 1 0 2 1 1 0 0 0 2 0 3 1 1 1 2 1 0 0 0 0 0 3 0 1 1 2 1 2 2 1 0 1 0 1 1 0 1 0 1 3 0 1 1 2 0 0 0 1 1 2 1 0 1 2 1 0 0 0 2 1 0 2 3 3 3 1 1 2 2 0 1 1 0 1 0 0 1 1 1 1 2 1 1 1 1 1 2 1 1 1 1 0 2 0 0 0 2 0 0 3 0 2 0 2 2 2 1 1 3 1 1 0 0 0 0 1 4 1 1 0 1 1 1 0 0 1
1 0 2 2 2 1 1 1 0 2 1 1 0 0 0 1 1 0 0 2 1 0 0 1 1 2 3 2 1 1 1 0 0 0 3 1 1 0 1 0 0 2 2 0 1 1 1 0 0 2 1 1 1 1 1 0 1 0 0 2 0 0 1 1 2 0 2 1 4 1 1 0 1 2 1 0 2 1 1 1 2 0 0 2 1 1 0 0 1 0 0 1 0 1 1 1 1 0 1 0 0 1 1 0 1 1 1 2 0 1 1 2 1 1 1 0 2 0 0 2 2 1 0 0 1 2 1 1 0 1 0 0 0 1 0 1 1 0 0 1 0 1 0 2 1 0 0 0 2 1 2 2 1 1 2 0 3 0 1 0 2 0 0 2 0 0 1 0 0 3 1 1 2 2 2 0 1 0 3 2 0 1 1 2 1 0 1 1 0 0 1 3 1 1 0 2 0 1 2 1
1 0 1 0 0 0 1 0 0 2 0 0 0 0 1 1 0 1 1 0 2 2 0 0 1 0 0 1 2 3 3 1 1 1 0 1 1 1 1 0 0 0 0 1 0 3 1 1 1 0 2 1 1 1 2 2 0 1 1 1 0 1 1 0 1 1 0 1 2 2 0 0 2 3 0 1 0 1 1 0 0 0 1 1 3 1 0 1 0 1 1 4 1 1 1 1 1 0 0 1 1 2 0 0 2 1 0 2 0 1 2 0 0 1 1 2 0 0 2 2 0 0 1 1 0 0 1 1 2 0 1 0 0 3 0 1 0 2 0 3 0 2 3 0 0 1 1 0 0 0 0 1 2 1 1 3 2 0 2 0 2 1 0 1 2 1 0 1 0 1 2 2 2 0 0 2 1 0 2 2 1 1 0 0 4 3 1 0 0 0 1 1 1 1 0 0 3 1 0 3
1 0 1 0 2 1 0 2 3 1 0 1 2 0 0 1 4 1 3 0 1 1 1 2 0 0 2 0 0 2 1 1 0 1 1 0 1 1 0 0 0 2 3 1 0 1 2 1 2 0 0 2 1 1 1 2 0 0 1 0 4 1 1 0 1 2 1 1 1 0 0 2 1 1 1 1 1 2 0 1 1 2 0 2 1 0 0 0 1 1 3 2 0 2 1 0 1 1 0 0 2 2 1 1 0 1 1 1 2 1 0 0 0 3 2 0 0 0 0 1 2 5 1 1 1 2 1 2 0 0 1 2 0 2 0 0 2 2 0 0 1 2 0 0 1 0 0 0 8 1 2 0 1 0 1 1 0 0 1 0 2 1 1 1 1 3 1 1 2 1 2 0 1 0 2 4 1 0 1 1 0 1 0 1 0 0 1 3 1 1 0 2 4 0 1 1 0 0 1 1
0 0 1 4 2 1 0 1 1 1 0 0 1 1 0 0 2 0 1 0 2 1 1 3 1 1 1 2 1 1 1 2 0 1 1 1 1 1 1 4 1 0 1 0 1 1 4 2 1 1 1 0 1 1 1 1 1 0 1 1 1 1 0 0 1 1 1 1 1 1 0 2 2 0 0 3 2 3 0 0 0 1 3 0 4 1 0 0 0 0 0 1 1 5 1 1 4 2 2 0 1 0 2 0 1 0 0 3 0 1 3 0 1 0 0 0 2 0 0 1 0 2 2 0 0 1 2 0 1 3 1 0 2 3 3 2 1 0 1 1 1 2 0 1 1 0 0 2 1 0 0 1 0 2 0 1 1 0 1 0 2 0 0 1 0 0 0 3 4 2 0 1 1 0 2 1 4 3 0 2 0 1 1 0 1 3 2 0 0 2 0 1 0 2 0 1 0 1 1 0
0 1 1 2 2 1 1 5 1 2 1 2 0 0 1 0 0 1 0 2 2 3 3 0 0 1 1 2 2 0 0 0 1 2 0 0 0 2 1 1 2 1 1 0 0 0 2 3 0 1 1 0 0 0 0 1 1 1 3 0 2 1 0 2 0 0 1 0 1 3 1 0 1 2 1 4 0 2 1 1 1 0 1 0 0 1 1 1 3 1 0 0 3 1 2 1 0 1 3 0 0 1 1 1 1 1 0 1 2 0 0 2 0 3 0 2 2 1 1 0 0 1 1 1 1 3 1 0 1 0 0 0 0 3 2 1 0 1 0 1 0 0 2 1 0 1 0 1 1 1 0 1 0 1 1 2 0 0 1 0 1 1 0 1 0 0 1 1 2 0 2 1 0 1 0 0 1 0 1 0 0 0 2 1 1 1 1 0 2 1 0 0 2 1 1 1 1 1 0 0
2 1 1 0 1 1 0 2 1 3 0 1 2 1 0 0 3 0 0 3 0 1 0 0 1 1 1 0 0 1 2 0 0 1 2 1 0 0 0 0 1 1 1 1 0 0 2 2 0 2 0 1 1 0 0 1 0 3 0 2 0 1 1 2 0 0 0 2 3 2 1 1 0 2 2 0 1 2 1 1 0 1 0 1 3 0 1 1 1 0 2 1 0 0 1 0 0 0 1 0 0 0 0 0 2 0 2 1 0 0 0 1 0 0 0 2 0 2 0 0 0 2 1 0 1 1 1 2 2 2 1 0 1 2 1 0 2 1 2 1 1 1 1 0 0 1 1 3 3 0 2 1 1 1 0 0 2 1 1 0 3 1 1 1 2 2 1 1 1 3 0 1 0 0 0 3 1 2 0 2 0 2 0 0 1 0 0 0 1 1 2 1 0 1 2 0 1 2 0 2
4 0 1 0 1 2 0 0 3 0 0 1 1 2 4 0 0 1 1 1 1 1 1 0 4 1 0 0 1 1 1 0 0 0 0 2 0 0 1 1 2 0 0 0 0 0 1 0 2 0 0 1 1 0 0 0 2 0 2 1 1 1 2 1 0 1 2 1 1 2 0 0 0 0 2 1 1 1 1 0 1 1 0 1 1 1 0 1 0 1 2 0 0 1 4 3 2 1 0 0 0 1 2 1 2 0 0 2 1 1 0 2 1 0 1 1 0 5 2 1 2 0 2 0 1 0 1 1 0 3 0 0 1 0 1 1 1 1 0 0 1 0 1 1 1 1 0 0 1 2 1 0 1 1 0 0 1 0 0 1 0 2 1 1 1 0 1 1 2 2 2 0 1 1 1 2 2 1 1 3 0 0 0 1 0 1 1 0 0 1 0 1 1 3 2 2 0 1 0 1
0 0 1 0 1 0 2 0 0 0 1 1 0 0 0 0 3 0 0 1 0 0 1 1 1 1 0 0 1 2 0 2 1 2 0 0 0 0 0 1 0 1 0 0 0 1 0 1 1 2 2 1 2 2 0 0 1 0 1 0 0 0 1 3 1 1 2 1 0 5 3 0 2 0 1 2 2 0 0 1 3 1 0 1 1 1 3 3 1 3 0 0 0 2 1 1 0 0 0 0 1 0 2 1 0 3 1 2 1 0 1 1 0 0 1 0 1 1 2 1 1 2 0 1 1 2 0 0 2 0 1 2 1 0 0 0 1 0 2 1 2 2 0 0 0 0 0 1 2 1 0 1 0 0 1 1 2 1 1 1 0 1 1 0 0 3 0 4 2 1 2 0 1 0 0 2 1 3 2 0 1 2 2 1 1 1 4 0 2 1 0 3 0 1 3 3 1 0 2 1
2 0 1 0 1 1 0 0 1 1 1 1 2 1 0 1 0 2 2 0 2 1 1 1 0 0 5 2 1 2 1 0 0 0 2 0 1 3 4 1 2 1 1 1 0 1 1 3 0 2 1 3 0 0 2 0 1 2 1 1 1 0 1 2 0 1 1 1 0 1 1 2 1 1 0 2 0 3 0 0 0 1 0 1 0 0 1 2 2 0 1 4 1 0 1 1 1 2 1 2 0 2 1 0 2 0 0 1 4 0 0 1 0 0 2 0 1 1 0 1 0 0 1 0 1 1 1 1 0 0 0 3 1 1 1 0 1 1 2 2 0 0 0 1 1 1 2 0 3 0 2 3 1 2 1 0 2 0 0 0 1 3 0 1 0 0 0 1 0 2 1 0 0 0 1 1 1 2 0 1 2 0 2 1 0 2 2 2 1 4 2 0 0 0 1 0 0 1 1 0
0 2 0 1 0 0 1 1 0 1 0 0 2 1 0 1 2 1 1 0 1 0 0 1 1 0 1 2 3 1 0 0 0 1 2 2 0 1 0 2 1 0 0 1 4 2 0 3 0 1 0 1 1 1 1 1 1 2 1 1 1 1 0 0 2 1 3 2 2 1 1 0 0 1 0 0 1 3 0 0 0 0 0 1 0 1 1 0 1 1 1 2 0 0 0 0 3 0 1 2 0 2 0 0 3 1 1 2 1 1 2 0 0 0 1 1 0 1 0 1 1 1 1 1 0 0 3 1 1 4 2 1 0 2 0 1 1 1 0 0 0 0 1 1 0 1 0 0 0 0 3 1 0 0 0 3 0 0 0 2 0 2 0 0 0 1 2 1 1 0 0 1 1 1 0 2 0 0 1 0 1 0 1 1 1 2 0 0 1 2 0 1 1 1 2 1 1 0 0 1
0 2 0 1 0 1 1 3 3 0 0 1 1 3 2 0 2 0 3 1 0 1 0 1 2 0 0 3 2 1 1 1 1 2 0 1 0 0 1 0 1 1 1 1 0 0 0 2 0 2 0 0 0 1 3 2 1 2 1 1 0 0 1 3 1 1 1 2 2 3 0 1 0 0 2 1 0 1 1 2 1 3 2 0 1 0 1 0 2 1 3 0 2 3 1 1 2 0 0 2 3 0 0 1 0 1 3 1 2 2 1 6 1 0 0 2 0 2 1 3 1 0 2 1 0 0 0 0 1 1 3 2 0 1 1 1 0 2 0 0 1 1 1 2 2 1 1 2 3 0 1 0 0 0 2 0 0 0 0 3 0 0 0 2 1 1 1 3 0 0 3 2 0 2 2 2 1 2 0 2 0 1 1 1 0 1 0 1 1 0 1 0 6 2 1 1 1 1 1 0
2 1 1 3 0 2 2 1 0 2 2 2 0 1 1 0 2 1 1 2 0 1 1 2 2 1 1 1 0 4 1 1 0 1 1 1 1 1 1 1 1 0 1 4 0 4 1 1 3 2 0 0 1 0 0 0 0 1 1 1 0 0 0 0 1 1 0 2 1 0 1 1 2 1 2 0 1 3 0 1 3 0 1 0 1 0 2 0 3 3 1 0 2 1 0 1 0 1 2 2 0 2 2 0 3 0 3 0 2 0 1 0 1 1 1 1 1 1 2 1 1 1 0 1 3 0 0 2 1 0 1 2 0 1 0 0 1 0 0 2 1 1 0 0 0 0 0 1 0 3 1 0 2 1 1 1 0 1 1 1 0 0 1 0 0 1 1 0 0 3 1 0 0 3 0 1 1 0 0 2 1 0 1 0 1 2 1 1 2 1 1 0 1 2 0 2 0 2 0 0
2 0 0 1 1 2 1 2 1 0 0 2 3 0 0 5 0 0 1 2 0 1 3 0 1 0 1 1 0 2 1 0 1 1 1 1 1 2 0 1 1 0 0 1 1 1 2 0 0 2 2 0 1 2 0 0 0 2 0 1 3 0 0 0 1 1 1 1 0 0 0 1 1 2 0 0 3 1 1 0 1 0 1 1 0 1 2 1 0 1 1 1 0 0 0 0 1 0 0 0 0 0 1 2 0 2 1 2 0 3 1 2 0 1 2 1 1 2 0 0 2 1 0 1 1 0 2 0 2 1 4 0 2 1 2 1 0 3 2 1 0 1 0 0 2 1 2 2 1 1 1 0 0 4 0 2 0 1 0 1 0 0 3 1 0 0 0 1 1 0 1 2 3 1 1 2 0 2 1 0 0 0 2 1 1 1 0 2 1 0 0 0 0 2 0 0 1 0 0 1
1 1 3 1 1 1 3 0 0 3 0 1 0 0 0 0 1 2 1 0 0 1 1 0 1 0 0 1 0 0 0 2 1 2 2 2 1 0 1 0 1 1 0 2 0 1 1 2 0 0 2 0 1 1 0 3 1 0 1 1 0 1 3 0 1 1 1 0 0 1 2 0 1 1 3 0 2 1 1 0 0 1 0 2 2 1 1 1 1 1 0 2 1 2 1 0 0 1 0 2 3 1 0 1 2 0 1 1 1 2 1 2 1 1 1 0 2 0 1 1 2 0 2 0 1 1 1 2 0 2 2 3 0 2 3 1 0 1 0 0 2 0 0 1 1 0 1 1 0 0 0 0 3 2 2 2 1 1 0 1 0 3 1 2 0 2 0 1 0 2 1 0 0 1 0 1 1 0 2 0 1 0 1 0 1 2 1 0 2 1 0 0 0 0 1 1 0 0 1 2
0 1 0 0 1 1 0 3 1 1 1 1 0 4 0 2 1 1 0 1 1 0 0 2 0 0 1 0 2 1 2 0 1 2 0 0 0 0 1 0 1 1 2 2 3 0 0 5 1 2 0 1 1 0 2 1 1 0 1 1 0 0 2 0 0 1 1 1 2 0 0 2 0 0 0 1 0 0 1 2 0 0 3 0 0 1 0 1 1 4 1 0 0 0 0 0 2 1 1 2 1 1 1 0 0 0 2 1 1 0 1 2 0 0 0 1 0 0 3 0 2 3 0 0 4 1 0 1 2 0 3 1 1 0 1 0 1 2 0 0 0 1 0 1 2 2 0 0 0 1 0 3 1 1 0 0 1 0 0 3 1 2 0 0 0 0 1 2 1 0 2 2 2 1 0 1 2 1 1 1 1 1 1 1 0 3 2 0 2 2 1 2 0 2 1 1 1 1 1 0
1 5 0 1 1 1 3 2 0 3 2 2 1 1 1 0 0 0 2 1 1 2 1 2 1 1 1 1 1 2 1 1 4 3 2 0 1 1 2 1 1 0 0 2 1 0 1 0 0 1 1 1 1 0 0 0 0 1 1 0 2 2 2 0 1 2 6 1 0 2 0 3 2 1 2 1 0 1 4 1 1 4 1 0 0 1 0 0 1 0 0 0 1 0 1 2 0 1 2 0 1 3 1 1 0 2 1 0 1 0 1 1 1 0 0 0 1 1 1 0 1 0 1 0 2 3 1 4 2 3 0 2 1 0 1 1 1 1 3 1 0 0 1 1 1 1 1 1 1 0 0 0 1 0 0 1 1 0 2 1 0 2 1 1 1 1 2 3 1 1 0 1 1 1 2 1 0 2 0 0 3 1 0 1 1 0 0 0 0 1 1 1 0 2 0 0 3 0 3 2
0 0 1 1 3 0 1 0 0 2 2 1 2 1 1 1 2 4 2 0 0 2 0 2 0 1 1 0 3 2 2 1 1 0 0 1 5 1 0 2 2 0 1 1 0 1 1 1 1 1 1 1 0 0 0 1 0 0 0 4 0 0 0 2 0 0 3 2 1 2 1 0 1 0 1 0 0 0 2 0 1 0 0 1 0 1 2 0 1 1 1 2 1 1 0 2 1 0 1 1 0 2 2 1 0 2 1 3 0 0 1 3 1 1 0 0 0 2 0 0 0 0 2 3 1 2 2 0 3 1 2 0 1 0 1 1 0 0 0 2 0 1 1 1 0 2 1 0 0 0 0 1 5 0 2 1 0 0 0 0 1 1 1 0 2 0 3 2 0 1 0 1 2 2 0 1 2 1 1 3 2 2 0 1 1 1 0 0 1 4 4 1 0 2 1 0 2 2 1 1
1 1 1 0 2 1 2 2 0 0 1 1 0 1 2 1 1 2 0 1 1 2 1 0 0 0 0 2 3 0 1 0 1 0 0 1 0 1 2 2 1 2 1 0 1 2 1 2 0 1 1 0 0 2 0 0 0 2 1 1 1 1 2 0 1 3 1 1 0 1 1 1 1 0 1 0 3 3 0 0 0 2 0 1 0 1 1 1 5 1 0 0 0 1 0 1 0 2 1 1 2 0 0 0 0 4 1 2 1 1 0 1 1 0 2 0 0 0 2 0 1 1 1 1 0 0 0 2 0 1 1 1 0 0 1 0 1 2 2 0 0 1 3 2 2 0 1 0 1 0 1 1 0 1 1 2 1 3 1 1 0 0 0 0 0 1 1 0 0 3 0 0 1 0 1 1 1 0 0 1 2 1 2 1 3 1 2 2 0 0 0 5 2 0 2 1 1 2 1 0
1 1 0 0 1 1 0 0 0 0 1 2 0 0 1 1 1 0 0 0 0 2 0 0 1 0 1 2 0 0 1 2 1 0 1 3 1 2 2 0 0 1 1 2 1 0 0 0 0 1 1 3 0 2 0 0 4 1 1 0 0 1 3 2 2 0 2 0 0 1 1 0 1 1 2 2 0 1 1 0 1 0 0 1 1 1 1 0 2 1 0 1 1 0 3 0 3 0 1 1 0 4 0 0 1 1 0 2 0 0 1 0 0 1 1 1 3 2 3 3 2 0 0 1 2 1 1 1 2 0 0 0 0 0 1 1 1 0 0 2 0 3 0 1 0 0 1 1 1 1 0 1 0 0 0 0 1 1 0 3 1 0 0 0 3 1 0 1 0 0 1 1 1 2 1 0 1 1 2 0 0 0 1 2 1 5 3 1 1 2 1 0 1 0 2 1 2 0 1 0
0 1 3 0 1 1 0 0 1 0 1 2 2 1 1 1 3 1 5 1 1 1 2 2 1 3 3 0 0 0 1 1 0 0 1 3 4 1 0 1 1 0 1 2 0 2 0 1 0 1 1 2 2 1 2 2 0 0 0 0 3 2 1 0 1 1 0 0 2 1 1 0 0 0 1 0 1 1 2 0 1 0 3 1 3 0 1 1 0 0 0 0 0 1 0 1 1 1 1 4 3 0 0 3 1 1 2 1 1 0 0 1 2 2 0 0 0 0 3 2 1 1 0 1 0 1 0 2 3 1 1 1 1 1 0 2 2 0 0 1 2 0 3 1 2 1 5 0 1 0 2 1 1 1 0 0 1 0 2 0 1 1 2 2 1 1 2 1 1 0 1 4 1 0 3 1 0 2 0 1 1 3 0 0 3 1 0 2 1 1 1 1 1 0 0 1 1 2 0 0
0 0 1 1 2 0 0 3 1 0 1 3 0 1 2 0 2 1 2 2 1 1 2 1 2 1 2 1 0 1 1 2 0 1 1 1 0 1 2 2 1 1 0 2 1 1 3 0 2 1 2 2 1 1 1 2 0 0 0 0 2 0 0 0 0 0 0 0 0 2 1 1 2 1 4 0 1 0 1 0 1 0 0 0 1 0 0 1 1 1 1 0 1 2 1 1 0 1 1 1 0 0 1 1 1 1 0 3 1 0 1 0 0 1 2 1 1 0 2 1 0 1 0 0 1 1 0 1 1 0 1 1 0 1 2 0 0 0 0 2 1 2 1 1 0 0 1 1 0 3 0 1 1 1 1 2 0 0 1 1 0 0 1 0 0 1 1 2 2 0 0 0 0 2 0 3 1 1 1 0 2 0 0 1 0 2 0 0 1 1 0 0 2 1 2 1 2 0 0 0
1 2 0 1 1 1 2 1 1 0 0 1 1 3 1 0 3 2 1 1 1 0 1 1 1 3 1 0 3 2 0 0 1 0 0 0 1 0 1 0 1 1 1 1 1 0 1 2 0 1 0 3 0 1 2 0 3 0 0 3 1 0 0 1 1 0 3 1 1 2 1 1 1 2 3 2 1 1 1 0 1 1 0 1 0 1 2 3 1 1 0 0 3 0 1 0 0 0 2 1 1 1 1 1 0 1 1 0 0 2 1 2 1 1 3 1 0 2 1 0 2 1 1 1 1 0 1 0 0 1 1 0 1 1 2 0 0 1 1 0 1 1 2 1 0 2 2 1 1 1 1 0 0 1 3 0 0 1 4 1 1 0 1 0 2 0 1 1 0 1 2 1 0 1 1 0 2 5 0 1 2 2 0 1 1 2 0 3 1 0 0 1 0 0 0 4 0 0 0 1
1 0 3 0 1 2 0 1 1 2 1 0 0 2 0 1 0 1 3 2 0 0 0 0 1 1 3 1 1 0 1 0 1 0 0 0 1 1 1 1 2 1 2 0 4 1 0 0 2 1 1 0 0 0 0 0 1 2 0 1 0 2 0 1 0 0 0 2 3 0 0 3 0 1 0 0 1 0 0 2 0 0 0 0 1 1 1 1 0 1 0 0 3 2 1 1 4 0 0 0 0 0 1 0 2 0 2 0 1 1 0 0 0 0 3 0 2 2 0 1 1 1 0 1 1 2 0 3 1 2 1 0 2 0 0 0 1 0 2 0 1 1 3 1 0 1 0 1 2 0 3 0 3 0 0 1 2 0 1 1 3 0 2 1 1 1 2 1 0 0 6 0 1 1 1 2 1 1 0 2 3 1 1 0 2 0 0 0 2 0 2 3 0 2 0 1 0 0 1 2
2 0 2 1 1 1 0 1 1 2 0 1 1 1 0 2 3 1 1 0 2 0 1 2 0 2 0 0 2 0 1 1 0 1 0 0 1 0 1 1 0 1 2 0 0 1 1 0 0 2 3 2 2 1 0 1 0 0 0 1 1 2 1 2 0 1 0 1 3 0 1 4 2 0 1 1 0 1 3 0 0 0 5 0 0 0 1 0 0 1 2 3 0 2 1 0 3 3 2 1 1 1 0 1 0 0 1 0 0 2 1 1 0 0 3 0 0 0 1 0 2 0 2 2 0 0 0 2 0 0 3 0 2 0 0 0 1 2 0 0 0 3 1 3 0 2 2 0 1 0 0 1 1 2 0 1 0 1 1 3 0 2 2 2 1 1 0 1 1 1 1 0 0 2 0 0 1 1 2 1 4 1 0 1 1 0 0 0 0 1 1 1 0 1 1 2 1 1 0 1
1 0 1 0 1 1 0 1 0 1 1 1 0 2 1 2 0 2 0 0 1 3 0 0 1 1 0 0 1 1 0 3 0 1 1 1 2 1 2 0 1 2 1 0 0 0 0 1 0 1 1 1 0 0 1 0 0 1 1 0 0 1 3 0 2 2 2 1 0 3 0 1 1 1 0 0 0 1 0 0 0 0 0 1 1 0 1 1 1 2 1 0 2 0 2 1 1 0 1 2 2 2 0 2 1 0 2 1 1 5 0 1 1 0 1 1 3 0 1 1 1 0 1 2 0 0 2 1 0 0 1 2 0 2 1 2 0 0 0 0 0 1 1 1 1 0 0 1 1 0 2 2 2 1 1 0 0 1 0 3 0 1 0 1 2 0 2 0 1 0 1 1 1 1 1 2 0 0 0 8 1 1 0 3 1 0 0 1 2 1 1 0 2 0 1 3 0 2 5 1
0 1 1 0 1 1 0 0 3 1 1 0 1 0 0 2 1 2 1 0 2 0 0 2 2 0 1 0 1 0 0 1 0 0 2 1 1 0 1 2 1 1 1 1 1 1 1 1 3 2 2 0 1 2 0 0 0 1 0 1 0 2 2 1 2 2 0 2 1 1 1 2 0 2 0 1 1 1 1 1 1 2 0 0 3 1 0 1 2 1 0 0 0 1 0 1 2 1 2 1 1 1 1 2 1 1 1 0 0 0 0 1 2 0 1 0 0 1 1 0 1 1 2 0 0 1 1 0 2 0 0 0 0 0 2 1 1 1 0 0 0 0 1 2 3 1 2 3 1 1 0 1 0 5 3 0 3 2 0 1 0 0 1 0 2 1 1 0 0 1 0 0 0 0 0 1 1 0 0 1 2 0 1 1 2 1 1 2 1 0 1 1 1 0 1 0 1 1 1 1
1 0 1 1 1 0 0 1 1 1 3 0 3 1 1 1 0 0 0 3 1 1 3 1 1 1 0 2 1 0 0 0 2 3 1 1 1 3 0 0 2 0 2 1 4 3 0 1 0 0 1 0 0 0 0 1 3 0 0 1 0 2 0 0 1 1 1 1 0 1 1 0 0 0 0 1 3 0 0 2 0 0 2 1 1 0 1 1 0 2 2 2 1 2 1 1 1 1 7 1 1 1 0 2 1 1 2 1 0 3 1 1 1 1 2 1 2 2 2 0 1 0 2 0 0 1 1 1 0 1 0 1 1 3 0 2 1 1 3 1 0 0 0 1 2 1 0 0 1 2 0 1 0 0 2 0 0 0 0 0 0 0 0 0 3 1 1 1 0 1 0 1 0 0 1 1 1 0 0 0 1 1 2 2 2 0 1 1 1 0 1 0 1 0 1 2 0 3 0 0
1 0 1 1 1 1 1 0 3 3 1 2 2 2 1 4 2 2 1 0 5 1 2 2 0 5 1 1 0 0 1 0 0 0 0 1 0 0 0 2 1 2 1 2 2 0 1 1 0 1 2 0 0 2 1 1 1 0 1 2 1 0 1 1 1 1 0 1 2 0 1 1 1 1 2 0 0 1 0 0 1 1 1 1 1 0 1 1 2 1 0 1 2 1 0 2 1 0 0 1 1 1 1 0 0 2 1 0 0 0 2 0 0 5 2 0 3 0 0 2 1 1 0 0 1 1 0 0 0 0 1 1 3 0 3 1 2 3 1 1 1 0 0 2 0 2 0 2 0 0 2 0 0 2 0 2 2 1 0 0 1 0 0 0 1 0 0 1 0 0 2 0 0 1 0 1 1 1 0 0 0 1 0 0 0 2 1 1 2 0 0 0 1 0 0 2 0 2 2 0
1 0 0 1 0 1 1 0 0 0 0 1 1 1 0 1 2 1 0 1 1 3 0 0 1 1 3 1 0 1 2 1 3 2 1 1 1 1 0 1 1 1 1 2 3 0 1 2 0 2 1 0 1 1 2 1 3 1 2 1 1 2 0 1 0 1 0 2 0 1 0 2 3 1 0 0 0 0 2 1 0 0 0 0 2 1 0 1 0 1 2 0 1 0 0 2 2 2 0 1 0 2 1 0 1 1 1 1 1 0 1 1 2 0 0 2 0 0 1 1 0 1 0 1 1 2 0 0 1 1 1 1 2 1 1 1 1 1 3 1 2 1 2 0 0 1 0 1 0 1 1 0 0 3 0 1 1 1 2 2 0 0 0 0 1 1 2 1 1 1 0 3 2 1 0 1 1 0 2 0 3 0 1 0 2 1 1 0 1 0 0 1 1 2 0 1 1 1 4 0
0 2 1 1 1 2 0 2 0 0 2 2 1 0 1 2 2 1 2 1 0 1 1 1 2 0 2 0 0 3 0 1 1 0 4 1 1 3 0 1 1 0 1 0 1 1 2 0 2 1 2 0 1 2 0 1 0 1 1 2 0 2 1 0 1 4 0 0 0 1 0 0 2 2 2 1 1 1 0 0 0 2 2 1 2 1 0 1 1 0 1 1 1 0 0 0 0 1 1 0 2 0 0 3 3 1 0 2 2 2 2 0 1 0 1 1 0 1 1 0 0 1 0 1 0 2 0 2 1 2 1 0 2 0 2 0 0 0 0 1 3 2 0 0 0 2 2 1 1 1 0 0 0 0 2 1 1 0 3 2 0 1 1 1 3 1 2 0 0 0 2 1 0 2 2 2 2 2 0 1 1 0 1 1 0 2 0 1 0 1 0 1 0 0 0 1 0 2 1 1
3 0 1 1 1 1 2 2 0 0 1 1 1 1 2 1 0 0 1 2 1 0 2 3 0 0 3 2 0 1 0 2 0 0 0 0 1 1 1 1 1 0 0 0 1 1 2 2 1 1 3 0 1 0 0 2 0 0 0 1 1 2 1 1 1 0 2 2 0 0 2 1 2 3 1 0 1 1 3 2 1 0 1 0 1 0 1 2 4 2 1 0 2 0 1 2 0 1 0 1 1 0 1 0 1 1 0 1 4 0 1 0 1 0 1 0 1 0 0 1 1 1 0 1 1 1 0 1 0 2 1 2 0 0 1 0 2 1 2 0 1 1 2 1 2 0 1 1 0 0 0 1 0 1 2 1 2 2 1 1 0 0 0 2 3 0 2 0 1 2 4 1 1 2 1 3 0 2 2 2 0 1 0 0 1 1 0 3 0 2 0 1 2 0 0 2 4 0 2 0
1 1 1 1 0 3 0 1 1 1 0 1 1 1 1 0 3 3 2 1 2 1 3 1 0 1 0 1 1 3 2 0 0 0 0 0 0 0 1 0 1 0 1 0 1 2 0 0 1 0 3 1 1 1 1 0 1 1 1 0 3 2 1 1 2 1 0 2 1 0 0 0 0 0 2 1 2 1 2 2 2 1 0 1 0 0 1 2 0 2 0 1 3 0 0 1 0 1 2 1 0 0 0 1 1 1 3 2 1 1 0 1 0 1 0 0 1 0 0 0 1 0 0 2 0 1 0 2 1 0 1 1 1 1 5 1 2 0 2 0 2 0 0 0 2 1 0 0 1 3 1 2 1 0 0 1 0 1 1 1 1 1 0 0 1 0 0 1 0 0 1 0 1 0 1 0 3 2 2 0 1 2 0 0 0 0 0 0 0 0 0 0 0 1 0 3 0 0 2 0
1 1 2 0 2 0 1 0 0 1 0 2 2 1 0 1 0 2 0 1 3 3 1 1 1 0 0 0 1 4 0 2 0 0 0 1 2 1 1 0 1 1 0 1 1 0 2 1 0 0 0 0 2 0 0 2 1 2 1 0 0 0 0 0 1 0 4 0 0 0 0 0 2 1 0 1 1 1 2 1 3 4 1 2 2 1 0 1 1 0 2 1 0 0 2 0 0 1 0 0 2 0 2 1 0 1 0 1 1 1 0 1 3 1 1 0 0 0 2 1 3 0 1 0 0 2 1 2 1 0 1 0 0 1 0 1 1 1 0 1 3 0 2 1 1 1 0 0 0 1 1 1 0 0 0 1 0 2 0 0 1 2 0 1 0 2 1 0 1 1 1 1 0 0 0 2 2 1 0 1 1 4 0 1 3 0 2 1 1 1 1 0 1 1 0 1 0 1 0 3
5 0 1 1 1 0 0 2 1 3 1 1 1 1 1 1 1 2 0 0 0 0 2 1 0 0 0 0 0 1 1 1 1 1 0 1 0 1 2 1 1 0 0 4 0 0 2 5 2 1 0 0 1 0 1 1 1 2 2 0 1 0 1 3 0 1 0 1 0 1 1 0 4 0 1 0 1 0 1 2 1 0 0 0 1 2 1 1 0 1 0 3 2 1 2 0 2 0 1 0 1 2 2 0 1 1 0 1 0 1 1 1 0 0 0 2 0 8 1 1 3 1 2 3 0 3 0 1 0 0 1 0 1 1 1 0 1 2 1 1 1 1 0 0 1 0 1 0 0 1 1 0 1 0 1 1 1 0 2 0 1 0 0 0 0 2 1 1 0 1 0 1 2 0 1 0 0 1 0 1 1 0 2 3 1 0 0 2 0 0 0 1 1 1 1 1 2 0 2 1
1 1 1 1 1 1 2 2 0 1 0 2 1 1 2 1 2 0 1 1 2 1 1 3 2 1 1 2 2 0 1 2 2 0 5 0 2 2 2 1 2 0 0 1 1 1 1 3 1 1 2 0 0 0 1 0 0 2 1 0 1 0 2 4 3 1 1 0 0 0 1 2 0 1 2 0 1 1 1 0 1 0 0 0 4 1 2 1 0 0 0 4 1 1 1 0 2 1 1 0 0 0 0 1 0 1 2 2 0 0 0 2 1 1 0 1 0 1 0 1 0 2 1 0 0 0 3 1 0 1 0 0 0 1 0 3 1 0 0 0 1 2 0 1 1 0 3 1 1 0 1 0 1 2 1 0 3 0 1 1 1 1 0 2 1 1 0 1 1 0 0 0 0 2 0 2 0 2 0 0 1 3 0 1 0 1 1 1 2 1 2 0 0 1 0 0 1 1 0 1
3 1 1 1 0 6 0 2 1 1 2 0 1 1 0 1 0 1 0 1 0 5 2 2 1 1 2 1 0 0 1 0 1 0 2 1 0 1 4 1 0 0 0 0 0 3 0 2 0 1 0 1 2 0 1 3 0 1 1 0 0 0 0 1 0 1 1 1 1 1 1 1 0 2 0 2 1 2 2 1 1 2 1 1 0 0 0 1 1 1 0 2 1 0 2 1 1 0 0 0 0 0 1 0 1 1 0 2 0 2 1 0 0 1 1 2 0 2 0 0 2 1 0 2 3 1 1 1 0 0 0 0 1 0 2 0 1 3 0 2 0 0 2 1 0 0 1 1 1 1 0 4 0 1 0 0 0 1 0 2 1 2 2 0 1 1 1 2 1 0 0 0 0 2 0 0 0 1 0 0 3 1 0 2 1 3 1 0 2 3 0 1 0 3 1 1 0 0 0 2
1 0 0 0 4 1 1 2 0 1 1 2 4 2 2 2 0 0 0 0 1 2 1 1 1 0 1 1 0 1 2 1 0 0 0 0 2 0 1 2 0 0 5 4 0 0 1 1 1 3 2 0 0 1 1 1 1 0 1 1 1 0 0 0 3 1 1 0 1 0 1 1 2 1 0 1 0 1 2 0 1 0 0 1 1 2 0 1 1 0 1 1 1 1 2 1 1 0 1 1 1 0 1 2 1 0 0 0 0 1 2 2 0 2 1 2 1 0 1 1 1 0 1 3 1 0 0 0 0 3 0 1 1 1 1 1 0 0 1 2 1 1 0 0 0 1 2 1 0 0 4 0 1 1 0 2 2 1 0 0 2 0 0 1 0 0 1 1 0 0 1 0 0 3 0 0 2 2 0 1 1 0 1 1 0 2 2 0 2 1 0 0 2 0 2 2 1 0 1 1
0 1 0 1 0 0 0 0 1 1 0 0 4 0 2 1 2 0 1 0 1 4 0 1 4 0 2 0 2 2 2 1 4 0 1 0 2 1 0 4 0 1 0 1 1 1 1 0 0 1 1 0 3 2 1 1 1 0 0 0 1 1 0 0 2 0 1 1 0 1 1 2 3 0 0 2 3 3 0 0 0 1 0 1 2 1 0 0 3 0 1 0 1 0 0 0 0 0 1 1 0 2 2 1 1 0 1 1 2 3 1 2 1 0 1 1 2 1 0 0 1 1 0 1 0 0 2 0 3 1 1 5 0 0 1 1 0 3 1 2 0 0 0 0 0 0 1 0 1 1 0 1 0 0 0 2 2 2 0 1 1 0 1 0 3 0 1 2 0 1 1 1 1 0 0 2 0 1 0 1 0 0 1 1 1 2 1 0 0 3 1 2 0 2 2 1 1 0 0 1
2 1 3 1 1 2 0 0 1 0 1 2 1 2 2 0 1 1 1 0 1 1 1 2 1 0 0 1 2 3 0 0 0 2 1 3 1 0 0 1 0 0 1 0 2 2 1 2 0 2 0 2 1 0 0 1 2 0 1 0 0 0 1 0 1 2 1 0 0 0 1 1 0 0 0 0 0 0 1 3 2 1 1 5 1 0 1 0 1 1 1 2 1 0 2 0 0 0 0 0 1 0 2 1 1 5 1 2 1 1 1 0 1 0 1 1 1 0 2 1 1 1 0 2 0 0 1 4 2 1 0 0 1 0 1 1 1 0 2 1 5 0 2 3 0 1 0 0 0 2 1 1 0 0 2 1 1 2 0 0 0 0 0 1 4 0 1 1 3 1 0 2 2 1 2 1 7 1 0 2 1 0 1 0 1 0 2 1 0 0 3 1 1 2 1 1 1 0 2 2
0 0 1 0 1 0 1 0 1 3 1 1 1 0 1 1 0 0 0 1 3 0 0 2 1 0 1 1 0 0 0 3 2 0 1 2 1 1 1 0 1 1 3 0 0 0 2 2 1 2 0 2 2 2 2 0 3 0 1 1 3 2 1 0 1 0 1 2 1 1 0 0 1 1 0 0 2 2 0 1 0 0 0 1 1 0 0 1 1 1 0 2 0 0 2 0 0 1 1 2 1 4 1 1 0 1 1 1 0 3 1 2 1 0 2 2 1 1 0 1 0 0 1 1 0 2 1 0 2 0 0 2 1 0 0 1 3 0 0 1 3 2 0 0 2 2 0 0 1 1 0 0 0 2 0 0 0 1 0 2 2 0 1 0 0 0 1 0 0 2 1 1 0 1 2 0 0 1 2 1 1 1 1 3 1 0 0 1 1 1 0 0 3 3 0 2 1 2 1 2
3 0 3 1 2 1 5 1 1 2 1 0 0 3 1 0 2 0 0 0 0 1 0 1 2 2 0 1 1 0 2 3 0 1 4 1 0 2 0 1 1 0 2 0 0 1 0 2 1 2 0 1 0 2 1 2 1 0 0 0 1 1 1 1 1 2 2 2 1 0 0 1 1 1 0 0 1 1 3 3 0 2 1 0 0 3 2 0 0 0 3 1 0 1 1 0 1 1 2 3 1 0 1 1 0 0 0 1 0 1 0 2 0 1 1 0 3 1 1 2 0 0 1 0 3 0 1 2 2 0 1 1 2 0 0 2 0 1 1 0 0 0 2 1 1 1 1 1 1 0 0 2 2 1 0 0 2 1 1 2 0 0 2 1 3 0 2 0 1 2 0 1 0 2 1 2 1 0 0 1 1 2 0 1 1 3 0 1 1 2 1 2 1 0 1 0 2 2 1 4
1 0 0 1 1 0 1 3 0 2 1 0 0 0 0 2 1 1 3 3 2 1 1 1 1 0 0 2 0 1 1 1 3 0 0 1 0 1 3 1 1 0 1 1 1 0 1 1 1 1 0 0 1 1 2 0 1 2 0 1 2 0 0 1 1 1 2 1 0 0 1 0 0 1 0 0 0 1 1 3 0 1 0 0 1 1 2 1 2 0 1 0 0 3 0 0 0 0 1 1 0 2 0 1 0 1 1 1 0 0 1 0 1 2 1 3 2 0 1 0 2 1 2 2 0 0 0 0 1 1 1 0 1 1 1 0 0 2 0 0 3 0 2 1 1 2 0 0 1 3 0 2 2 1 0 2 0 2 1 0 1 1 1 0 3 2 1 0 0 0 1 1 0 0 1 1 1 1 2 0 1 3 3 2 0 2 1 2 1 0 1 0 0 0 2 0 1 0 3 1
2 0 3 1 1 1 0 3 0 0 1 2 0 0 1 2 1 1 1 0 0 1 2 1 2 0 1 0 0 0 1 0 2 1 0 2 2 1 2 1 3 0 0 2 1 1 2 0 1 2 0 0 3 1 1 2 0 0 2 0 0 1 2 0 1 0 0 0 0 0 1 2 1 2 0 0 1 0 3 0 1 1 2 0 0 1 1 8 1 2 0 1 1 0 1 0 1 1 4 0 0 1 1 1 1 3 0 0 1 0 0 1 0 0 1 0 0 0 0 0 1 0 1 0 0 0 1 1 1 0 0 0 3 1 0 0 1 0 1 1 2 0 1 1 0 2 1 2 0 0 1 1 2 2 1 1 2 0 1 1 0 0 3 4 2 4 1 0 1 0 1 1 0 0 0 0 0 0 1 3 0 4 1 1 0 2 1 1 0 0 0 0 0 3 0 2 0 0 0 1
0 0 1 0 0 2 1 1 0 1 1 1 0 1 0 0 0 1 2 1 0 4 2 2 0 0 0 0 1 0 1 0 1 1 1 1 2 0 1 1 2 1 2 0 1 0 1 0 0 1 1 2 1 0 0 2 1 0 0 1 5 1 0 0 0 0 2 2 1 0 2 0 4 2 0 0 1 0 0 1 0 0 0 3 1 2 1 1 0 1 0 0 1 0 0 1 4 1 1 0 2 0 0 2 2 0 2 1 2 2 1 0 0 0 1 1 2 1 1 1 1 0 1 0 0 0 1 0 0 0 2 0 1 0 2 1 4 1 1 0 0 0 0 2 3 1 1 0 2 1 0 0 0 0 0 1 1 1 0 0 2 0 3 1 1 0 0 1 1 2 1 1 0 0 0 2 1 2 1 1 1 2 0 0 0 2 2 0 0 3 0 1 1 0 2 1 4 0 0 0
0 1 1 2 1 0 1 2 0 1 2 0 1 1 0 0 0 1 1 0 0 1 1 0 0 2 1 0 2 1 1 1 0 1 0 0 1 0 0 1 2 2 2 1 0 1 1 1 0 1 1 2 0 1 2 2 1 0 2 2 2 2 0 0 0 1 3 3 0 1 2 1 1 1 1 2 0 1 1 1 2 2 0 1 0 0 0 2 1 0 0 1 0 1 2 1 0 0 1 1 2 0 1 0 1 0 1 3 2 1 1 1 0 0 1 0 0 0 0 0 0 1 1 0 2 3 1 1 1 3 1 0 1 3 0 1 1 1 3 3 1 0 0 2 2 1 1 0 0 1 2 0 1 0 2 2 0 1 0 0 0 4 2 0 0 0 1 4 1 1 1 1 0 1 2 1 2 0 0 0 3 1 0 0 1 1 0 1 1 0 1 0 2 0 0 0 1 0 2 1
0 1 2 0 0 0 0 0 0 3 2 1 0 3 0 2 0 1 2 1 0 1 1 0 0 2 0 2 1 1 1 1 3 1 2 2 2 1 1 1 1 1 2 1 0 1 1 2 1 1 3 0 0 1 0 1 1 1 0 0 1 1 1 0 0 2 1 2 0 2 1 1 1 1 1 1 0 0 1 1 0 1 1 2 1 0 1 0 0 0 0 1 0 2 1 2 2 2 0 0 2 1 0 1 5 0 0 1 1 1 0 0 3 1 2 2 2 2 2 1 3 0 0 1 0 0 0 0 0 1 0 1 0 1 1 0 1 3 0 0 0 0 1 0 0 0 1 1 1 1 1 2 1 0 2 0 1 0 2 0 0 0 1 1 1 2 2 2 0 0 1 3 0 1 0 0 0 0 0 0 2 2 1 2 1 1 1 0 1 3 0 2 2 2 1 2 0 1 1 0
2 1 1 2 1 0 1 3 3 0 1 1 3 1 1 1 1 2 0 1 1 1 1 0 0 0 1 1 0 0 1 0 1 0 2 1 2 1 0 2 2 1 0 1 1 1 1 1 0 4 1 1 0 0 0 2 0 0 5 1 1 1 0 0 0 0 1 1 0 0 0 2 0 1 2 1 0 0 3 1 1 1 0 1 2 2 0 0 1 0 1 2 1 1 0 1 1 2 0 0 1 3 0 1 1 1 1 1 0 1 0 1 0 2 1 0 1 1 0 1 1 2 1 3 2 0 0 0 3 2 2 1 0 0 1 0 0 0 2 1 0 0 0 0 1 0 1 2 0 1 2 0 0 0 0 0 1 0 0 4 0 0 0 2 2 4 0 1 0 1 2 0 0 1 0 0 0 2 1 4 0 1 3 1 1 0 1 2 2 0 1 1 1 1 1 0 0 1 2 2
1 0 2 0 1 1 0 1 1 0 1 1 0 1 0 0 0 0 0 0 1 1 2 1 1 0 1 1 0 2 1 1 2 1 1 2 0 0 0 2 1 1 0 0 0 0 1 1 2 1 1 2 1 1 0 0 1 0 1 0 0 0 2 0 2 1 0 1 1 0 0 0 0 1 1 0 0 5 0 2 1 2 2 0 0 2 0 2 0 1 0 1 2 0 1 2 2 0 0 0 0 0 0 0 1 0 1 0 2 1 3 1 0 1 1 0 0 1 0 0 1 1 1 0 0 0 1 3 1 0 1 1 0 0 2 1 1 2 2 0 1 0 0 0 1 0 0 0 0 0 2 0 1 0 1 2 1 3 3 2 1 0 0 1 0 0 2 0 1 0 0 0 2 0 2 0 0 0 0 2 1 1 2 1 0 1 0 0 0 1 0 0 1 1 1 1 1 0 2 2
1 2 0 0 0 1 2 2 0 1 0 1 1 2 1 2 0 1 2 0 0 0 2 1 0 0 1 1 1 4 4 1 0 1 0 0 1 1 0 1 1 0 0 3 0 1 1 0 0 1 1 0 1 2 1 2 1 1 0 0 2 0 2 1 0 1 2 1 5 1 3 0 1 2 1 0 1 2 0 2 1 0 1 0 0 1 2 1 0 1 1 0 1 0 1 1 0 0 1 1 2 1 3 2 1 0 0 2 1 2 2 0 0 2 1 2 1 1 1 1 1 1 0 1 0 2 0 1 2 0 1 0 0 0 2 0 0 1 2 1 0 0 0 0 1 2 0 1 0 2 0 1 0 1 0 1 0 4 1 0 1 2 1 0 0 1 3 1 1 1 2 1 1 1 1 1 0 2 0 1 2 2 1 1 2 1 0 1 1 3 0 0 2 1 2 0 2 1 2 0
1 1 0 2 1 0 2 0 1 0 1 1 3 0 2 2 2 0 0 0 0 0 0 0 0 1 1 0 0 1 1 1 0 0 2 1 0 0 2 1 0 0 1 2 1 2 0 1 2 1 0 2 1 1 0 1 3 0 0 0 1 0 1 1 2 2 1 1 1 0 0 1 1 1 1 0 0 2 0 1 5 3 0 3 0 0 0 1 1 2 0 1 1 2 0 1 0 0 3 1 0 2 1 1 2 1 0 3 2 3 1 0 3 1 1 0 2 1 0 0 2 1 0 0 0 1 0 0 0 0 1 2 0 3 1 0 2 1 1 2 2 3 1 1 3 3 1 0 0 1 1 0 3 4 0 3 3 2 1 0 1 2 0 0 0 0 0 0 1 1 0 1 0 0 3 0 1 1 0 1 1 1 0 1 2 2 0 0 1 1 1 0 0 0 1 0 1 0 0 0
0 0 1 1 1 0 4 0 1 0 0 0 1 0 0 3 0 0 0 0 2 0 1 2 2 0 2 1 0 1 0 1 5 4 0 0 0 3 1 2 1 0 1 0 1 0 0 2 2 2 1 1 0 0 1 1 0 0 1 0 1 1 0 0 2 1 1 1 2 1 2 0 0 1 2 1 1 1 0 0 0 1 0 0 2 0 1 0 0 0 2 1 0 0 2 0 0 1 2 0 0 1 0 0 3 1 2 2 2 0 1 2 0 0 0 0 1 3 0 0 2 0 3 0 1 1 1 0 2 0 1 0 1 1 1 1 0 1 1 0 1 1 0 1 1 0 0 2 2 1 1 0 0 0 0 0 2 4 0 0 2 4 0 1 0 0 2 1 2 0 0 1 1 1 1 0 1 0 2 0 1 0 1 1 0 2 0 0 3 1 1 1 0 0 1 1 1 1 2 2
1 1 1 1 0 0 1 0 0 1 1 1 1 1 4 0 0 0 0 2 2 1 0 0 0 0 2 1 1 1 1 1 1 0 1 1 4 1 0 2 0 1 0 0 1 0 0 1 0 2 0 0 2 0 0 2 0 0 1 2 1 1 0 1 1 2 2 0 0 2 0 0 1 0 1 2 0 3 0 0 0 2 0 2 3 0 2 0 0 1 1 0 2 0 0 0 1 1 1 1 0 1 0 1 0 0 0 0 1 2 2 1 1 0 2 1 0 1 0 1 1 1 0 0 2 1 1 0 0 1 2 3 1 0 2 1 1 2 0 2 1 1 0 2 2 2 0 1 1 0 1 1 1 1 1 2 1 1 0 1 2 0 2 3 0 2 0 1 0 1 1 1 2 0 1 1 2 1 0 0 0 0 1 2 0 0 1 0 2 0 1 1 1 1 3 1 0 1 0 1
1 2 1 2 0 1 1 2 1 1 0 0 1 0 1 0 1 1 1 4 4 0 1 0 0 2 3 1 0 1 1 0 2 0 2 3 1 1 2 3 1 1 1 0 0 1 2 2 1 0 0 0 0 3 0 1 1 0 4 2 2 1 0 0 0 2 0 1 1 0 1 0 0 0 0 1 2 1 1 0 0 5 1 0 3 0 3 1 0 1 2 0 0 1 3 0 1 0 0 0 1 0 1 2 1 0 0 2 0 0 2 0 0 1 0 0 1 1 3 1 1 1 4 1 1 3 0 1 1 2 3 2 0 1 1 2 1 1 1 0 0 1 1 1 0 0 1 0 1 1 2 1 2 1 0 0 0 0 1 4 2 1 0 1 0 1 1 0 2 1 1 0 5 0 0 1 1 0 1 0 1 1 1 1 1 0 2 0 2 1 2 1 2 0 0 0 2 4 3 0
0 1 0 2 0 1 0 0 2 2 0 3 1 1 0 0 2 0 1 1 1 1 0 1 1 0 0 0 2 1 1 1 0 0 0 2 0 2 0 1 1 0 0 2 3 1 0 1 3 1 1 0 0 1 0 1 0 0 0 1 0 2 1 1 1 1 0 1 2 1 2 3 1 0 1 2 0 2 0 0 0 1 0 1 2 3 1 1 0 0 0 2 2 2 1 1 2 0 1 2 1 3 2 1 1 1 0 2 0 1 0 1 1 0 0 0 0 2 4 2 1 2 2 0 1 0 0 1 0 1 1 0 0 0 1 2 0 0 1 1 0 0 0 1 0 1 0 1 0 1 1 0 0 3 0 1 0 1 1 1 0 0 1 1 1 2 0 2 0 1 0 0 1 0 1 1 2 0 2 1 1 1 0 1 1 2 1 2 0 2 2 1 2 3 0 0 1 2 3 2
0 0 0 1 3 0 1 2 0 1 1 1 2 2 1 0 0 0 2 2 0 0 1 1 1 4 1 0 0 1 0 1 2 1 3 0 0 3 0 2 0 0 1 0 0 0 0 1 1 0 0 1 2 1 1 0 1 1 1 0 1 0 1 1 0 1 1 1 1 2 2 2 1 2 0 0 0 0 0 1 0 1 0 0 1 1 0 1 1 0 1 0 2 2 2 0 0 2 1 3 1 0 1 0 1 0 1 1 1 1 1 2 1 0 0 3 1 1 2 0 3 2 1 2 0 0 3 0 2 0 1 1 3 0 0 0 1 0 1 0 1 1 0 1 0 2 0 1 1 0 0 0 1 1 2 2 0 0 2 1 0 1 0 1 1 0 1 1 1 0 2 2 1 0 0 0 1 0 0 1 1 1 1 1 0 2 1 2 0 1 2 0 2 1 0 1 0 1 0 1
0 1 0 2 1 0 4 1 1 2 0 2 0 1 0 1 2 0 1 1 0 1 0 1 0 0 3 0 0 1 1 1 0 3 0 1 2 1 1 0 1 1 0 0 2 2 1 2 0 1 1 1 1 3 0 1 1 1 0 1 3 5 1 1 2 1 0 2 1 0 2 0 1 0 0 0 2 0 0 3 0 1 2 0 3 1 1 1 0 2 3 0 0 1 2 0 1 1 0 0 1 1 0 1 1 1 0 2 0 2 1 0 1 0 2 1 2 2 0 2 0 2 2 1 0 3 1 1 1 2 0 0 0 1 1 0 2 6 1 1 0 0 2 0 2 4 1 1 0 0 0 1 1 0 1 0 1 1 1 1 1 2 0 2 0 0 1 1 0 2 0 2 0 0 1 2 0 0 0 1 2 0 0 0 2 1 0 2 0 0 0 0 0 2 3 1 0 0 1 1
1 1 1 2 0 1 1 0 0 1 2 1 0 1 2 1 2 2 4 2 0 2 2 0 1 1 1 1 1 1 2 2 0 1 1 1 1 0 0 1 1 2 1 3 2 2 0 1 0 0 1 0 3 0 1 1 1 0 1 0 1 0 0 2 1 0 0 0 2 0 2 1 0 2 0 0 1 1 1 1 0 1 2 1 0 0 1 1 1 1 0 0 0 1 0 0 2 0 0 0 0 0 0 1 1 3 1 1 2 1 0 0 3 1 0 1 2 0 1 1 1 0 0 0 1 2 0 2 0 2 1 1 0 1 4 0 1 0 0 1 0 1 0 3 1 1 0 1 1 0 0 0 1 2 1 1 1 1 1 1 3 0 0 1 1 1 1 0 0 2 2 0 1 1 3 1 1 0 1 2 0 2 0 1 2 1 0 1 1 1 1 0 0 2 0 1 0 1 1 0
0 0 0 2 1 2 2 0 0 1 1 0 2 0 3 0 1 3 0 1 1 0 0 0 1 1 1 2 1 0 1 1 1 1 0 0 1 2 1 2 2 0 0 0 0 3 1 1 1 1 4 0 1 2 1 0 0 0 3 0 2 0 3 0 0 2 1 0 0 0 1 0 2 2 0 1 1 1 1 3 0 1 0 1 0 1 4 2 1 0 1 1 0 0 0 0 1 0 1 0 1 1 1 2 2 1 1 0 0 1 0 2 0 0 0 2 2 1 1 0 0 1 1 0 1 0 0 3 0 2 1 2 1 1 1 0 0 1 0 1 0 0 0 2 0 1 1 0 2 0 0 0 1 2 0 0 0 0 0 0 0 0 2 1 0 1 2 5 1 1 0 1 0 2 2 1 1 1 1 0 1 1 1 2 1 0 0 1 1 0 0 0 2 0 0 0 2 1 0 1
1 1 1 1 1 1 1 0 2 0 2 0 1 0 1 0 2 0 2 0 1 0 2 1 6 1 1 2 5 1 0 0 0 0 1 0 1 1 0 2 0 1 0 2 0 1 0 4 1 0 1 0 0 1 0 0 0 2 2 0 1 2 0 3 0 0 1 0 3 1 1 1 2 1 1 1 0 1 2 0 3 1 1 0 0 0 0 3 1 1 2 0 0 2 0 1 1 3 2 0 1 1 0 0 1 0 2 0 0 1 1 0 2 0 3 2 0 0 0 1 0 1 0 0 1 2 3 1 1 1 1 2 0 2 0 2 1 1 2 1 0 0 1 1 2 2 0 0 0 2 2 3 0 1 1 2 0 0 0 1 1 1 0 1 0 1 0 0 0 0 0 1 2 0 2 2 1 1 2 1 0 1 1 2 0 1 0 1 0 0 1 0 1 0 3 0 2 1 2 0
0 0 3 2 1 0 0 0 1 0 2 1 0 3 0 2 2 0 0 0 0 0 0 0 1 0 1 2 2 2 0 2 1 1 2 1 2 0 1 0 2 1 1 2 1 1 1 2 1 0 1 0 0 1 0 1 1 0 2 1 1 0 1 1 0 5 0 0 4 1 2 1 0 4 1 2 1 3 3 1 3 0 1 2 0 0 2 3 1 1 1 2 1 0 1 1 2 0 0 2 1 0 1 1 1 2 1 0 2 3 0 1 4 1 0 2 0 2 2 0 0 1 0 1 0 2 0 1 0 0 2 0 1 1 3 0 1 1 0 1 0 1 0 0 2 1 1 0 1 0 0 0 0 2 2 1 1 0 0 2 0 0 2 1 3 1 1 0 1 0 1 3 2 2 0 0 2 0 2 0 2 1 1 0 1 0 0 0 2 1 0 1 1 1 1 1 2 0 0 2
2 0 0 1 1 1 1 0 1 3 0 1 0 1 1 3 1 0 2 2 2 0 1 1 7 0 0 2 0 1 0 1 1 0 0 1 3 1 0 0 1 1 1 1 0 2 0 0 1 0 1 1 2 0 1 1 1 0 2 3 0 0 1 1 0 1 0 0 1 2 0 4 2 0 0 5 1 0 0 0 0 1 1 1 2 1 2 0 1 2 2 0 1 0 0 2 1 1 2 1 1 1 0 3 1 0 0 2 1 0 1 1 0 0 2 0 2 4 1 0 3 2 2 1 2 2 1 2 1 1 1 1 1 0 1 3 0 2 0 2 1 1 1 1 2 3 0 2 0 2 0 0 2 1 0 2 1 0 2 1 0 0 0 1 0 0 1 1 1 0 2 1 1 2 0 0 0 1 1 1 1 1 1 0 1 1 0 1 1 1 0 0 0 0 0 1 1 0 1 0
0 1 0 1 3 0 0 1 1 2 0 1 2 0 1 1 1 0 4 0 0 1 2 1 0 0 1 2 2 1 2 1 0 2 1 2 1 1 0 2 0 1 1 1 2 0 3 1 0 2 2 1 0 2 0 1 2 1 2 2 1 0 4 1 4 0 1 1 1 1 2 2 1 3 0 1 0 2 1 2 0 2 2 2 0 1 3 1 1 2 0 2 2 0 3 0 0 1 6 1 2 0 0 2 4 0 1 0 1 0 0 1 1 0 0 1 1 1 4 1 1 2 1 1 0 1 1 0 1 2 0 2 1 1 0 1 2 1 1 0 1 1 1 1 2 0 3 2 0 0 0 2 0 7 0 1 1 0 1 2 0 0 0 0 1 1 2 1 2 1 0 1 1 1 2 0 0 0 1 1 0 0 1 3 1 1 1 0 1 1 1 1 1 1 0 0 1 0 1 2
0 0 0 0 0 1 1 0 1 1 2 2 0 0 2 2 1 1 0 0 3 3 0 1 0 1 1 1 0 0 2 2 0 0 1 1 1 0 0 0 0 2 0 3 1 0 0 1 0 1 1 0 0 5 0 1 3 0 0 1 1 1 2 1 2 0 1 0 0 0 1 0 2 1 0 3 0 0 1 0 1 3 1 0 0 0 1 1 1 2 0 2 1 0 0 4 0 1 1 1 3 0 0 1 1 1 1 3 1 1 0 1 0 2 2 0 0 0 3 0 2 1 3 2 0 2 0 2 0 1 2 1 0 1 2 1 5 1 1 0 0 0 1 0 2 2 2 1 1 2 1 2 1 1 1 0 1 0 2 0 0 2 0 2 1 0 1 0 0 0 0 0 1 1 0 1 0 0 1 3 3 0 1 0 2 0 2 2 2 2 2 2 2 2 0 0 1 1 1 0
0 1 2 0 2 2 3 2 1 2 1 0 0 1 0 2 0 1 0 1 1 2 1 8 1 0 1 1 0 2 0 1 1 2 2 0 2 0 1 0 0 1 1 1 2 1 1 0 0 1 0 1 0 2 1 0 3 1 1 2 2 0 1 0 3 2 0 0 1 0 1 2 0 0 2 1 0 2 0 1 1 2 1 1 1 2 0 1 0 0 2 2 1 0 2 0 1 1 2 0 1 0 1 1 1 0 1 3 1 1 0 3 0 1 2 3 2 1 0 1 0 1 2 0 1 0 0 1 2 1 0 1 0 2 0 1 0 0 2 0 0 0 0 2 0 2 2 0 0 0 0 0 0 0 2 0 2 1 1 0 0 1 0 0 0 2 0 1 2 0 0 1 1 2 2 1 1 1 0 1 1 2 1 1 0 0 0 0 0 1 3 3 0 1 1 1 1 2 1 1
0 0 1 0 0 1 1 0 1 0 0 0 0 1 0 2 2 1 0 0 0 1 1 1 1 2 2 0 0 1 2 0 0 1 1 0 1 3 1 0 1 0 1 0 0 0 0 1 0 4 1 1 1 1 1 1 2 0 0 0 1 0 1 2 1 3 1 0 1 2 1 1 0 1 4 0 0 0 2 1 1 1 0 0 3 2 0 2 1 0 1 0 4 3 2 1 1 2 0 0 3 1 2 5 3 1 1 2 1 0 2 1 2 0 2 2 2 1 2 0 2 3 0 1 0 2 2 0 0 1 0 3 1 0 1 0 1 2 1 8 1 0 0 0 1 2 0 1 1 0 0 1 1 2 1 1 0 3 1 0 0 4 2 1 1 0 0 0 1 1 1 2 0 1 0 1 1 3 1 0 1 1 1 1 1 0 0 2 3 2 0 0 2 1 2 0 0 1 0 2
1 1 1 2 1 1 0 0 3 0 0 0 0 1 0 0 2 0 1 2 3 1 0 0 2 1 0 2 1 1 0 0 1 1 1 0 0 2 0 0 6 0 1 4 1 1 1 0 1 1 3 3 1 1 2 1 1 0 2 0 0 0 1 0 0 0 0 0 1 0 2 1 0 1 1 3 1 0 0 1 0 4 1 2 2 0 2 4 1 2 0 3 0 0 2 0 2 1 1 2 1 2 0 0 1 1 0 1 3 1 1 2 1 1 1 0 1 0 0 0 0 0 1 2 1 0 1 0 1 1 3 2 2 0 1 2 2 3 4 1 2 1 0 3 1 0 1 1 1 1 3 1 0 1 1 1 1 0 1 3 2 0 1 2 1 1 0 1 1 1 2 0 1 0 2 1 0 3 1 1 0 1 2 0 2 1 1 0 3 0 1 0 0 2 1 1 0 4 1 1
0 0 1 2 0 1 0 0 0 0 0 0 1 0 0 0 0 1 0 1 0 3 0 0 0 0 0 2 1 2 1 0 1 2 3 1 0 0 1 0 2 2 0 0 4 1 2 2 0 1 0 0 2 1 1 0 1 2 2 3 1 2 1 0 0 2 0 0 1 1 0 2 1 1 1 1 0 0 2 1 0 0 0 1 1 0 1 0 0 1 1 2 0 1 0 1 0 0 2 0 3 0 1 0 0 1 0 2 0 1 0 2 2 0 1 1 1 1 1 0 2 0 2 0 0 1 0 0 0 1 1 2 1 0 3 0 2 1 1 1 0 1 1 0 0 1 2 4 0 3 1 0 0 0 1 2 3 4 2 1 2 1 1 2 1 0 0 1 1 1 0 2 1 1 1 1 0 0 2 1 1 0 0 3 1 1 1 1 1 2 1 2 1 0 1 4 2 0 0 2
1 2 2 0 1 1 3 0 0 1 0 2 0 1 2 1 1 1 1 1 2 1 1 1 1 4 2 2 0 0 0 2 1 0 1 1 0 1 1 3 2 2 1 0 0 1 0 0 1 2 0 0 1 0 0 1 0 1 1 3 4 3 0 1 0 1 3 1 2 1 0 0 3 0 0 0 1 1 2 1 0 1 1 0 2 0 0 1 0 1 2 0 1 0 1 1 2 0 1 0 1 0 0 1 1 1 1 4 1 1 1 1 0 1 3 1 0 0 1 2 0 0 2 2 1 1 1 2 1 1 0 0 2 1 0 0 0 1 0 0 1 2 0 1 1 0 0 0 2 0 0 1 1 1 1 0 3 1 0 0 1 3 2 1 0 1 1 1 0 1 0 0 1 1 1 1 1 1 1 1 2 0 0 2 0 1 1 0 0 1 0 1 2 2 1 0 1 0 1 0
2 1 1 0 1 0 1 3 0 1 1 1 0 0 1 1 1 1 2 1 1 1 1 1 0 0 0 1 3 1 1 0 1 0 0 2 1 2 2 1 0 0 1 0 1 1 0 1 4 1 0 1 0 1 1 2 1 2 0 1 2 0 1 2 3 0 0 2 0 2 0 2 0 1 2 0 0 1 1 2 0 0 0 2 1 3 0 1 0 1 1 0 1 1 1 2 1 1 1 1 2 1 1 1 0 0 0 2 0 1 3 1 1 2 1 2 0 1 0 1 0 1 1 1 1 1 0 1 0 1 1 1 1 2 0 1 1 0 1 3 1 2 0 0 1 0 0 1 3 1 2 1 1 0 3 1 2 1 0 0 2 1 1 1 1 1 2 1 1 1 0 1 2 2 0 0 3 0 1 1 0 3 2 0 2 2 1 1 1 3 1 2 0 1 2 4 1 1 2 2
0 1 1 6 1 2 1 1 0 1 1 0 1 0 0 1 0 1 1 2 1 1 2 1 1 0 1 0 1 0 0 1 1 2 1 1 1 2 0 1 1 2 1 4 2 1 0 3 1 0 0 1 1 1 0 2 4 1 1 0 0 3 0 1 3 0 0 0 0 1 0 1 1 1 2 0 0 0 0 8 0 1 2 0 1 0 1 3 0 1 1 0 1 0 0 2 1 1 2 0 1 1 3 2 1 1 1 0 2 1 2 0 3 1 1 1 4 0 1 1 1 0 1 0 1 0 1 1 1 0 1 1 3 1 3 0 1 2 1 1 2 2 0 2 0 1 0 3 1 0 1 0 1 1 1 1 0 0 0 1 1 1 0 2 2 0 0 1 1 0 2 2 1 0 1 1 1 2 0 1 2 1 0 2 0 0 0 0 1 1 1 2 2 0 0 0 2 1 2 1
0 1 0 0 0 0 1 0 1 1 1 2 0 0 1 1 1 1 0 4 2 0 0 1 0 4 2 1 1 0 1 0 0 0 2 1 1 2 1 1 1 0 1 0 1 0 0 2 0 1 1 0 0 1 1 0 0 2 0 0 1 0 0 1 1 2 0 1 1 1 1 2 0 1 1 1 4 1 1 1 1 1 3 1 0 0 2 0 1 2 1 2 2 1 1 2 3 0 3 2 0 2 1 0 3 1 0 0 0 2 2 3 0 1 0 0 3 0 3 1 0 1 1 2 2 1 2 1 2 3 0 1 1 5 1 2 2 0 0 0 1 0 2 1 2 1 0 0 0 1 3 2 2 0 0 3 2 2 2 1 1 0 1 1 2 2 0 0 2 2 1 1 0 1 0 1 1 0 0 0 1 1 1 2 0 0 1 0 1 0 2 2 0 0 0 1 3 0 1 0
2 0 1 1 1 1 1 1 2 1 0 0 0 1 1 2 1 0 3 1 1 2 0 0 0 1 1 1 2 0 2 1 2 0 2 1 2 4 1 1 1 1 0 1 1 0 0 1 0 1 0 0 1 0 2 2 0 1 1 2 0 2 0 2 1 2 1 1 0 4 0 1 4 1 0 0 0 0 2 0 0 0 0 2 0 1 0 0 1 2 1 0 0 1 0 0 1 1 0 1 1 0 0 4 0 2 1 1 1 0 0 1 1 1 0 1 1 1 2 1 0 1 4 2 0 0 1 0 1 2 0 0 2 3 0 0 0 0 0 0 1 1 1 1 0 0 0 2 0 1 1 2 1 2 0 0 1 1 2 0 1 1 0 0 0 0 1 2 1 1 0 0 0 0 0 0 1 2 0 0 1 1 1 1 0 1 0 2 1 1 1 2 1 1 2 2 0 1 1 1
1 0 0 2 0 1 2 4 4 1 0 0 2 2 0 1 1 1 0 2 0 0 0 0 0 0 1 0 2 0 1 1 2 1 1 2 1 0 1 1 2 1 1 1 1 0 0 2 1 0 2 2 1 0 2 1 0 0 0 1 0 1 0 0 0 0 0 0 2 0 1 0 0 1 0 2 1 1 1 0 1 1 1 0 6 0 1 0 1 1 1 3 4 1 2 0 0 1 0 0 1 3 4 0 3 1 0 1 1 1 2 2 3 1 0 1 0 3 0 0 0 0 0 2 0 1 1 2 0 0 0 0 2 1 2 0 3 0 0 1 2 1 1 0 1 3 0 1 2 1 0 0 0 1 1 1 2 1 0 1 0 2 0 1 0 0 0 0 2 2 2 1 1 1 0 1 0 2 0 2 0 1 0 1 0 0 2 0 1 1 1 1 0 0 0 2 0 1 2 1
0 3 1 0 3 0 0 1 1 1 3 0 1 1 1 2 1 2 2 0 1 1 2 2 1 1 1 0 1 3 1 0 0 1 0 1 2 1 0 3 0 0 0 0 0 2 2 0 2 2 1 0 0 0 0 2 1 0 0 1 1 1 2 1 0 3 2 0 1 2 1 1 1 4 0 1 1 0 0 0 1 0 0 1 0 0 1 1 0 0 2 0 1 1 0 2 0 0 1 0 3 0 1 0 0 2 1 1 2 0 1 0 2 1 0 0 0 1 0 2 1 0 2 1 1 1 2 1 2 2 0 1 0 1 1 1 1 2 0 2 1 1 2 1 0 0 0 1 0 2 2 2 0 0 1 1 1 0 0 1 1 2 0 1 1 3 2 2 0 0 0 1 1 0 2 1 1 2 0 3 3 1 0 1 1 1 1 1 0 1 0 1 0 1 2 1 1 0 0 2
1 1 0 1 1 0 0 0 2 2 0 2 0 2 1 2 1 1 1 2 2 1 0 0 0 1 1 0 0 0 0 1 2 0 2 0 0 0 1 1 1 1 0 1 0 0 0 0 1 0 2 0 3 2 3 0 3 1 0 0 0 2 2 2 1 1 0 2 0 1 1 1 1 0 1 0 1 0 3 0 0 0 1 1 0 3 2 1 1 1 0 2 0 2 3 1 1 0 3 1 0 1 1 1 0 0 0 0 1 0 0 0 0 1 1 0 0 1 2 1 1 1 1 4 2 0 1 0 1 2 1 4 0 2 1 1 0 0 1 1 0 0 0 0 1 2 0 1 0 1 3 1 3 0 1 2 0 0 3 0 3 0 1 3 1 1 0 1 2 1 0 1 0 0 1 1 1 2 1 2 0 2 1 3 1 0 1 1 1 0 0 1 1 2 1 0 1 0 0 0
1 0 1 1 2 1 1 2 0 1 2 2 0 1 1 1 1 0 2 0 1 3 1 1 2 1 3 0 0 0 0 1 1 0 1 0 1 1 2 0 0 2 2 4 2 1 0 3 1 1 0 2 1 0 0 2 1 1 0 1 0 1 1 0 0 0 0 1 0 0 1 3 0 1 0 2 2 1 0 0 1 2 0 0 1 0 2 1 1 1 2 0 0 0 1 0 1 1 1 2 0 0 0 1 0 1 2 0 1 2 0 1 1 2 4 1 1 0 0 0 2 0 0 2 0 1 1 0 0 1 1 4 0 1 1 0 0 2 1 1 1 1 0 0 0 0 0 1 0 2 0 0 1 3 0 1 1 0 0 1 0 1 0 0 1 1 1 2 2 2 0 1 0 1 0 0 1 2 3 0 1 1 0 1 1 2 1 1 0 0 0 0 1 0 2 2 2 1 2 2
2 3 1 1 3 0 0 0 4 2 1 0 1 0 1 1 0 0 1 1 3 0 0 1 3 2 0 1 0 1 0 1 1 2 0 1 0 0 2 1 3 0 0 1 2 2 1 1 2 1 2 2 0 3 1 0 1 0 1 0 1 2 2 0 0 1 0 2 0 1 0 3 1 2 1 1 3 1 1 2 1 2 0 1 0 1 1 1 0 0 0 0 1 0 1 1 0 0 1 0 0 2 1 1 2 1 4 0 0 1 0 1 0 2 1 3 1 2 1 0 1 1 3 0 1 0 0 0 0 2 1 1 5 0 1 0 1 3 1 0 1 0 0 1 1 1 0 0 1 0 1 0 2 1 0 2 0 0 1 0 2 1 0 0 0 1 1 1 1 0 0 0 0 0 1 0 1 2 3 0 0 2 1 2 2 2 2 1 1 1 0 0 2 3 0 0 1 1 1 2
1 1 2 0 1 1 1 0 0 0 1 0 3 0 2 0 0 1 1 1 4 1 0 5 0 2 0 0 1 0 2 1 1 1 0 2 1 1 0 1 2 0 1 1 0 0 1 0 0 0 1 1 1 0 0 2 1 1 1 1 0 2 0 2 2 0 1 3 0 0 1 1 0 1 1 1 0 3 0 1 2 0 1 3 1 4 1 1 0 0 0 0 3 0 3 2 1 1 0 1 0 1 0 3 2 2 2 3 1 0 0 0 0 1 1 1 1 4 0 2 0 1 0 0 1 6 1 0 0 0 0 0 2 1 1 2 0 0 0 2 1 1 1 1 0 2 0 1 1 0 0 2 0 1 3 1 0 0 1 2 2 1 1 2 0 0 1 2 2 2 0 0 2 1 1 0 1 2 0 2 0 1 2 0 2 0 1 0 0 1 1 2 0 0 0 0 0 2 0 0
1 0 0 0 2 1 0 1 2 0 1 0 2 3 0 1 1 1 1 0 2 1 0 2 1 2 0 0 1 1 1 1 1 1 0 3 2 0 0 1 2 1 3 0 0 0 2 0 1 3 0 0 0 0 1 1 0 1 0 1 1 1 2 1 0 0 0 1 2 2 2 1 1 0 0 2 1 0 1 3 1 1 0 0 0 0 1 1 0 0 1 3 1 0 1 0 1 1 1 2 2 0 2 0 1 1 1 0 0 0 0 0 0 0 0 1 1 0 2 1 1 3 1 0 1 2 2 2 0 2 2 2 0 0 0 1 0 2 1 0 0 0 0 2 0 0 1 1 1 1 3 0 2 2 3 0 0 3 0 0 2 1 1 1 0 0 1 0 3 1 2 2 0 0 1 0 1 2 1 1 2 0 2 1 0 0 1 0 1 2 0 3 0 0 1 2 1 1 0 0
0 2 1 0 0 1 3 0 1 0 2 1 1 0 1 1 1 1 1 0 0 1 1 2 0 1 0 0 2 0 1 1 0 3 1 1 0 2 1 1 1 1 1 0 1 0 0 0 4 4 0 0 1 2 0 3 1 0 0 0 0 1 1 2 3 1 1 0 2 2 1 1 1 1 0 1 1 1 1 1 1 1 3 1 0 1 0 1 1 2 1 1 0 0 0 0 0 0 0 0 2 2 2 0 1 1 1 1 1 2 1 0 0 1 1 0 0 1 0 1 2 2 3 1 2 1 0 0 1 1 0 1 2 2 0 2 0 0 1 1 1 1 0 0 0 0 0 0 1 0 1 2 2 1 0 1 2 0 2 0 1 1 1 2 1 1 3 0 0 0 3 0 0 3 1 0 0 0 1 2 1 1 1 2 0 0 2 0 2 1 2 0 0 1 0 0 0 1 2 1
1 0 0 0 1 0 0 0 0 0 1 2 1 2 0 1 2 1 0 1 0 1 1 0 1 1 0 2 0 0 2 1 0 0 1 1 1 1 1 0 2 0 1 1 3 1 2 2 1 0 0 0 0 3 2 5 0 1 2 1 0 1 1 4 0 1 1 0 1 0 2 2 0 1 1 1 0 2 0 0 0 1 1 2 1 1 2 2 0 2 2 0 0 0 0 1 0 1 2 1 0 1 0 0 2 1 1 0 1 1 1 0 2 0 1 2 0 1 1 1 0 2 3 0 1 1 2 0 1 1 0 0 1 1 1 1 4 1 2 3 0 2 2 1 1 2 3 1 1 0 1 2 1 1 2 0 0 2 1 0 2 0 1 0 0 1 1 0 0 1 1 1 0 0 1 1 0 0 1 0 1 4 0 4 0 1 2 2 1 0 2 0 0 2 0 0 0 1 2 0
1 1 1 1 1 2 1 2 1 1 0 0 1 0 1 1 1 0 0 1 0 1 0 0 0 1 0 0 3 1 1 0 0 1 1 1 0 2 0 1 0 1 0 0 0 1 0 1 1 0 0 1 1 0 2 1 1 3 4 1 3 2 1 0 1 1 0 0 1 0 1 1 1 1 1 1 1 1 0 1 0 1 3 0 1 1 0 1 1 1 0 1 0 0 1 0 4 1 2 2 1 0 0 2 3 0 0 0 1 0 2 0 2 0 1 0 3 0 0 1 1 0 1 0 1 1 0 1 0 1 3 2 1 2 1 2 0 0 1 0 1 0 0 1 0 4 0 0 2 1 0 1 1 1 1 2 1 0 4 1 0 0 1 2 1 1 0 2 1 0 0 0 2 2 2 1 1 1 1 0 0 2 1 1 2 3 0 0 1 1 2 1 0 1 0 0 0 0 1 1
0 2 0 2 0 1 0 0 1 2 1 2 0 0 0 1 1 2 2 1 0 1 1 1 0 1 0 1 1 1 1 1 1 1 0 1 3 2 0 3 1 1 0 2 2 1 1 1 1 0 1 1 0 1 2 0 1 0 1 1 0 0 1 4 0 2 0 0 0 1 1 0 3 0 0 1 0 3 1 1 2 2 0 3 0 0 0 2 1 0 1 0 1 1 2 7 1 1 1 0 1 1 2 1 3 0 1 0 2 0 1 3 3 1 0 1 1 0 1 1 2 1 0 1 0 1 2 0 0 1 0 2 2 0 2 0 0 0 1 2 1 3 2 1 2 0 0 1 0 1 0 0 0 0 2 2 0 0 0 0 1 1 0 1 0 1 1 4 2 1 0 1 1 1 0 0 0 1 2 1 4 0 0 1 1 0 1 1 0 0 1 1 2 1 1 1 0 0 2 5
1 1 0 0 3 0 3 2 0 0 1 1 0 3 1 0 1 0 1 1 1 0 1 0 2 1 2 0 1 0 3 2 1 2 2 0 0 0 2 2 1 0 1 1 2 0 1 1 1 0 1 1 0 1 2 0 2 1 1 0 2 1 0 2 0 1 1 1 1 2 0 0 0 1 1 1 0 1 1 1 1 2 1 1 2 2 1 1 2 4 0 1 1 0 3 1 1 1 1 1 1 1 0 2 0 0 1 2 0 0 2 0 1 2 0 2 0 1 1 0 0 0 2 1 0 1 0 0 1 1 3 1 1 1 0 0 0 1 0 5 1 0 2 4 1 2 2 0 2 0 0 1 0 2 1 1 3 0 0 2 1 2 2 2 0 2 0 3 3 0 1 1 0 2 0 1 1 1 1 0 1 0 1 2 2 1 1 2 0 0 2 1 0 0 2 2 1 2 0 0
0 2 3 2 0 1 1 2 0 0 3 0 0 1 1 0 1 0 1 1 0 2 0 0 2 0 1 1 1 2 0 2 1 0 0 1 0 0 1 0 0 1 0 4 0 0 1 0 3 2 1 0 1 1 1 0 4 2 1 1 0 1 3 1 3 3 0 0 1 3 1 2 1 2 2 3 1 1 1 0 0 2 1 1 2 1 1 2 0 2 1 1 1 3 1 0 0 0 0 1 0 1 0 0 3 1 0 0 1 4 1 0 2 1 1 1 3 1 0 0 2 1 1 0 1 0 0 1 2 0 2 1 0 0 0 0 1 2 1 1 1 0 0 0 1 0 0 3 1 1 2 1 1 2 2 4 1 1 0 1 0 2 2 0 0 2 1 0 2 1 1 0 1 0 2 0 2 0 1 2 1 2 0 2 1 0 1 1 2 0 2 2 0 0 1 0 1 5 0 0
