150
68 92 125 82 55 117 139 112 3 1 18 142 65 59 123 69 2 30 73 18 147 4 63 122 23 89 95 43 60 137 136 87 95 67 92 124 50 67 89 148 79 22 64 76 87 115 30 61 121 102 57 49 7 68 147 6 55 53 76 112 38 64 2 119 108 66 149 137 5 143 115 112 123 22 34 61 31 101 126 113 90 7 52 69 98 84 11 92 5 86 133 117 27 17 55 41 27 46 30 90 98 79 144 6 64 56 81 132 22 100 14 128 51 58 141 11 81 94 68 104 60 60 123 89 98 116 37 49 51 59 35 131 8 7 136 22 126 49 40 8 20 2 26 80 80 35 62 115 135 54
0 1 1 0 2 0 0 0 0 2 2 1 0 1 1 1 2 1 2 0 1 0 0 2 0 0 0 2 0 0 3 1 2 1 2 0 4 0 3 2 4 2 2 1 0 1 0 0 3 0 1 1 1 3 1 0 3 1 1 1 1 2 0 0 0 0 1 1 0 0 1 0 1 0 1 2 0 3 2 0 0 0 1 3 3 3 1 0 4 2 1 2 0 1 0 0 0 1 2 2 1 2 1 1 1 1 2 0 2 1 1 0 3 2 1 0 1 3 3 1 1 0 1 0 2 1 1 1 2 0 1 0 0 2 3 1 0 1 1 4 0 1 2 0 4 0 0 3 1 2
1 0 0 0 1 5 1 2 0 3 5 1 0 1 2 2 1 0 1 0 1 1 0 1 2 2 0 1 2 2 1 0 2 0 1 2 0 2 1 0 1 2 0 1 1 0 0 1 0 3 0 0 1 1 1 0 2 1 0 2 1 1 2 2 1 0 1 2 1 0 0 0 1 0 2 2 3 0 0 2 0 1 2 1 2 0 2 0 2 0 1 0 1 0 0 0 1 1 1 1 0 1 2 2 0 1 2 0 1 1 2 1 2 0 0 2 0 0 1 0 1 0 6 2 1 1 1 2 1 0 2 0 3 1 2 0 0 2 0 2 0 1 0 0 0 1 0 1 1 3
1 0 0 1 2 1 4 1 2 1 0 1 1 2 0 0 3 0 2 1 1 1 4 1 0 0 0 2 3 3 0 0 3 3 0 1 2 1 2 2 0 2 0 0 2 2 2 0 1 2 1 1 1 2 4 2 0 1 2 3 0 0 0 1 3 2 0 0 2 1 3 3 0 2 6 1 3 0 0 2 2 1 2 1 2 1 0 1 0 1 4 1 2 3 5 1 0 0 2 0 1 0 0 1 0 1 0 1 2 1 2 0 1 3 0 0 0 0 3 2 2 1 2 1 1 0 0 4 2 2 2 2 1 3 0 2 1 1 1 1 0 1 0 0 2 1 2 2 2 1
0 0 1 0 2 1 2 1 3 1 1 0 3 1 3 1 2 2 1 1 0 0 0 1 1 0 1 0 2 1 1 2 1 1 1 1 1 1 2 0 4 1 2 2 1 1 0 1 2 1 0 2 1 1 0 1 0 0 3 1 1 4 3 1 1 0 1 0 2 0 1 1 0 0 1 0 1 1 2 0 0 2 1 2 3 0 2 0 2 0 2 1 0 1 1 1 5 0 1 2 1 1 1 3 1 0 0 2 3 1 0 2 2 1 0 1 1 1 6 0 1 4 1 2 1 0 1 2 0 1 0 1 1 2 2 1 0 0 3 1 1 0 0 1 2 1 1 0 1 4
2 1 2 2 0 2 4 0 1 1 1 3 2 0 1 0 2 1 0 0 1 3 2 0 1 2 0 2 2 0 2 2 1 2 1 2 0 1 0 1 2 1 5 0 3 1 0 2 1 0 0 2 2 1 0 2 1 1 0 2 0 0 1 0 2 2 1 1 1 1 2 0 2 1 2 0 0 1 0 0 2 2 1 4 1 1 1 2 0 0 1 1 2 3 3 1 2 1 0 3 0 0 0 2 0 0 1 0 1 2 0 3 1 0 2 3 4 2 1 1 0 1 0 1 1 0 1 2 2 3 1 0 1 3 2 3 2 2 3 0 2 2 0 0 4 4 0 1 0 0
0 5 1 1 2 0 0 0 2 2 2 1 0 3 2 2 1 1 0 2 1 0 1 0 0 2 1 1 2 1 0 2 1 2 0 1 1 1 1 0 0 0 0 4 0 0 0 0 1 1 0 2 3 2 2 2 3 1 0 1 0 1 1 2 0 0 0 5 1 0 2 0 0 2 1 1 1 2 0 1 2 1 0 1 1 0 3 0 2 1 0 0 2 3 1 4 0 2 1 1 2 2 1 1 0 1 2 2 1 0 1 2 1 1 2 1 3 1 2 2 1 1 2 1 2 4 4 0 5 0 0 2 0 3 1 1 1 1 0 1 3 0 0 2 3 1 2 0 2 1
0 1 4 2 4 0 0 0 0 1 2 1 2 3 1 2 1 1 2 0 0 1 1 1 1 1 1 3 0 1 0 1 3 2 1 0 1 1 3 2 3 0 0 2 3 1 0 3 1 1 4 1 1 0 0 0 0 2 2 0 0 2 3 1 0 2 1 1 2 0 4 0 0 1 0 0 1 2 2 0 0 1 0 0 0 1 0 1 2 3 1 1 0 0 1 2 4 2 1 2 2 3 1 1 4 3 1 1 1 0 0 0 2 1 0 0 1 1 2 1 1 1 1 1 1 0 2 3 1 2 1 1 0 1 0 2 1 1 1 0 2 0 2 3 1 1 1 3 0 0
0 2 1 1 0 0 0 0 2 3 1 1 3 2 2 1 1 3 9 3 5 1 2 3 1 2 3 1 1 1 2 0 4 4 0 0 0 0 1 2 0 0 1 1 1 1 2 0 0 2 2 1 0 2 1 1 2 2 3 1 1 2 0 1 1 0 1 2 1 0 1 1 2 0 3 1 0 0 0 1 1 0 0 1 2 2 1 3 0 1 0 1 2 2 2 2 1 2 0 0 2 0 1 3 3 2 1 1 0 1 2 3 1 0 3 0 0 1 1 1 0 3 1 0 0 2 0 0 1 3 1 0 0 3 3 1 1 2 0 3 0 1 1 4 0 2 1 0 1 1
0 0 2 3 1 2 0 2 0 0 3 2 0 4 0 2 1 1 3 3 6 2 1 2 0 1 1 2 0 0 2 0 1 0 1 2 3 0 1 1 2 4 1 2 1 1 0 1 0 1 0 1 4 1 2 0 2 0 2 2 1 3 0 1 1 3 3 2 0 1 1 1 5 1 1 1 1 2 1 1 1 1 1 0 0 1 0 2 0 0 0 2 1 0 2 0 0 0 0 0 0 2 1 1 0 0 0 4 4 2 0 0 2 3 1 1 1 3 0 0 1 0 2 1 1 1 2 2 3 0 0 2 1 1 1 2 0 0 1 1 0 2 1 0 0 1 1 1 3 1
2 3 1 1 1 2 1 3 0 0 2 0 1 2 0 2 0 1 2 2 2 0 1 2 1 1 2 0 1 1 3 1 1 2 1 0 1 2 2 1 1 2 1 0 2 1 2 1 1 2 2 4 0 1 4 2 1 1 2 2 1 1 1 1 1 4 3 1 1 3 1 0 1 3 3 0 0 0 1 3 0 1 3 3 0 0 6 0 1 1 0 1 1 2 1 0 1 3 1 1 1 0 0 0 1 0 3 0 0 1 2 1 1 1 2 1 1 2 1 0 0 0 0 0 0 1 1 0 1 2 4 1 2 2 0 1 1 1 0 3 0 2 1 1 1 1 3 2 0 2
2 5 0 1 1 2 2 1 3 2 0 0 0 1 3 1 2 1 0 0 1 1 0 1 0 0 2 1 2 0 0 1 1 0 2 0 1 1 6 2 4 0 3 0 2 2 1 0 1 1 0 2 1 1 3 3 0 1 2 1 0 2 1 0 1 0 0 2 1 0 1 5 3 1 1 0 0 2 0 0 1 0 3 2 1 0 1 0 1 1 1 1 1 3 0 1 2 1 2 1 2 0 2 0 0 1 0 1 1 3 2 2 2 4 2 1 2 3 2 0 2 1 2 1 2 1 3 0 0 1 2 1 0 2 2 1 4 0 1 3 1 2 2 4 2 2 1 2 0 2
1 1 1 0 3 1 1 1 2 0 0 0 1 0 0 1 2 1 0 1 0 1 2 1 0 3 1 0 1 1 0 1 0 1 1 3 0 1 0 0 2 2 1 6 2 0 0 2 2 0 0 1 4 0 3 1 1 1 2 0 2 0 0 1 1 2 2 0 2 1 0 2 0 3 1 1 1 0 3 0 1 1 0 5 1 1 3 1 1 4 1 1 1 0 2 0 3 1 1 1 1 0 0 1 2 1 2 2 0 1 1 1 0 2 0 1 2 1 2 1 0 2 1 3 1 0 1 3 1 0 1 0 1 1 0 6 0 0 0 0 2 2 0 0 1 1 1 1 1 0
0 0 1 3 2 0 2 3 0 1 0 1 0 0 2 1 3 1 1 0 1 2 0 0 1 3 3 0 1 2 1 1 2 3 0 1 2 1 2 3 1 3 1 0 2 2 0 1 0 1 1 0 1 0 3 1 0 0 3 3 0 1 2 1 0 2 2 1 2 3 2 2 2 2 3 2 1 0 2 1 1 1 2 2 0 2 2 6 1 1 0 1 3 1 0 0 1 1 0 1 1 2 3 1 2 3 3 2 2 2 4 1 2 3 4 0 2 3 3 1 2 2 2 1 2 2 0 1 0 1 1 1 1 4 1 2 0 0 4 1 1 1 2 0 0 0 5 3 1 2
1 1 2 1 0 3 3 2 4 2 1 0 0 0 2 2 1 0 1 1 2 3 1 2 2 0 0 0 0 2 3 0 0 0 0 0 1 1 2 1 1 0 2 3 2 0 2 1 1 2 1 1 2 2 0 0 0 4 2 0 4 0 2 2 0 1 0 0 2 2 1 2 2 1 0 0 2 1 1 1 0 0 1 1 0 3 1 3 2 3 2 2 0 1 0 1 2 1 3 1 1 0 1 3 0 1 1 2 3 1 1 1 2 2 0 1 0 0 2 2 1 1 4 0 0 4 0 1 2 0 4 3 0 1 0 1 0 0 1 2 1 3 2 0 1 1 0 0 2 0
1 2 0 3 1 2 1 2 0 0 3 0 2 2 0 2 0 1 0 1 0 1 3 2 2 2 0 0 1 2 1 1 1 3 0 1 3 2 0 0 1 1 1 1 1 1 1 2 1 2 1 2 1 0 1 1 0 0 3 2 2 1 1 0 2 5 2 2 1 1 2 0 0 1 1 0 0 0 2 0 0 2 0 1 0 2 2 1 1 0 2 2 0 3 3 0 2 0 1 2 1 1 0 0 0 1 1 1 2 1 1 1 0 0 2 3 0 1 4 3 1 1 1 1 1 1 0 3 0 3 3 1 0 1 2 0 1 1 1 1 1 1 1 2 2 1 0 0 3 1
1 2 0 1 0 2 2 1 2 2 1 1 1 2 2 0 2 1 0 0 0 2 1 8 0 1 1 2 1 1 4 3 1 2 1 1 1 0 1 1 0 3 1 2 5 1 0 1 0 0 1 0 2 4 2 2 3 2 2 1 1 0 1 3 3 3 0 0 0 2 2 1 1 0 1 1 1 1 1 0 1 2 0 0 0 0 1 1 0 1 2 2 1 2 3 1 0 0 2 1 1 0 2 2 2 1 3 1 1 1 0 1 2 1 1 2 1 0 2 0 1 3 3 1 1 0 1 2 3 2 1 1 1 3 0 0 0 1 1 1 0 1 1 1 0 1 0 1 0 3
2 1 3 2 2 1 1 1 1 0 2 2 3 1 0 2 0 2 2 1 2 0 3 2 0 0 0 0 0 3 1 1 2 1 1 1 2 0 0 0 0 0 1 0 1 2 3 0 0 1 0 1 0 0 2 2 1 2 1 1 1 4 1 1 0 2 4 0 0 1 2 2 0 1 2 0 3 1 2 0 1 2 1 2 2 1 1 7 0 1 1 0 0 2 0 2 1 1 3 0 1 2 0 2 0 0 2 2 2 6 1 1 1 1 2 2 1 2 2 2 1 0 2 2 0 2 0 1 1 0 2 1 4 3 1 2 1 0 0 1 2 0 2 1 1 1 1 2 1 1
1 0 0 2 1 1 1 3 1 1 1 1 1 0 1 1 2 0 1 1 0 2 0 1 1 2 1 2 0 1 1 0 1 1 2 3 0 0 2 0 1 0 2 2 0 2 1 1 2 0 1 2 1 4 1 1 1 1 2 0 0 0 1 1 0 1 0 0 0 2 0 2 3 2 1 1 0 0 3 0 2 3 1 2 3 0 0 1 3 0 1 1 0 1 1 1 1 0 2 1 2 0 2 1 2 0 1 1 2 0 2 1 1 1 0 4 0 0 0 3 0 1 2 2 1 2 0 1 1 3 0 0 0 3 0 0 1 4 2 1 2 1 0 1 2 3 0 1 1 1
2 1 2 1 0 0 2 9 3 2 0 0 1 1 0 0 2 1 0 2 2 1 0 0 0 2 1 3 3 3 0 1 0 0 1 2 1 1 5 1 0 2 0 2 0 2 0 0 1 1 0 0 0 1 0 1 2 3 1 2 1 1 0 0 2 1 0 0 3 1 1 1 5 3 2 1 2 0 1 1 3 3 2 1 0 1 3 0 0 2 1 0 1 1 1 0 0 0 2 2 0 1 0 3 1 1 2 2 1 1 0 1 1 3 1 0 2 2 1 4 3 2 1 2 0 0 2 1 1 3 2 0 4 0 0 2 2 2 2 1 2 1 2 2 0 1 1 3 1 2
0 0 1 1 0 2 0 3 3 2 0 1 0 1 1 0 1 1 2 0 2 2 2 1 1 1 0 2 1 0 1 1 0 1 2 1 3 3 0 0 1 1 2 4 1 0 3 3 1 1 1 0 1 1 2 0 2 0 2 0 1 0 1 0 0 1 1 1 0 2 0 2 0 2 2 1 2 3 0 0 2 0 0 0 0 0 0 0 0 0 1 1 1 2 1 2 0 1 1 0 1 0 0 2 1 1 1 3 4 0 0 2 1 1 0 1 4 1 1 4 2 0 0 1 1 1 4 1 0 1 2 0 0 1 1 1 1 1 1 0 0 3 1 0 1 2 0 3 2 1
1 1 1 0 1 1 0 5 6 2 1 0 1 2 0 0 2 0 2 2 0 0 1 4 2 2 1 1 2 1 0 2 0 1 1 0 2 0 2 2 2 1 2 1 0 0 1 1 1 2 1 2 1 1 0 2 1 0 4 0 1 1 1 0 1 1 2 0 2 0 1 2 1 1 0 3 1 0 2 0 3 0 0 0 3 0 0 1 1 1 0 2 1 0 2 0 0 0 1 1 1 1 0 2 1 1 2 0 1 3 0 2 2 2 1 0 1 3 1 3 1 0 3 2 1 1 2 1 2 1 1 3 2 2 0 1 1 2 0 2 2 1 1 3 0 1 1 2 1 1
0 1 1 0 3 0 1 1 2 0 1 1 2 3 1 2 0 2 1 2 0 0 1 0 2 0 1 1 1 0 3 2 2 1 2 0 2 2 2 0 0 1 1 1 0 1 3 0 0 1 0 1 2 2 3 2 1 2 0 1 3 2 3 1 2 2 1 1 0 1 2 0 2 1 2 3 2 1 0 0 1 0 0 2 0 1 0 0 0 0 0 3 2 4 0 1 1 1 0 0 2 3 0 2 3 1 1 2 1 1 1 1 2 2 1 1 2 0 2 1 1 0 1 1 0 2 0 2 1 2 2 0 0 0 1 0 0 1 1 2 0 1 0 2 1 1 1 1 1 3
0 0 4 0 2 1 1 2 1 1 0 2 0 1 3 1 3 0 0 2 1 1 0 1 2 0 2 1 0 0 0 3 1 1 3 2 1 0 2 2 3 1 1 1 1 0 1 1 0 2 2 2 1 1 3 0 2 0 2 1 1 2 1 1 4 1 1 2 1 4 1 0 1 0 0 1 2 1 0 1 1 0 1 3 0 1 1 0 3 2 1 0 1 2 1 1 2 3 1 1 1 1 0 1 2 2 1 3 0 2 1 1 1 0 3 1 1 1 1 0 3 1 0 0 0 2 3 0 0 2 0 2 2 1 2 0 0 0 2 1 0 1 2 0 1 1 2 0 0 1
2 1 1 1 0 0 1 3 2 2 1 1 0 2 2 8 2 1 0 1 4 0 1 0 0 0 3 3 1 1 1 2 2 0 2 0 2 0 1 0 0 0 1 1 1 0 2 0 2 3 0 1 2 1 0 1 1 1 3 1 1 0 0 2 2 0 0 1 1 3 2 1 0 0 1 1 0 1 0 1 0 1 2 0 1 1 0 4 2 1 1 1 0 0 0 1 2 0 1 1 0 2 2 0 0 1 1 0 2 1 1 1 2 0 1 1 0 2 0 2 2 2 0 1 2 1 2 1 1 1 0 1 2 2 0 2 1 0 1 5 0 0 3 0 1 0 6 1 1 1
0 2 0 1 1 0 1 1 0 1 0 0 1 2 2 0 0 1 0 1 2 2 2 0 0 0 0 0 2 0 9 6 2 1 0 1 3 3 1 2 3 2 2 4 0 1 2 2 0 2 1 4 0 2 0 0 0 3 1 2 0 0 0 3 1 1 1 3 1 1 1 2 2 1 0 1 2 0 3 2 1 0 0 0 1 1 3 2 1 1 1 0 1 0 2 2 3 1 0 2 0 1 1 1 3 6 0 2 0 2 0 2 2 3 3 0 1 1 3 1 0 1 2 0 0 1 2 0 2 0 2 1 4 0 2 0 1 3 1 1 1 1 0 1 2 3 0 0 1 1
0 2 0 0 2 2 1 2 1 1 0 3 3 0 2 1 0 2 2 1 2 0 0 0 0 0 1 1 0 1 1 0 1 2 1 1 1 0 0 1 2 1 0 1 0 1 3 1 0 1 1 1 2 2 1 1 2 2 0 2 1 2 1 2 0 1 1 1 0 1 3 0 2 1 2 0 1 0 0 2 0 1 1 2 4 1 3 2 1 1 1 2 2 0 0 3 1 0 1 7 0 0 2 0 3 1 1 2 0 1 0 2 0 1 0 0 1 1 2 3 2 2 0 1 2 0 0 1 1 0 1 0 2 0 1 1 2 2 1 1 0 0 1 0 1 0 1 2 2 1
0 0 0 1 0 1 1 3 1 2 2 1 3 0 0 1 0 1 1 0 1 1 2 3 0 1 0 0 0 1 0 0 1 1 0 1 1 0 0 1 2 0 2 1 0 2 1 1 1 0 0 1 1 0 2 2 1 2 1 3 0 0 1 4 3 3 0 4 0 6 3 2 1 1 3 3 3 1 1 2 1 1 1 0 0 2 2 1 1 1 2 1 0 3 1 2 2 0 2 2 2 1 1 2 1 1 1 0 1 1 0 1 2 1 0 1 5 0 3 1 0 1 5 0 2 0 0 1 1 2 2 2 3 1 1 1 1 1 2 2 1 1 0 1 1 1 2 1 0 1
2 1 2 0 2 1 3 1 2 0 1 0 0 0 0 2 0 2 3 2 1 1 1 3 0 1 0 0 1 0 1 3 3 1 2 2 3 0 3 2 2 1 1 0 0 0 1 0 1 4 1 1 0 2 1 3 0 1 1 1 3 0 1 0 1 3 0 2 1 1 0 1 2 4 2 1 3 0 1 3 1 0 0 2 1 0 0 1 3 1 1 1 2 7 0 1 1 0 3 0 1 2 0 2 1 1 0 2 2 1 1 1 0 1 0 2 2 0 1 1 1 2 1 0 1 1 1 0 0 2 2 1 1 2 0 1 2 1 0 1 4 2 3 0 2 1 6 1 1 1
0 2 3 2 2 2 0 1 0 1 2 1 1 0 1 1 0 0 3 1 2 1 0 1 2 0 0 1 0 2 1 1 2 2 0 1 1 1 2 2 1 3 0 1 1 1 2 1 2 2 0 2 0 1 0 1 2 2 1 1 2 1 0 3 1 1 1 0 1 0 2 2 0 1 3 1 3 5 3 1 0 1 0 1 1 4 3 3 1 2 1 1 1 2 1 1 2 6 2 1 3 2 2 1 0 5 1 1 3 2 2 1 2 1 0 0 1 1 3 5 2 2 0 2 3 0 0 0 2 0 0 0 2 0 1 1 2 2 1 2 1 1 1 0 1 3 2 0 1 1
0 2 3 1 0 1 1 1 0 1 0 1 2 2 2 1 3 1 3 0 1 0 0 1 0 1 1 0 2 0 0 0 1 1 1 0 0 0 0 1 0 4 3 1 4 1 0 3 0 2 0 4 2 2 1 2 0 3 2 1 3 3 0 1 0 0 0 0 1 3 1 2 1 1 0 3 2 0 2 0 4 4 3 1 1 1 2 1 0 3 1 2 0 1 1 0 1 1 0 0 0 0 0 0 1 1 0 1 0 0 1 2 0 1 1 1 0 1 0 1 0 3 0 1 2 2 4 0 1 1 2 2 2 0 0 0 0 3 1 2 2 2 0 0 1 0 1 1 2 0
3 1 0 1 2 0 0 2 2 3 0 0 1 3 1 4 1 1 0 1 0 3 0 1 9 1 0 1 1 0 0 1 0 1 0 0 2 6 2 1 1 2 1 1 0 2 0 0 2 1 3 0 2 1 0 1 2 0 3 0 1 1 1 2 1 2 0 2 1 2 1 1 1 0 1 2 1 1 1 0 0 1 1 2 2 2 0 1 4 0 1 2 2 1 1 2 3 2 0 1 1 0 1 2 0 1 3 2 2 3 0 3 1 2 3 0 1 2 4 0 4 0 1 2 0 1 1 0 2 0 0 1 2 1 4 0 1 1 4 1 2 3 0 2 0 0 1 2 0 0
1 0 0 2 2 2 1 0 0 1 1 1 1 0 1 3 1 0 1 1 2 2 3 2 6 0 0 3 1 0 1 0 1 1 1 0 0 4 1 1 1 0 2 1 4 1 1 1 0 6 1 1 1 0 0 2 3 1 0 1 1 0 0 0 0 2 1 2 2 0 0 0 0 2 1 0 0 3 1 2 1 2 1 1 4 3 2 4 1 0 3 1 1 2 0 0 0 1 0 3 0 1 0 0 1 1 0 1 0 1 2 2 1 3 1 1 3 1 0 2 2 1 1 1 0 1 2 2 1 2 0 2 2 3 1 2 1 1 4 3 1 1 3 0 1 0 0 0 1 2
2 2 3 1 1 1 3 4 1 1 1 0 2 0 1 1 2 1 0 0 0 2 1 2 2 1 1 3 2 1 0 1 0 2 1 1 2 0 2 1 4 1 1 0 0 0 2 2 2 1 0 1 0 3 1 1 2 2 1 2 0 0 1 0 0 0 2 0 3 2 0 1 2 0 1 0 5 0 1 0 1 0 0 1 1 3 2 2 1 1 0 1 1 0 2 1 0 0 4 0 2 2 0 0 1 0 0 0 1 1 1 1 1 0 2 4 2 1 1 3 2 2 1 2 1 0 2 1 1 1 0 1 0 0 1 1 1 2 0 1 1 1 2 1 0 4 1 0 0 1
1 0 3 1 2 2 2 4 0 2 0 1 3 0 3 2 1 1 0 1 1 1 1 0 1 2 1 1 2 1 1 1 2 0 0 1 1 1 2 0 1 1 2 3 1 1 1 3 1 3 2 1 3 2 2 1 2 0 1 2 1 0 0 1 0 1 3 2 0 0 0 0 0 2 0 1 3 2 3 2 1 2 2 3 3 3 3 3 1 1 3 2 0 3 2 1 2 1 2 0 0 1 1 2 1 0 2 2 2 2 0 4 0 2 1 2 1 2 1 1 0 1 0 1 1 0 3 0 0 1 1 1 0 2 1 2 0 1 1 3 2 1 1 0 0 2 1 0 2 0
2 1 0 1 1 0 1 0 1 1 2 1 0 0 0 1 1 2 1 2 1 2 3 2 0 1 0 2 0 1 0 1 1 0 0 0 0 0 1 2 1 4 2 1 1 2 1 0 2 1 0 1 0 1 4 2 1 0 0 1 2 2 1 1 2 1 3 1 1 0 4 1 0 1 1 0 2 0 4 0 1 1 0 1 0 1 0 1 1 1 1 0 0 1 0 0 1 6 2 1 0 1 0 2 2 0 1 2 2 0 1 1 1 2 1 1 1 1 1 1 4 2 1 1 0 0 0 0 0 1 4 2 0 1 4 1 1 0 2 1 1 0 1 1 0 3 1 0 1 1
0 2 1 1 2 1 0 0 2 0 0 3 1 0 1 1 1 3 2 1 0 0 2 0 1 1 1 2 1 0 0 0 1 1 0 0 1 2 2 0 0 1 1 0 4 1 1 1 2 1 0 1 1 1 1 0 1 0 0 4 2 3 3 2 3 0 0 1 1 1 1 1 2 1 0 1 1 1 0 6 0 2 1 0 1 1 3 1 0 0 0 1 1 1 1 1 2 4 2 6 0 0 1 2 0 2 2 3 3 1 2 3 3 2 0 0 1 0 1 1 2 2 1 3 0 2 1 0 2 1 1 0 3 2 1 2 2 0 0 4 1 1 1 1 1 1 2 2 0 0
4 0 2 1 0 1 1 0 3 1 1 0 2 1 3 1 2 0 1 3 2 2 1 2 3 1 1 3 1 0 2 0 2 1 0 1 0 1 1 1 3 1 1 0 0 0 1 1 2 0 0 3 4 1 3 0 1 2 2 2 0 1 0 2 2 0 0 0 3 1 3 0 2 1 0 1 1 0 1 1 2 1 1 2 5 1 2 2 0 3 3 3 1 1 2 2 1 1 2 1 1 2 0 0 2 2 0 1 4 4 0 0 0 0 2 1 2 1 0 0 1 1 0 1 1 2 2 0 0 0 1 1 2 0 1 3 2 1 0 0 2 2 1 1 0 2 1 2 1 3
0 2 1 1 1 1 1 0 0 2 1 1 1 1 2 0 0 0 1 3 0 2 0 0 3 0 0 0 1 0 6 4 0 1 0 2 1 0 1 0 3 2 2 2 1 1 1 1 2 8 1 1 1 1 2 1 1 1 0 3 2 0 2 1 1 2 0 2 0 1 1 2 0 1 1 6 1 0 3 1 0 2 1 0 2 1 2 2 1 2 1 1 0 1 1 1 3 0 1 0 2 3 3 1 0 0 1 2 0 3 2 3 0 1 1 1 4 0 0 2 1 1 1 1 2 1 4 0 0 1 2 0 0 1 1 0 1 1 0 1 6 2 2 0 1 0 1 1 0 4
3 1 2 2 0 1 3 1 1 2 6 0 2 2 0 1 0 2 5 0 2 2 2 1 1 0 0 3 2 0 2 1 2 2 1 2 1 1 0 1 0 2 1 4 2 2 0 2 2 1 0 1 1 2 1 0 5 1 0 1 0 1 1 1 1 2 1 0 1 0 1 1 1 0 0 3 0 4 1 0 1 1 1 4 0 1 0 1 1 0 0 1 3 2 2 2 1 0 2 0 1 1 0 4 2 0 1 2 2 0 2 1 0 0 9 2 1 1 1 1 0 3 2 1 2 0 1 2 1 0 0 2 2 1 1 2 1 0 3 1 1 3 0 0 1 0 3 2 1 2
2 0 2 0 1 0 2 2 1 1 2 0 3 1 0 1 0 0 1 0 2 0 2 0 2 1 1 2 2 1 1 1 1 0 2 0 1 0 1 0 2 3 1 1 2 1 2 0 2 0 1 2 1 2 1 0 1 4 3 1 0 1 0 2 1 1 0 2 0 0 3 1 1 0 2 1 1 3 4 1 3 3 3 1 3 0 0 1 1 2 3 0 1 1 1 2 0 1 1 2 1 1 2 2 0 2 2 1 2 2 0 3 3 1 1 2 2 0 0 1 2 2 1 2 1 1 0 0 0 1 0 2 1 2 1 2 3 2 2 2 1 1 0 1 3 0 2 1 2 1
4 1 0 4 2 0 3 0 2 1 4 2 1 1 1 0 0 1 0 1 2 0 3 0 3 2 2 2 1 0 1 1 4 1 1 0 3 3 0 2 0 3 1 1 0 0 1 1 0 1 0 1 1 1 2 2 1 3 0 1 1 1 1 1 0 1 1 0 1 0 1 0 0 0 1 3 1 4 2 0 1 2 0 3 1 1 1 0 1 2 1 0 1 2 0 2 1 2 0 1 3 2 2 3 1 0 0 1 2 0 3 1 0 0 2 1 1 1 5 1 2 1 0 1 2 1 2 2 3 0 1 0 1 1 0 0 3 0 2 1 1 2 0 1 0 2 2 1 1 1
2 2 2 1 1 0 0 0 4 2 0 2 3 0 1 3 0 0 2 1 1 1 1 0 2 1 0 1 3 4 2 0 1 1 4 1 1 2 2 3 3 0 1 3 2 2 0 1 1 2 1 3 1 0 6 1 2 2 1 5 0 1 3 5 1 2 0 2 0 1 2 1 0 1 1 0 1 0 1 0 1 0 2 1 1 0 1 0 4 1 0 1 1 0 1 0 1 1 4 1 0 1 0 0 1 1 1 1 1 1 3 1 1 1 1 2 1 1 3 0 1 2 1 2 0 1 1 1 1 2 1 0 2 2 0 1 2 1 2 0 0 3 2 1 1 2 3 1 4 0
2 0 0 2 5 0 0 1 1 1 3 1 1 2 1 1 1 2 0 2 2 1 1 1 2 0 2 1 0 3 1 2 1 2 2 1 1 2 1 1 1 1 0 2 1 2 1 0 0 0 0 1 0 0 0 2 1 2 3 0 0 0 2 1 0 0 0 0 2 0 0 0 1 3 1 1 0 1 1 2 1 2 0 1 0 0 0 2 2 1 1 1 0 3 1 0 1 2 0 1 0 2 1 1 4 1 2 1 1 0 0 1 4 6 0 1 0 1 2 1 1 0 2 1 0 3 2 2 1 2 1 1 0 1 1 2 1 1 3 3 2 0 1 1 2 0 2 1 2 3
1 1 0 2 0 4 2 1 2 0 0 6 0 3 1 2 0 2 2 4 1 1 1 1 4 1 1 0 1 1 1 1 0 3 1 0 0 2 4 1 1 3 2 0 1 2 0 2 1 0 1 1 0 1 0 0 0 0 2 2 0 0 0 2 1 0 1 0 2 1 1 1 1 4 0 4 5 1 1 1 1 0 0 0 0 2 1 1 2 2 0 3 1 0 1 1 4 0 2 1 1 1 1 1 1 0 0 0 1 1 0 2 1 1 0 2 6 1 3 1 2 2 0 2 1 1 1 1 0 1 1 3 2 0 1 3 1 0 1 1 0 1 1 2 1 0 1 0 1 1
0 1 2 1 3 0 3 1 1 2 2 2 2 2 1 5 1 0 0 1 0 0 1 1 0 0 0 0 1 4 0 4 0 1 1 4 0 1 2 2 0 2 1 1 0 2 0 1 0 0 0 0 0 1 1 2 0 4 2 0 2 4 1 1 0 3 0 2 0 1 0 1 1 1 0 2 0 0 0 1 1 1 1 0 1 0 0 2 0 3 2 0 0 2 1 1 0 0 1 1 1 2 1 1 0 0 2 1 0 1 2 1 2 1 1 2 2 4 1 3 3 3 1 6 2 0 0 1 2 0 0 1 1 0 2 2 2 3 3 1 2 0 0 1 2 0 2 1 1 0
1 0 2 1 1 0 1 1 1 1 2 0 2 0 1 1 2 2 2 0 0 1 0 0 1 1 2 0 1 1 2 1 0 1 2 1 0 1 2 1 0 2 2 2 2 0 1 2 0 2 1 0 0 1 2 1 1 1 1 0 2 3 0 2 2 1 2 2 2 2 0 2 1 0 3 2 4 2 3 3 2 0 1 0 2 1 1 1 1 2 1 0 1 0 1 0 1 1 3 2 0 1 1 3 0 3 0 1 0 0 2 1 0 0 0 1 1 2 0 1 0 1 1 2 1 1 1 1 1 1 1 1 3 0 0 4 2 1 1 3 2 0 0 0 1 3 0 3 0 0
0 0 2 0 0 0 0 2 0 2 1 0 0 2 1 0 3 1 0 3 1 3 1 2 2 3 1 1 2 0 0 1 2 1 1 1 1 1 0 2 1 0 1 0 0 1 0 0 1 0 2 1 1 1 2 0 3 2 0 1 1 0 0 2 1 2 3 1 2 1 0 1 1 2 1 0 2 0 0 0 0 0 1 0 2 0 1 3 0 0 0 2 2 1 3 1 5 3 2 2 1 0 0 1 1 1 0 2 2 0 6 0 1 0 1 1 0 0 1 1 3 1 1 1 1 0 0 0 1 0 0 1 0 1 1 1 0 1 0 1 0 0 0 0 1 1 1 0 2 1
0 1 0 1 2 0 3 0 1 1 0 2 1 1 2 1 0 1 0 3 1 0 1 0 2 1 1 0 1 3 0 1 2 3 0 1 1 1 2 0 1 1 0 2 1 2 0 0 0 1 1 0 1 1 0 2 1 1 3 0 2 0 0 1 0 0 1 1 0 0 1 0 1 2 4 0 0 3 1 0 2 0 2 4 0 0 0 1 1 0 0 1 1 1 1 1 0 1 1 1 1 2 0 1 1 0 0 0 0 2 3 0 0 0 3 1 1 1 1 2 1 1 0 0 1 1 1 1 2 1 0 1 1 1 0 1 0 0 0 2 3 0 2 0 1 2 2 2 0 1
3 0 1 2 1 1 1 0 0 1 1 2 0 1 1 0 0 2 1 1 1 0 0 2 0 0 1 1 2 0 2 0 2 1 2 2 2 2 2 2 0 1 0 1 0 0 1 0 0 0 1 2 3 2 0 1 2 1 2 2 1 3 1 0 2 1 1 0 0 2 0 1 1 0 1 1 1 2 0 0 2 0 1 2 0 1 2 0 1 1 1 2 1 1 0 3 1 0 2 5 2 1 1 2 1 1 1 0 1 2 2 1 1 1 1 1 1 2 2 2 1 1 2 2 1 1 3 0 0 3 0 1 1 1 2 0 0 0 0 2 2 0 2 0 2 0 1 2 1 2
0 3 2 1 0 1 1 2 1 2 1 0 1 2 2 0 1 0 1 1 2 1 2 3 2 1 0 4 2 2 1 6 1 3 1 1 0 8 1 0 1 2 0 0 0 2 0 1 0 0 1 1 0 1 1 2 0 0 2 0 1 0 2 0 1 2 0 1 2 2 1 1 0 0 3 1 4 3 1 1 0 1 0 2 3 3 1 1 2 3 1 0 2 0 1 0 1 0 3 1 0 1 0 0 1 2 1 2 4 0 0 0 0 1 1 1 0 0 0 0 2 1 1 1 1 1 0 1 2 2 1 1 1 0 1 2 4 1 2 0 1 1 0 1 1 0 1 4 1 0
1 0 1 0 0 0 4 2 0 2 0 0 1 1 1 1 0 1 0 1 1 0 2 0 1 1 0 1 0 0 3 1 0 2 0 0 0 1 0 1 0 1 0 1 0 1 2 1 1 1 0 2 1 0 0 2 1 0 1 1 1 0 2 2 1 1 2 2 0 1 2 1 1 2 1 1 0 2 1 0 2 4 0 1 3 2 0 4 3 0 2 0 1 1 4 0 0 0 2 2 1 1 2 0 3 1 0 1 4 1 0 1 1 1 2 2 3 0 1 3 1 2 1 1 1 3 0 1 2 2 2 0 0 1 0 1 1 3 0 0 2 4 1 2 1 1 1 0 3 0
1 0 1 2 2 2 1 1 1 4 2 1 0 1 2 0 1 2 0 0 2 1 2 1 4 1 1 1 2 4 0 1 1 1 1 1 3 1 1 2 1 3 1 1 0 0 1 0 2 1 2 0 2 2 2 0 1 0 1 1 2 0 2 3 1 2 1 4 2 1 0 1 1 1 1 2 1 1 0 2 2 1 0 0 0 2 0 1 2 0 0 1 6 2 1 1 0 1 4 1 3 1 2 1 0 2 3 3 1 0 3 1 2 2 3 1 1 4 2 2 1 1 1 0 0 2 3 2 2 2 1 1 0 0 1 1 4 1 2 1 3 1 0 0 0 0 0 0 0 1
1 1 1 1 2 3 1 0 4 0 1 4 1 2 1 2 0 1 0 1 1 2 1 2 0 2 1 0 0 2 2 1 0 3 0 1 4 1 1 1 1 1 0 0 0 0 1 1 3 0 1 2 0 5 0 2 0 1 4 0 0 0 1 0 0 2 0 1 1 1 1 1 1 2 1 1 3 0 0 2 2 2 0 1 1 1 0 3 1 1 0 1 1 1 2 1 1 1 0 1 1 0 0 2 1 1 3 1 0 0 1 1 1 2 0 0 0 0 1 1 0 0 0 1 1 1 1 2 2 1 1 1 0 0 0 0 1 1 2 1 1 0 2 2 1 1 1 0 1 1
3 1 2 1 1 2 0 2 1 1 1 0 0 2 0 4 0 4 1 1 1 2 1 1 2 2 0 2 1 2 1 0 3 2 1 1 1 1 2 2 1 0 0 1 1 1 1 1 2 1 0 2 5 0 1 0 0 0 1 2 0 0 1 4 5 0 2 0 2 1 3 0 0 1 0 2 0 1 4 0 1 1 1 2 1 2 0 0 3 0 1 0 2 1 1 1 2 3 0 3 1 3 1 0 1 1 1 1 0 1 0 2 0 2 1 3 0 1 2 0 2 0 4 1 2 0 0 0 1 1 1 2 1 0 2 0 3 1 0 1 1 1 1 1 1 1 1 3 1 2
1 1 4 0 0 2 0 1 2 4 3 3 3 0 1 2 2 1 0 2 0 3 3 0 0 1 2 1 0 1 0 0 1 2 4 1 3 2 1 1 2 6 0 0 1 2 2 0 0 1 0 2 0 1 0 0 2 0 4 2 1 3 2 0 1 1 0 2 0 0 0 0 2 0 0 5 5 1 1 2 1 4 1 0 1 2 1 0 0 0 2 1 2 1 1 1 0 2 1 4 0 3 2 2 2 2 3 1 0 2 2 2 4 3 1 1 1 2 2 1 0 0 2 3 0 0 1 2 2 0 1 0 4 1 1 2 2 2 0 1 3 2 1 2 2 1 0 1 1 0
0 0 2 1 2 2 0 1 0 2 3 1 1 0 1 2 2 1 1 0 2 2 0 1 0 1 2 3 1 2 1 2 1 1 2 0 0 1 0 0 2 1 2 0 2 1 0 2 1 2 2 0 2 0 0 0 1 0 1 1 1 1 4 2 0 1 1 2 1 2 1 1 2 2 0 1 0 2 0 5 1 0 0 2 5 2 0 4 1 0 2 2 1 0 1 1 3 0 1 1 1 0 1 0 2 1 0 1 0 2 1 1 1 0 2 1 1 2 0 1 0 1 1 0 0 3 2 1 2 0 2 2 0 0 1 1 1 2 2 0 0 2 1 1 3 1 0 0 0 0
3 2 0 0 1 3 0 2 2 1 0 1 0 0 0 3 1 1 2 2 1 1 2 1 0 2 1 0 2 0 2 3 2 2 1 1 1 1 5 1 1 2 1 0 0 1 3 1 2 0 1 1 0 0 2 1 0 2 0 1 2 1 2 2 1 1 0 2 1 1 1 1 1 0 1 0 2 0 0 1 1 0 1 2 1 0 1 2 1 1 1 3 0 0 3 2 2 0 1 1 0 1 1 2 1 2 1 2 0 0 0 0 1 1 4 1 2 1 3 1 2 0 4 0 1 4 3 2 2 0 3 0 0 1 2 2 1 0 2 2 1 1 2 0 0 2 0 0 0 1
1 1 1 0 1 1 2 2 0 1 1 1 0 4 0 2 2 1 3 0 0 2 0 1 3 2 2 1 2 3 0 1 2 0 0 0 2 1 1 4 3 2 2 0 4 1 2 1 1 0 0 0 1 0 0 0 2 0 1 3 0 1 2 1 2 2 1 1 2 1 0 0 2 2 0 1 3 2 3 1 0 3 1 0 4 2 0 1 2 0 1 0 1 1 0 0 0 1 0 1 1 1 1 2 2 1 1 3 3 1 2 1 3 2 3 1 0 1 1 2 2 0 1 2 0 2 2 2 1 0 0 1 1 1 3 0 2 4 1 2 0 1 1 2 2 2 0 0 2 1
1 0 2 3 0 0 2 3 2 2 2 2 3 2 3 2 1 2 1 2 4 0 2 3 1 0 1 1 1 2 3 0 1 1 0 0 2 0 0 3 0 1 3 2 2 1 0 3 2 2 1 1 4 1 4 1 0 1 0 1 1 1 0 3 3 3 2 1 2 2 1 0 3 0 2 2 2 1 0 1 0 2 2 0 1 2 2 0 2 1 0 2 3 2 0 1 0 1 2 1 1 1 0 0 1 2 2 0 2 0 3 1 1 1 4 0 1 2 1 1 1 0 1 2 0 1 2 0 1 0 1 1 2 2 1 0 0 0 1 0 1 1 2 2 2 2 2 2 2 0
1 2 3 1 2 1 0 1 2 2 1 0 3 0 2 1 1 0 2 0 0 1 1 1 2 2 3 1 1 1 0 1 2 2 1 4 2 3 1 1 1 5 0 2 0 0 1 0 2 0 1 1 0 2 2 1 1 3 1 0 1 0 0 1 0 0 5 1 1 1 0 2 1 1 0 1 0 1 1 1 0 0 2 2 2 2 0 1 1 0 1 0 1 1 1 2 4 0 1 1 1 1 2 4 1 0 0 1 0 0 0 2 6 1 0 3 0 1 0 2 2 1 1 1 1 1 1 1 1 2 3 1 1 0 0 4 3 0 0 2 0 1 2 3 0 1 0 0 0 2
1 1 0 1 0 0 0 1 1 1 0 2 0 4 2 1 1 0 1 1 1 3 1 1 0 1 0 3 2 3 1 1 0 1 2 2 0 2 0 0 1 0 0 0 2 2 1 2 1 1 1 2 0 0 1 1 2 0 1 1 0 2 2 0 2 1 2 1 1 1 0 0 2 2 1 3 2 0 0 1 0 1 1 1 1 1 1 0 4 0 0 1 1 1 2 2 2 6 1 0 1 0 1 1 1 0 1 0 4 1 1 2 1 2 1 2 1 3 4 0 1 2 0 1 0 1 3 2 1 2 1 0 0 1 3 1 0 2 1 0 2 2 1 0 2 1 1 5 2 2
2 1 0 4 0 1 2 2 3 1 2 0 1 0 1 0 4 0 1 0 1 2 2 0 0 2 0 0 1 3 1 0 0 0 2 3 1 0 1 1 1 1 0 0 4 3 0 0 3 0 0 0 0 0 3 1 1 1 1 0 2 0 2 3 1 1 1 1 0 0 1 2 2 1 3 2 0 2 2 1 2 1 0 2 2 3 2 0 0 2 6 0 0 2 2 1 1 3 0 3 2 3 1 2 2 1 0 0 1 1 0 0 1 1 0 1 2 2 2 4 1 0 1 2 1 0 2 0 1 0 4 1 1 0 2 0 0 0 1 1 0 2 1 2 1 3 3 1 2 1
0 2 0 3 1 1 3 0 0 1 1 0 2 2 1 1 1 1 0 1 1 3 1 0 0 1 1 1 0 0 1 0 1 0 1 3 0 2 1 0 1 3 2 0 1 0 0 0 1 2 2 2 1 1 2 4 2 2 0 0 2 2 0 1 1 1 2 0 1 0 0 2 1 1 3 1 1 0 0 0 4 1 2 2 1 1 2 0 3 2 0 4 1 1 1 0 2 1 2 2 0 0 3 2 0 2 2 1 0 2 3 1 1 2 1 1 3 0 2 0 2 0 1 3 0 4 2 0 2 1 2 0 0 0 2 1 0 1 1 1 1 0 1 1 2 0 1 2 1 1
0 2 1 1 0 2 1 1 1 1 0 1 1 2 0 3 1 1 0 0 0 1 1 2 3 2 4 0 3 1 2 0 0 1 1 2 2 1 1 2 1 5 1 2 1 2 2 1 0 0 2 3 0 4 0 2 2 1 3 1 0 3 1 0 2 2 1 0 1 0 1 0 0 0 0 0 2 0 2 0 0 1 1 1 1 1 1 1 0 3 0 1 3 1 0 2 1 2 1 1 2 1 3 2 3 0 1 1 1 1 1 3 1 1 0 1 2 1 2 2 1 1 0 2 0 1 2 0 1 0 1 0 2 0 1 2 1 0 1 1 0 0 1 1 1 1 2 0 0 1
0 1 3 1 2 0 0 1 1 1 1 1 0 0 2 3 0 0 2 0 1 2 4 2 1 0 3 1 1 0 1 0 0 0 2 3 2 1 1 1 0 1 0 1 0 2 1 0 2 1 1 1 0 5 1 0 1 2 3 0 2 1 1 2 0 3 0 3 0 2 3 1 2 1 0 1 3 2 0 0 3 1 1 3 3 1 1 1 1 0 0 0 1 2 0 1 2 4 1 2 4 1 1 1 4 0 0 0 1 0 2 1 1 2 1 2 0 4 0 2 2 0 0 1 1 2 0 1 0 0 1 4 2 1 0 1 3 2 0 0 6 1 0 1 2 2 1 3 0 2
0 0 2 0 2 0 2 0 3 4 0 2 2 1 5 3 2 1 1 1 1 2 1 0 1 1 3 3 1 0 2 2 0 1 1 0 0 2 2 1 1 2 0 0 3 1 2 0 1 2 1 2 2 0 1 1 1 2 3 0 1 1 1 2 3 0 0 1 0 1 1 3 2 1 3 3 1 2 1 2 0 0 1 0 2 1 1 1 3 1 1 0 1 0 1 2 2 3 2 1 1 2 1 4 0 1 1 2 4 0 2 0 2 1 1 0 1 2 0 0 4 0 2 1 3 3 1 1 1 0 0 0 3 1 1 0 0 2 4 1 1 1 1 0 0 0 0 2 0 1
1 1 0 1 1 0 1 1 3 3 0 2 2 0 2 0 4 0 0 1 2 1 1 0 1 1 0 0 1 0 0 1 2 3 3 0 0 0 1 0 1 0 0 1 0 2 3 1 1 0 2 1 0 2 0 1 0 1 2 5 2 1 2 1 0 0 0 2 2 0 2 0 1 0 2 0 3 2 1 1 1 1 1 1 2 1 3 3 1 0 3 0 2 1 4 1 3 2 1 1 0 2 1 0 1 1 5 1 1 1 1 3 0 0 3 1 0 1 0 1 1 0 0 4 2 0 1 1 0 0 2 0 2 1 1 0 1 0 1 5 2 1 1 0 3 0 1 5 1 2
1 2 0 0 1 5 1 2 2 1 2 0 1 0 2 0 0 0 0 1 0 1 2 1 3 1 4 2 0 0 2 2 0 2 1 1 0 2 0 2 0 2 0 0 2 2 1 1 0 1 2 4 1 0 2 2 2 1 1 1 1 1 0 0 3 1 2 0 0 1 0 1 1 4 0 2 0 0 1 2 3 1 1 2 1 1 2 0 0 5 1 1 1 0 0 0 0 2 0 0 1 0 0 1 2 1 1 1 0 1 1 0 1 2 2 2 2 5 1 2 2 1 0 1 1 1 3 2 3 1 2 3 1 0 1 1 0 1 2 1 1 4 2 2 1 1 2 0 1 0
0 1 2 2 1 1 2 1 0 1 1 2 2 2 1 0 0 0 3 0 2 0 1 1 1 0 0 1 1 1 1 2 3 0 1 1 3 0 1 0 1 0 2 2 0 2 2 0 0 2 0 2 1 2 0 1 1 2 2 1 1 0 1 1 0 0 2 0 0 1 1 2 1 1 3 2 0 3 2 0 1 1 0 0 0 1 0 1 2 2 1 1 0 0 1 2 1 1 0 0 1 0 2 0 1 0 1 1 1 2 1 1 1 1 0 5 3 0 1 1 0 0 0 0 1 3 4 1 1 1 4 3 0 2 1 1 4 2 1 1 1 1 4 2 1 2 1 2 1 1
0 0 1 0 1 0 0 0 1 3 0 1 3 2 1 2 1 2 1 2 0 1 4 3 1 1 6 1 0 3 2 0 2 0 0 1 1 1 0 0 0 1 0 1 1 2 1 0 2 2 1 1 1 1 0 2 1 1 2 1 1 0 0 0 2 1 0 1 1 0 4 3 1 1 0 4 1 0 2 2 2 1 0 1 1 1 3 2 0 1 1 2 0 4 1 3 2 0 2 2 0 4 0 1 1 1 2 2 1 0 0 2 2 3 0 1 2 3 2 1 1 2 0 1 1 1 1 2 3 3 1 3 1 1 2 2 4 1 1 3 0 1 0 4 1 3 1 4 3 2
1 0 3 1 2 2 4 1 1 1 1 0 2 1 2 2 2 0 1 0 1 2 1 2 1 3 3 0 2 1 1 0 0 0 4 1 3 1 1 3 1 2 0 1 0 0 0 1 0 1 2 0 1 3 0 1 1 0 1 0 0 1 0 1 3 1 2 0 1 4 0 7 1 2 3 2 1 1 1 0 1 2 0 2 0 2 1 1 2 2 4 1 0 0 2 0 5 1 2 1 1 1 0 3 1 3 1 3 1 0 0 2 6 1 0 0 2 3 2 1 1 0 0 1 1 0 1 1 1 2 2 2 2 2 5 2 2 2 2 2 2 0 1 0 0 0 0 1 1 1
0 0 3 1 0 0 0 1 1 0 5 2 2 2 0 1 2 2 1 2 2 0 0 1 2 0 2 1 2 2 1 0 1 0 1 1 0 2 1 1 0 1 0 1 1 2 1 0 1 1 1 1 1 0 0 1 1 0 0 2 0 2 2 0 1 3 0 1 2 3 7 0 1 1 1 1 3 1 2 1 2 1 1 2 4 1 0 1 1 1 2 1 2 0 1 1 1 0 1 1 1 1 0 0 2 1 1 1 2 1 2 4 2 0 2 1 2 2 2 1 0 0 2 1 1 1 2 1 2 0 1 1 0 2 1 1 6 1 2 5 1 1 2 2 2 1 2 1 4 1
1 1 0 0 2 0 0 2 5 1 3 0 2 2 0 1 0 3 5 0 1 2 1 0 2 2 1 2 0 1 1 0 2 0 0 2 2 0 1 1 0 0 1 1 1 1 1 1 1 0 1 1 1 0 2 2 1 2 3 1 2 2 1 0 2 2 1 1 1 1 1 1 0 1 0 0 0 1 1 1 1 0 1 1 1 1 0 1 1 1 1 0 2 1 1 1 0 2 0 3 1 3 0 2 2 0 0 2 0 0 0 3 3 1 4 2 1 2 1 1 0 0 2 1 1 4 1 0 2 0 0 0 0 2 1 0 2 3 0 0 1 1 1 1 2 0 2 0 1 0
0 0 2 0 1 2 1 0 1 3 1 3 2 1 1 0 1 2 3 2 1 1 0 0 1 1 1 4 1 1 0 2 0 2 1 1 1 1 0 0 0 1 3 4 1 0 2 2 0 0 2 1 2 1 0 2 0 2 0 1 2 1 1 0 1 1 0 4 1 1 2 1 1 0 1 2 2 0 1 0 1 2 1 3 1 2 2 0 1 0 1 1 3 1 1 0 2 0 0 1 1 0 0 1 0 1 1 2 1 2 2 2 1 2 1 0 2 1 2 1 1 2 2 2 3 1 0 2 0 1 1 1 3 2 0 0 1 1 0 1 0 3 0 0 2 0 2 1 0 0
1 2 6 1 2 1 0 3 1 3 1 1 3 0 1 1 2 1 2 2 0 2 0 1 0 2 3 2 3 0 1 1 1 0 1 0 0 1 0 2 1 1 1 0 0 3 1 4 1 3 1 1 1 0 0 0 1 0 2 0 1 3 3 0 0 3 2 0 3 0 3 1 0 1 0 1 0 2 1 0 0 5 3 2 1 1 0 1 1 2 1 0 0 0 1 2 1 1 1 1 0 1 1 2 1 1 0 0 3 1 1 2 1 2 0 0 2 2 0 0 1 0 2 1 0 1 1 1 0 1 2 1 1 0 0 0 1 2 1 1 2 1 1 0 1 0 1 1 1 0
2 2 1 0 0 1 0 1 1 0 0 1 2 0 0 1 0 1 1 1 3 3 1 1 1 0 3 1 1 3 2 0 0 1 0 1 1 6 3 1 3 0 1 4 2 2 0 0 1 1 1 2 1 2 5 1 0 1 2 1 3 2 1 0 1 3 0 2 2 4 2 1 0 2 1 0 1 1 0 3 0 1 1 1 0 0 0 1 4 0 1 2 0 1 1 1 1 2 2 0 1 1 0 1 0 1 2 2 6 1 1 1 1 1 2 0 0 3 2 0 0 1 3 0 1 1 1 2 1 1 1 0 0 1 1 2 0 0 2 0 0 3 2 0 0 1 1 1 2 1
0 3 3 1 0 1 1 0 1 0 0 1 1 2 0 1 3 0 2 2 1 2 2 0 2 1 3 3 3 2 1 0 5 3 2 1 1 1 0 1 1 1 0 5 0 4 2 0 1 4 0 1 3 0 5 0 2 3 2 0 2 0 1 2 3 1 3 0 0 1 1 3 0 2 0 1 0 0 1 0 2 1 3 0 0 2 1 3 0 1 1 1 1 1 2 3 0 1 1 3 1 2 1 2 0 1 1 3 1 1 3 3 1 0 0 1 2 1 1 2 1 2 0 1 3 0 4 1 0 1 0 0 3 2 1 1 1 2 1 0 0 2 1 3 0 0 0 0 1 1
3 0 0 1 1 2 2 0 2 0 2 0 0 1 0 1 1 0 0 3 0 1 1 1 0 0 1 0 5 0 1 3 0 2 0 1 0 0 4 3 4 0 1 1 0 2 0 3 2 3 2 1 0 1 1 2 0 2 1 1 0 2 0 0 2 2 2 0 3 0 1 1 1 0 2 1 0 0 0 0 2 2 2 0 1 0 1 0 2 0 2 1 1 1 2 0 0 1 2 0 1 2 1 1 2 1 2 1 1 0 0 1 1 1 2 0 2 0 2 0 2 2 0 1 2 2 1 3 2 4 3 1 3 1 2 2 2 2 0 0 0 1 3 0 0 1 1 3 1 1
2 0 0 2 0 0 2 0 1 1 0 3 2 1 2 1 2 3 1 0 2 0 0 0 3 0 1 1 3 2 1 1 1 3 4 0 1 3 1 4 2 1 1 1 0 3 0 1 0 1 1 0 0 4 1 0 0 3 0 1 0 2 0 2 0 1 1 1 2 2 1 2 1 1 1 0 1 0 0 0 2 3 5 1 0 1 0 0 1 0 1 1 1 0 0 0 1 0 3 1 0 0 1 1 0 1 3 1 1 0 1 0 0 0 1 4 1 3 1 2 0 1 1 0 0 0 0 2 0 0 3 2 2 0 3 1 0 0 0 2 1 1 1 2 0 0 1 0 0 0
0 2 2 0 0 1 0 1 1 3 0 0 1 1 0 0 0 0 1 0 0 0 1 1 2 2 2 3 1 0 0 2 0 2 0 6 1 1 0 1 0 0 2 1 1 3 0 0 0 1 0 2 2 0 2 5 1 1 1 1 1 1 0 0 0 2 1 2 0 2 0 1 1 0 0 3 0 0 0 0 0 1 0 1 0 0 0 3 2 1 0 0 1 2 3 1 0 2 1 0 2 1 0 3 2 2 1 2 1 0 0 0 1 4 0 1 1 0 4 0 0 2 3 1 1 1 1 0 6 1 0 1 2 2 2 1 1 2 0 0 1 0 0 3 1 0 1 1 1 2
0 0 2 0 2 2 0 1 1 0 1 1 1 0 0 1 1 2 3 2 3 1 1 0 1 0 1 1 0 4 0 1 1 1 1 0 2 0 1 3 1 1 1 1 1 2 0 2 2 0 2 2 2 1 1 1 1 0 0 0 0 2 4 0 3 0 1 3 1 2 1 2 1 1 0 0 2 2 2 0 0 2 1 1 2 2 1 1 0 3 0 1 1 2 0 1 1 1 0 3 3 1 1 1 1 1 2 1 1 3 2 0 0 0 2 1 0 2 0 0 1 1 1 1 1 2 2 1 3 0 1 0 0 2 0 0 2 1 3 4 1 1 2 1 2 0 1 4 0 1
0 1 1 2 2 1 1 0 1 1 0 1 1 0 2 2 2 3 3 0 0 0 0 1 0 1 1 0 1 4 1 2 0 2 1 2 1 2 1 3 2 0 2 0 1 0 0 0 0 1 4 1 2 1 4 0 0 3 2 0 1 1 1 1 1 0 1 1 1 1 2 1 0 2 5 1 1 2 3 1 2 0 0 2 1 1 0 1 1 0 6 0 1 1 4 0 1 1 1 1 1 1 2 0 2 1 3 3 3 0 2 1 1 1 1 1 1 3 0 1 1 2 2 0 4 1 1 2 4 0 0 3 1 1 2 2 0 2 3 4 2 1 0 2 2 0 2 6 1 2
1 2 2 1 1 0 0 0 1 3 3 0 2 1 0 0 1 1 2 0 0 0 1 2 0 1 1 0 0 3 1 1 0 2 0 1 1 1 1 3 0 2 0 0 1 1 1 2 1 0 0 0 0 1 1 0 1 1 2 2 1 0 2 1 1 1 1 1 0 0 0 1 1 1 3 1 3 2 5 0 1 0 0 0 1 1 2 1 0 1 3 0 0 0 1 1 0 3 0 0 1 1 2 1 0 2 1 3 1 3 1 1 2 1 0 2 2 1 0 4 1 2 0 0 1 1 0 1 0 1 1 1 0 3 1 2 1 0 0 0 2 3 0 1 0 1 0 1 1 0
3 1 1 2 4 1 0 1 0 3 2 5 2 1 1 0 2 2 1 0 0 2 3 0 0 2 0 2 1 1 2 1 1 3 1 0 2 0 4 1 3 1 1 0 0 0 0 4 2 2 1 0 1 2 0 2 2 0 0 2 1 2 2 1 3 0 1 2 0 1 2 2 1 3 2 1 0 0 1 1 1 2 0 0 3 1 1 1 1 1 1 1 1 0 1 1 1 1 0 0 0 1 3 1 0 3 3 2 3 0 1 3 2 2 1 2 0 4 1 1 0 4 0 3 2 0 2 0 1 0 3 1 1 2 1 3 0 1 4 1 1 1 0 3 4 2 1 1 3 2
3 2 2 3 1 1 0 2 0 0 1 1 0 0 0 0 2 3 0 0 3 0 0 1 1 4 0 1 1 1 2 4 1 3 0 1 5 2 0 3 1 1 0 0 1 2 2 0 0 3 3 0 1 1 1 5 1 4 1 2 1 2 1 1 3 2 2 1 0 1 0 4 1 1 1 0 0 1 0 0 2 1 1 3 0 4 0 0 2 1 2 2 1 1 3 0 2 0 2 2 1 5 2 1 3 0 1 0 1 0 1 4 0 0 0 2 1 1 1 2 3 1 1 2 1 0 1 1 1 1 1 1 3 0 2 1 1 1 1 2 2 0 1 2 3 2 3 2 1 1
3 0 1 0 1 0 1 2 1 0 0 1 2 3 2 0 1 0 1 0 0 1 1 1 1 1 2 0 4 1 2 3 3 3 1 1 1 1 1 0 1 0 0 2 0 1 0 0 1 3 2 2 1 2 2 2 0 2 2 2 1 3 1 1 1 1 1 1 1 1 2 1 1 2 1 0 2 0 1 0 2 1 1 1 4 0 2 0 1 0 0 3 2 1 1 1 3 0 1 0 1 3 1 4 2 2 0 2 2 1 0 1 3 2 1 1 0 2 0 0 1 1 0 1 2 0 1 2 1 0 3 2 3 1 2 3 1 2 2 1 0 0 0 2 2 1 1 0 1 1
1 2 0 2 1 3 0 1 0 6 1 3 2 1 2 1 1 0 3 0 0 0 1 0 3 3 2 0 3 2 0 2 2 3 0 3 2 2 0 0 1 1 0 1 0 1 1 0 2 1 0 0 0 0 1 0 1 0 2 0 1 2 2 1 1 1 3 2 0 3 1 0 0 2 0 0 1 1 0 0 1 0 2 1 0 2 0 2 0 1 1 0 1 0 1 2 3 1 4 0 1 1 6 3 0 2 0 1 1 2 1 0 4 2 1 0 3 0 0 0 1 2 3 4 1 1 2 1 2 2 1 1 0 2 0 0 2 3 2 2 1 2 1 1 0 1 0 0 2 2
0 0 1 0 2 0 1 3 2 0 0 1 6 3 1 1 7 1 0 0 1 0 0 4 2 2 1 1 3 1 1 4 2 3 1 1 2 2 1 1 0 0 2 1 2 1 3 1 0 1 4 1 3 0 0 4 2 1 0 1 0 0 0 1 1 1 3 0 1 2 1 1 1 0 1 1 3 0 0 3 1 1 1 1 0 0 2 0 2 4 1 3 0 1 0 2 1 1 0 0 1 0 3 1 1 3 2 0 1 0 2 2 1 0 2 3 1 1 5 4 1 1 1 3 2 1 3 2 3 0 1 3 7 1 2 1 1 4 3 1 3 1 1 1 3 0 4 0 3 0
4 2 0 2 0 2 2 0 0 1 1 1 1 2 1 0 0 3 0 0 1 0 3 2 1 1 1 3 1 0 4 1 1 1 1 0 0 1 1 1 1 4 2 2 0 1 0 1 1 2 3 2 1 3 0 1 1 2 2 1 4 0 3 0 1 3 1 0 2 0 2 1 1 1 1 4 0 2 1 2 0 1 0 1 2 1 0 2 0 2 2 2 4 0 2 1 0 0 7 0 0 0 0 1 2 1 0 4 4 1 1 3 3 2 0 2 0 3 1 1 0 1 0 0 1 2 1 1 1 1 2 0 0 0 3 0 2 0 1 0 2 0 0 1 0 1 1 0 1 0
2 0 1 0 0 1 3 1 0 1 1 4 1 3 0 1 1 0 2 0 1 0 2 1 1 1 1 1 2 3 0 0 1 1 1 0 3 2 0 2 2 1 1 2 3 2 0 0 1 3 0 0 1 0 0 0 1 0 1 0 0 2 2 3 0 1 0 5 2 1 2 1 1 0 2 0 1 0 0 1 3 0 1 1 1 0 1 4 2 0 0 2 1 0 2 2 1 1 2 1 2 1 2 0 0 1 2 1 1 0 1 1 2 1 5 0 3 1 2 3 0 0 0 0 1 0 2 2 1 1 1 1 1 1 1 1 1 0 1 1 2 1 1 1 2 0 1 0 1 1
1 1 4 2 1 0 1 0 0 0 1 1 0 2 2 2 1 1 1 1 0 0 1 1 1 1 2 1 1 1 1 3 0 3 1 0 3 1 0 3 1 0 1 0 2 1 0 0 1 1 2 0 0 1 2 2 1 1 0 1 0 6 0 0 0 1 3 1 1 1 4 2 1 1 1 1 1 2 1 0 0 6 3 1 2 0 1 1 2 0 0 2 1 1 2 1 1 1 1 1 1 1 1 1 2 0 1 0 2 4 2 2 1 1 0 0 5 1 1 0 2 1 1 0 0 0 1 2 2 1 1 3 2 1 1 0 1 1 0 2 1 0 0 6 1 1 3 0 1 1
2 0 1 1 1 0 1 1 2 1 1 1 1 2 2 2 0 1 0 1 2 3 0 1 0 2 1 1 1 2 2 1 1 2 0 1 3 1 1 0 0 1 1 3 0 0 2 1 2 0 0 1 1 0 1 2 3 0 2 0 1 0 4 1 0 0 0 1 1 2 1 1 0 1 0 2 1 1 1 0 1 0 0 1 2 3 0 3 2 2 2 0 0 0 2 1 1 3 0 2 0 5 1 0 1 1 1 0 0 5 2 1 0 3 0 1 1 1 2 2 3 3 0 1 0 2 2 0 1 3 2 3 0 0 2 1 0 1 1 1 0 1 1 0 1 0 1 0 1 0
0 1 2 0 2 2 0 2 1 1 1 1 3 0 0 1 0 0 1 1 1 2 1 0 1 2 0 2 1 0 2 1 1 0 0 1 1 0 3 1 1 1 0 1 0 1 2 1 1 2 1 6 1 2 2 1 0 1 3 1 1 0 1 3 1 1 2 1 0 0 0 2 2 3 0 0 1 1 1 1 1 1 0 1 1 2 1 0 4 1 1 0 0 2 3 2 0 1 1 0 0 1 0 1 1 2 1 1 0 0 0 1 1 0 3 1 1 1 0 1 2 1 2 0 1 0 0 1 7 1 1 1 2 0 2 1 0 3 4 2 0 0 1 2 0 0 1 0 0 1
1 0 3 1 3 3 0 2 0 2 3 0 1 1 3 2 2 1 1 2 0 4 2 0 0 0 3 7 2 1 1 2 0 3 1 1 1 1 2 1 2 0 3 0 2 0 1 1 1 0 1 2 1 1 1 0 0 1 2 1 1 2 1 1 2 0 1 0 0 4 0 0 1 1 0 1 1 1 0 2 2 1 0 0 1 1 0 1 0 0 1 0 2 0 0 1 0 2 0 0 0 1 1 1 1 4 2 1 3 1 0 2 3 0 5 2 2 0 1 1 0 1 1 2 2 0 0 2 3 1 0 0 0 1 1 6 2 3 0 1 4 3 0 0 2 2 2 2 0 0
0 0 5 1 3 1 1 2 2 1 0 2 0 0 3 3 0 1 1 1 2 0 1 0 2 0 1 0 1 1 1 0 2 2 0 1 2 1 2 1 0 1 1 1 1 1 3 1 0 1 4 1 2 1 1 1 3 0 0 1 2 2 1 0 0 1 4 0 1 1 2 1 1 1 1 1 2 2 0 3 0 4 1 1 3 1 1 0 2 2 2 2 3 0 0 1 1 1 1 2 1 2 2 1 1 0 2 1 0 3 0 1 1 0 1 1 2 1 0 3 6 1 1 1 0 2 2 1 1 1 1 0 2 0 1 2 1 1 2 1 1 1 0 2 2 0 1 1 1 1
0 0 1 1 1 4 2 2 0 0 1 0 0 1 0 1 2 1 0 2 0 1 1 1 2 3 2 1 1 0 2 0 1 1 0 1 2 1 2 2 2 0 0 1 1 0 1 1 3 0 0 1 1 1 1 1 2 0 1 2 2 1 0 2 1 2 1 0 2 3 0 1 1 0 2 1 3 0 0 1 1 0 1 1 0 1 2 2 1 2 1 1 2 1 1 0 2 4 3 1 0 1 2 2 2 0 2 3 1 1 2 1 0 2 0 1 0 1 0 1 0 0 1 0 1 0 1 0 1 2 1 1 1 1 0 1 0 1 3 1 4 2 2 0 1 0 1 0 1 2
0 1 0 5 2 0 4 1 0 1 2 3 1 2 2 0 1 1 0 0 0 1 2 2 3 1 2 1 2 1 3 0 0 2 1 2 1 3 1 0 1 1 1 4 0 1 5 0 1 1 0 0 1 2 0 3 2 0 0 4 2 1 2 1 2 2 3 0 1 2 5 1 0 2 1 1 0 0 1 0 1 1 0 1 2 3 3 1 0 1 1 1 0 0 1 2 0 1 3 0 1 2 0 1 3 0 0 0 0 1 1 1 0 0 2 0 2 2 0 0 1 2 2 1 1 1 0 0 2 1 0 2 1 0 1 0 0 1 3 2 0 1 2 0 4 1 0 1 2 1
1 1 0 0 1 2 2 2 0 3 1 1 1 1 0 0 1 0 0 1 0 1 3 0 1 0 0 0 6 1 2 1 0 1 6 4 1 0 0 1 2 1 2 0 0 1 3 1 0 0 0 1 1 3 2 0 0 1 1 0 6 3 1 2 4 3 2 2 1 0 1 0 2 0 1 2 1 1 0 2 1 1 3 1 0 0 1 1 0 1 1 3 1 2 1 4 1 0 0 0 1 1 4 1 3 0 0 1 7 2 0 1 2 1 0 2 4 1 4 2 0 2 3 0 2 1 1 0 2 0 1 0 2 2 1 2 3 2 1 3 2 1 2 1 4 0 1 0 1 1
2 1 2 1 0 1 1 0 0 1 2 1 0 3 1 2 3 2 2 1 1 0 1 1 0 1 2 3 2 0 0 0 4 2 2 2 2 1 2 1 0 4 0 2 1 3 2 1 2 3 2 4 0 0 1 1 1 0 2 1 1 0 2 1 1 2 1 0 0 2 2 1 0 0 1 2 1 2 3 1 0 1 0 0 2 1 4 0 7 2 1 0 1 0 1 3 3 0 0 2 1 1 3 1 1 1 1 1 2 2 1 1 1 2 1 2 0 3 2 0 3 0 2 1 1 0 1 0 0 2 0 2 0 2 1 1 1 0 2 3 1 1 2 3 0 0 0 0 1 0
2 1 0 2 3 1 2 0 0 1 1 1 1 1 2 1 0 1 2 0 1 0 1 1 2 7 2 0 1 0 1 3 0 0 1 6 1 0 0 2 1 1 1 1 1 2 2 1 5 1 2 1 1 3 4 1 1 1 1 1 0 3 2 1 2 1 1 0 0 2 1 1 3 1 1 0 3 0 1 0 3 1 0 0 2 0 0 0 0 1 1 2 0 0 2 1 0 0 2 0 0 2 0 2 2 0 0 1 3 1 2 4 1 0 1 1 1 0 1 1 1 2 3 0 1 0 3 2 1 0 1 0 1 2 1 2 1 1 1 0 1 1 2 1 0 0 2 2 1 1
1 0 1 1 0 2 2 2 0 1 2 1 1 1 1 1 1 2 0 1 1 2 1 0 0 0 2 1 3 0 1 0 2 0 0 0 1 2 1 1 3 0 0 1 1 0 1 1 2 0 1 3 1 1 0 1 0 1 1 1 1 2 0 2 4 1 0 1 1 0 1 1 1 1 0 1 1 1 0 2 3 1 1 0 1 1 1 1 0 2 1 0 0 0 1 0 1 1 1 0 0 2 2 0 1 1 3 0 1 0 0 1 2 1 0 0 2 2 1 0 1 0 0 1 0 1 0 0 0 2 0 1 0 2 0 0 1 3 2 0 2 1 1 1 0 2 3 1 0 1
2 1 0 1 0 2 3 0 2 0 0 0 2 0 1 0 2 0 1 0 1 3 1 2 1 0 1 2 2 0 0 1 2 1 1 0 2 3 1 1 2 1 2 1 2 1 0 2 1 1 1 1 0 3 3 0 1 1 1 1 0 3 0 1 1 2 2 0 0 4 1 1 3 0 1 1 2 2 0 1 1 1 1 1 5 3 1 0 0 1 1 5 1 1 2 1 2 1 1 2 2 0 1 1 1 0 1 2 2 0 1 0 1 3 1 0 2 2 1 0 1 2 0 3 1 1 0 1 1 1 3 2 0 0 2 0 1 0 1 0 1 0 1 1 0 0 1 2 2 1
1 2 0 1 0 1 1 1 1 0 2 0 3 1 0 2 0 2 0 0 0 0 0 2 1 2 1 0 2 0 1 0 0 1 0 1 0 3 0 2 2 0 1 1 1 1 0 0 1 0 2 2 0 1 2 1 1 1 0 2 1 1 3 3 1 1 1 0 2 0 0 0 0 0 1 0 1 1 1 0 1 2 2 3 2 1 6 3 0 2 1 1 0 1 2 2 0 4 3 0 2 1 0 2 1 1 0 1 0 0 2 1 2 0 0 1 3 1 2 1 1 2 0 3 0 1 2 1 1 1 1 1 1 2 3 1 2 0 1 2 1 1 1 1 1 0 0 0 1 2
1 2 1 3 2 1 1 3 1 0 0 1 1 3 0 2 2 1 3 2 2 2 1 0 1 0 2 2 1 0 2 0 0 2 2 2 0 1 4 2 3 0 1 1 1 3 1 1 2 0 0 1 2 0 2 0 2 2 0 4 1 2 2 2 1 4 0 1 0 1 3 0 2 1 2 1 2 1 1 3 1 0 1 1 1 4 3 1 1 0 1 0 1 1 1 2 1 1 1 2 0 1 2 0 2 0 1 1 2 1 0 2 0 1 2 1 1 3 0 0 0 1 1 1 3 1 0 0 1 1 1 3 2 4 1 0 9 1 1 1 0 0 3 1 1 2 3 1 0 1
1 0 0 1 0 0 4 3 0 1 0 2 2 0 0 2 0 2 1 1 1 3 2 0 3 3 1 1 0 1 0 1 1 1 2 0 2 0 2 0 1 1 4 1 0 0 1 1 1 1 3 0 1 1 2 2 1 2 1 1 1 2 0 3 4 0 1 2 1 1 1 2 2 0 1 0 0 2 0 2 1 2 0 0 3 2 0 1 2 0 2 1 1 1 1 2 3 3 1 2 1 1 1 2 0 1 2 1 2 2 1 0 2 3 0 0 0 1 2 0 0 2 1 3 0 2 0 2 2 0 1 0 4 2 0 1 1 1 2 1 0 1 2 0 3 6 1 4 0 0
1 1 1 0 0 1 3 2 0 0 1 1 3 1 1 1 0 0 1 1 1 1 2 1 6 1 1 1 5 1 1 1 0 0 0 2 2 0 0 2 0 1 1 0 0 3 1 0 1 2 1 2 1 1 2 1 2 1 2 0 0 1 2 0 0 1 1 1 0 1 3 1 0 1 1 1 1 1 1 2 1 1 2 3 0 2 2 3 1 1 0 1 2 4 0 0 0 0 1 0 1 0 1 0 1 0 0 2 0 1 0 2 1 5 4 0 2 0 1 2 3 1 0 0 3 1 1 2 2 2 1 2 1 0 0 0 1 0 1 3 1 0 0 3 3 3 0 2 1 1
2 2 0 0 1 2 1 1 0 3 0 2 3 1 1 3 2 1 2 1 2 1 1 1 0 1 1 0 1 0 3 0 0 2 1 2 0 1 1 2 0 1 2 0 2 0 0 0 1 1 0 3 3 1 3 0 1 1 2 0 1 0 2 1 0 1 5 1 1 2 1 1 0 1 0 2 1 2 3 1 2 3 1 3 1 0 0 2 0 2 1 1 1 2 2 2 0 0 1 0 3 1 0 1 2 0 0 0 1 0 2 4 2 0 1 1 1 4 0 1 0 2 2 1 1 1 2 1 0 1 0 0 2 0 3 2 2 2 2 0 1 2 1 2 2 2 1 0 1 2
0 0 1 2 0 2 1 1 4 0 1 2 2 2 1 1 2 1 2 3 0 2 3 0 2 2 0 2 1 1 2 1 0 2 2 3 1 2 2 1 1 1 1 0 1 1 2 0 0 2 1 3 1 1 1 1 2 3 0 1 0 0 1 1 0 2 1 1 1 2 3 1 2 2 0 2 3 1 1 2 1 3 3 2 0 2 1 0 4 1 0 0 1 1 1 3 0 1 1 1 0 2 1 1 1 2 0 0 1 0 1 1 0 1 3 1 2 0 1 0 0 0 0 1 0 1 3 1 0 2 0 0 1 0 7 1 1 2 2 2 2 2 2 1 1 2 2 3 1 2
2 1 2 3 1 1 1 0 4 0 1 0 2 3 2 1 2 2 1 4 1 1 0 2 0 0 1 2 3 0 2 0 1 2 2 3 4 0 2 2 2 1 1 1 0 0 2 0 1 4 4 1 0 0 0 0 0 3 2 0 4 1 0 1 1 4 1 0 1 1 1 2 0 1 3 6 1 1 1 1 1 3 1 3 1 2 1 1 4 1 2 0 0 3 0 1 0 7 2 3 1 2 0 2 2 0 1 1 0 0 1 1 3 3 1 2 1 0 2 1 0 1 0 1 1 4 1 2 1 1 1 0 1 1 1 0 1 2 0 2 2 4 1 3 0 2 1 1 1 1
1 1 1 1 2 0 0 1 2 1 3 1 2 1 1 1 6 0 1 0 3 1 2 1 2 1 1 1 2 0 3 1 1 2 0 1 4 3 0 2 0 1 0 1 1 0 0 2 2 0 1 0 0 1 2 2 0 1 0 0 1 1 2 1 0 0 1 1 2 0 0 1 0 2 1 1 1 0 0 0 3 0 3 0 0 1 2 0 1 0 4 5 0 1 3 1 1 2 2 1 0 0 0 1 2 1 0 0 0 0 0 0 2 2 1 3 2 0 2 2 1 0 2 3 1 0 0 0 0 2 0 0 1 1 1 2 2 0 2 0 0 2 1 0 4 0 0 0 1 1
1 2 2 0 0 1 0 2 0 2 2 1 4 1 1 0 1 2 0 0 0 1 1 1 0 0 0 1 2 1 0 2 1 0 1 2 0 2 2 0 3 3 0 0 2 2 6 3 2 0 0 3 1 0 2 1 0 2 3 0 1 0 3 1 2 2 1 1 1 0 0 2 0 2 1 1 3 0 1 0 2 2 1 1 1 0 1 2 1 1 2 2 0 0 0 2 1 0 1 2 0 1 2 0 1 0 2 1 1 0 0 2 0 1 2 3 0 1 2 1 1 3 1 0 2 2 1 2 1 0 0 3 1 2 2 1 1 0 0 4 2 1 2 2 1 3 2 3 1 0
0 1 0 2 3 2 0 3 0 1 2 1 1 1 1 1 1 1 1 2 2 1 1 1 2 2 1 1 1 2 3 2 1 4 1 3 0 3 1 3 1 1 1 2 1 1 0 0 1 0 1 1 1 2 2 1 0 1 1 2 2 0 1 3 1 0 3 0 1 2 2 4 3 2 2 1 3 1 0 0 0 1 1 3 4 1 0 2 3 1 2 1 1 2 1 1 1 1 1 4 1 0 1 2 0 2 4 1 1 0 2 0 1 1 2 0 2 0 1 0 1 0 0 0 0 0 3 2 1 0 1 0 1 2 0 0 1 4 1 1 2 2 1 2 1 0 0 1 0 0
3 2 1 2 1 1 2 1 2 1 2 0 2 2 0 2 1 1 1 1 2 2 1 2 2 0 2 0 2 0 1 1 1 0 1 3 0 0 0 3 0 1 4 1 2 0 1 0 1 0 1 2 1 0 4 1 1 3 1 6 1 1 1 1 1 2 0 1 1 2 6 2 3 1 1 1 1 1 0 1 0 1 2 2 0 3 4 1 3 2 1 0 1 3 1 0 0 2 1 1 2 1 2 0 2 1 2 0 3 2 0 1 0 1 4 0 1 0 2 2 2 1 1 1 0 0 1 0 2 0 0 0 1 0 1 1 0 0 0 0 1 0 0 4 0 2 0 2 2 1
2 0 3 1 0 1 1 0 3 1 4 2 3 2 0 1 1 1 3 1 2 2 0 0 3 1 1 1 1 1 2 3 0 2 2 2 0 1 0 1 0 1 6 1 1 0 0 0 1 1 1 2 2 2 3 0 1 2 1 1 2 1 2 1 2 1 0 2 1 3 1 0 1 2 2 1 0 1 0 4 0 1 1 2 0 2 2 0 2 1 1 3 0 0 0 2 0 1 2 0 1 3 0 1 3 5 0 1 3 2 1 1 1 0 1 1 2 0 0 1 0 1 2 2 2 3 2 1 3 4 1 5 1 1 1 0 5 2 2 2 1 1 2 2 2 0 2 3 2 1
1 0 0 0 2 2 0 3 1 2 2 0 4 0 2 1 2 0 1 0 1 1 3 1 3 0 0 0 0 1 3 1 2 1 1 0 2 1 9 1 2 1 0 0 1 0 1 3 1 1 2 3 0 1 1 2 4 3 4 0 1 0 1 0 1 1 3 2 0 0 0 2 4 1 0 2 0 2 1 0 2 1 0 1 0 1 1 2 0 5 0 0 3 5 1 0 2 0 1 1 0 1 0 2 0 4 1 3 1 1 2 2 4 1 0 0 0 1 1 2 2 0 1 1 1 0 1 0 2 1 0 2 1 1 1 2 1 3 0 2 1 1 2 1 1 1 2 3 0 1
0 2 0 1 3 1 0 0 1 1 1 1 0 1 3 2 2 4 0 1 0 1 1 1 0 0 1 2 0 1 0 1 4 2 1 0 1 1 2 2 1 2 1 2 2 1 1 1 1 1 2 1 0 3 1 1 1 1 0 3 2 1 1 1 2 0 1 2 5 1 0 1 2 0 0 0 1 0 4 1 1 1 2 2 2 1 0 3 2 0 0 1 1 2 1 1 0 2 2 1 0 0 1 1 0 0 1 1 2 3 3 0 0 1 0 0 0 1 1 0 1 2 1 0 1 0 3 3 1 1 1 2 1 2 1 0 1 3 0 1 2 1 1 1 2 2 1 5 1 1
1 0 0 1 4 3 1 0 1 1 2 2 2 0 0 1 1 0 2 4 1 2 1 0 1 1 5 2 1 0 1 3 2 1 1 1 2 4 1 2 1 1 0 6 2 1 0 1 1 0 3 1 0 0 1 1 2 0 1 0 1 2 3 2 0 1 0 2 3 2 2 2 1 2 2 0 2 2 1 1 0 1 2 0 1 0 3 1 0 3 5 1 1 2 2 0 2 4 0 1 2 2 3 1 0 2 1 2 1 2 0 2 1 2 0 0 0 1 0 3 1 2 0 0 0 0 0 0 4 1 1 3 1 1 1 0 2 4 0 0 2 1 3 5 0 0 1 0 3 0
3 0 0 1 2 1 1 1 3 2 3 1 3 0 1 0 2 0 2 1 3 0 1 2 1 1 0 0 1 1 2 1 1 2 1 0 1 0 1 0 1 1 1 1 4 2 0 1 2 0 0 4 0 1 2 2 1 1 2 1 3 2 0 1 4 2 1 5 0 3 3 2 2 1 2 3 1 0 3 0 2 3 1 4 1 2 0 1 3 1 1 1 1 0 1 1 2 1 3 0 2 2 1 3 1 0 4 0 0 0 1 0 0 0 1 1 1 0 0 0 1 0 1 1 1 1 1 2 1 3 2 0 0 4 4 3 1 3 1 0 1 2 2 2 1 0 0 1 3 2
3 1 3 6 1 2 2 1 0 1 2 2 3 2 4 2 2 0 1 1 1 2 1 0 3 2 3 1 3 0 4 0 1 1 1 1 0 0 1 0 5 3 2 3 1 0 1 1 2 0 1 2 1 2 2 0 3 1 1 0 4 2 2 2 0 0 0 1 1 2 2 2 1 2 0 2 1 2 1 4 0 0 0 1 1 0 0 5 1 2 1 2 0 1 0 0 0 4 2 1 1 1 2 0 2 1 0 1 2 2 2 1 2 0 1 1 0 0 0 0 0 0 1 2 1 2 2 1 2 0 0 4 1 0 1 0 1 1 0 2 1 1 0 1 0 1 1 1 2 1
1 0 2 0 1 2 1 1 0 0 0 1 1 2 3 0 2 3 4 4 3 1 0 2 1 3 1 1 5 1 0 2 3 1 1 1 0 2 1 1 1 0 1 1 3 1 1 2 2 0 3 2 1 0 1 1 1 2 1 2 0 4 0 2 2 0 1 2 1 1 1 1 1 1 0 0 2 0 2 0 0 1 4 1 2 0 0 4 1 3 0 2 1 1 3 1 0 2 0 1 0 0 1 0 0 2 1 0 1 2 1 0 2 1 2 0 3 0 0 0 0 1 4 0 0 2 1 0 1 1 1 2 2 1 1 1 1 1 1 0 2 1 2 0 0 4 0 1 0 1
1 1 2 1 0 1 1 0 1 0 2 0 2 1 1 1 1 0 3 2 1 1 3 2 0 2 0 1 2 0 4 2 2 0 4 2 1 1 0 2 2 1 1 2 3 0 3 1 1 2 1 1 0 2 0 0 2 2 1 2 1 1 2 1 2 4 1 2 0 1 1 0 0 1 1 0 1 2 0 0 1 1 1 0 3 1 1 1 0 0 2 3 2 0 6 0 1 0 3 1 1 1 1 0 0 3 0 0 0 1 1 1 2 0 2 1 1 1 0 0 0 1 1 1 1 0 1 1 2 1 2 0 2 0 3 0 1 3 1 3 1 1 0 0 1 1 2 0 1 1
0 0 1 4 1 1 1 3 0 0 1 2 2 1 1 3 0 1 2 0 0 0 1 2 1 2 1 2 2 3 0 1 2 1 2 2 1 1 3 2 1 2 0 2 3 1 1 1 1 1 2 1 0 0 0 1 0 0 0 1 2 0 0 1 0 0 0 1 0 2 0 0 0 2 0 1 2 2 1 2 1 2 2 4 1 1 2 1 1 0 1 3 1 1 1 0 2 2 0 2 0 2 2 1 2 1 2 0 1 0 3 0 1 1 0 2 2 0 0 1 1 0 1 2 2 0 0 2 5 1 1 1 2 0 2 3 1 2 2 2 2 2 0 2 2 2 0 1 1 0
1 6 2 1 0 2 1 1 2 0 2 1 2 4 1 3 2 2 1 0 3 1 0 0 2 0 5 1 0 0 1 1 1 0 1 1 0 1 2 1 0 1 2 0 1 1 1 0 2 1 1 1 0 4 2 1 4 1 1 1 0 1 1 0 0 2 0 0 0 0 0 2 2 2 2 3 0 0 1 3 1 2 0 0 1 0 3 1 0 0 1 0 2 1 1 1 2 3 2 3 0 0 0 1 1 0 2 0 0 2 1 0 1 2 1 1 0 1 1 4 1 1 0 2 2 0 0 1 2 1 3 3 2 0 1 2 1 1 1 1 3 0 0 1 2 0 1 1 0 0
0 2 1 2 1 1 1 0 1 0 1 3 1 0 1 1 2 2 2 1 2 1 0 1 0 1 0 0 2 1 2 1 2 1 1 3 1 1 1 2 1 2 1 2 6 2 1 0 2 1 1 0 1 1 3 0 0 2 2 1 1 2 3 2 1 1 4 1 0 1 1 1 1 2 1 0 1 1 0 1 1 0 0 3 2 1 4 3 0 0 0 1 0 2 1 0 1 0 1 0 1 3 3 1 3 0 1 1 1 3 0 0 1 2 1 0 0 1 2 0 1 2 2 0 2 3 6 1 1 1 1 1 1 0 1 1 1 0 1 1 1 2 0 2 2 2 2 1 1 2
2 1 1 1 1 2 1 0 1 0 2 1 2 0 1 1 0 1 0 1 1 0 0 2 0 2 2 1 3 2 0 0 1 1 0 0 1 2 2 1 2 0 0 1 2 1 1 1 1 1 1 0 1 2 0 0 1 0 0 1 0 1 0 0 1 3 2 1 1 1 1 1 1 3 0 1 3 2 0 1 1 4 1 2 1 2 1 2 1 1 0 0 1 2 0 1 1 2 1 1 0 1 0 3 0 3 1 0 1 1 2 0 0 2 1 1 0 1 1 0 1 2 2 2 0 2 1 0 1 2 2 0 1 0 2 1 3 3 0 0 1 0 1 0 1 0 0 0 5 1
1 1 0 0 0 4 0 2 1 1 1 0 2 4 1 0 2 2 0 1 1 2 2 1 1 0 0 1 0 2 1 1 0 0 0 2 2 1 0 1 1 1 3 1 0 1 0 1 1 1 3 2 1 0 0 3 4 2 1 1 1 0 4 1 2 3 0 1 3 1 0 1 4 1 1 1 0 2 0 1 2 1 1 0 0 0 1 1 2 0 0 2 0 0 2 0 1 1 0 0 1 1 1 1 2 1 1 1 4 0 2 0 0 3 0 0 0 1 2 2 0 0 0 3 2 0 1 2 0 0 2 1 1 0 0 0 1 1 3 0 2 1 1 1 2 3 1 0 0 2
1 1 0 1 1 4 2 0 2 1 3 1 0 0 0 1 0 0 2 4 2 0 3 2 2 0 0 1 0 4 1 2 2 3 0 1 2 4 1 0 2 1 2 1 0 1 0 1 3 0 0 3 1 0 1 2 3 2 2 1 3 2 2 2 0 1 1 3 4 1 1 2 1 0 1 1 4 1 0 1 2 1 0 2 1 1 2 3 1 2 1 2 0 0 2 1 0 1 1 3 0 0 2 0 0 1 2 3 1 0 1 3 1 2 1 3 0 1 2 1 1 0 0 6 1 1 0 1 1 1 0 0 2 1 0 1 1 1 2 2 0 2 1 0 1 2 1 1 2 1
1 2 4 2 2 0 3 0 2 0 0 3 1 1 3 2 1 1 1 1 1 2 0 1 0 1 1 0 0 0 0 2 1 0 0 0 0 0 2 0 2 1 2 1 1 1 0 1 0 1 1 2 2 0 2 1 2 2 0 1 2 0 0 0 1 1 1 2 1 2 1 1 0 2 1 2 1 3 2 0 1 2 1 0 1 2 1 2 1 2 2 0 1 2 1 0 0 0 0 2 0 1 1 0 2 2 1 1 2 0 2 2 0 1 0 3 0 2 1 0 1 2 1 1 0 2 1 0 2 1 1 1 1 1 1 1 0 4 2 1 1 0 2 0 2 1 1 0 4 1
2 1 2 0 2 5 1 1 3 1 0 1 0 2 0 3 1 1 1 0 2 1 0 1 2 1 1 0 2 1 2 1 1 0 0 2 0 0 1 0 3 1 1 0 2 1 1 2 0 2 2 2 2 1 2 2 2 1 1 1 1 1 2 1 0 1 0 3 1 3 1 2 2 0 0 1 0 2 0 6 3 4 0 1 1 1 2 3 1 1 2 1 7 3 1 1 2 2 0 1 0 1 1 1 2 2 0 0 1 0 1 1 2 3 2 1 4 1 2 1 2 5 2 1 1 0 1 2 0 0 4 1 2 2 0 1 2 1 0 1 3 1 1 1 0 2 2 0 2 3
0 0 2 1 3 0 2 3 0 2 1 0 1 0 3 2 0 3 3 1 1 2 2 1 0 0 2 2 0 1 0 2 1 1 1 1 0 1 0 1 0 2 2 1 0 1 0 1 3 2 2 2 1 1 0 0 0 0 0 2 2 0 1 0 0 0 0 1 1 3 2 0 0 1 1 1 1 4 0 1 0 0 1 0 1 0 2 0 1 1 1 3 1 1 1 2 1 0 2 0 2 1 1 1 0 2 1 2 1 2 0 0 0 4 1 1 1 3 0 1 1 1 1 1 2 0 1 1 0 0 2 2 1 5 1 1 1 1 2 2 2 0 4 1 0 2 0 2 0 1
1 2 2 0 1 0 1 1 0 4 2 1 1 4 3 1 2 0 2 2 1 2 0 0 2 1 2 2 0 2 0 0 0 1 4 1 1 2 0 0 1 1 1 1 0 1 0 0 0 1 2 1 1 1 1 2 3 0 1 3 1 4 2 1 1 0 2 2 4 1 2 1 0 1 2 1 0 3 3 0 1 0 1 3 1 3 1 1 2 1 1 2 1 0 1 1 0 1 0 1 0 3 1 1 1 1 0 0 1 0 0 1 0 1 0 1 1 2 0 1 2 1 3 1 2 2 0 1 4 2 0 1 1 2 1 0 0 2 1 1 0 1 0 0 0 1 2 1 2 1
0 0 2 1 0 2 1 0 2 1 1 0 1 3 1 1 1 0 0 0 3 0 2 1 1 0 2 1 0 2 1 2 1 1 2 0 1 0 2 2 0 0 1 3 1 1 1 1 1 1 0 1 1 2 0 2 0 1 1 1 0 1 0 0 4 0 0 3 3 3 2 1 0 1 1 0 0 1 2 1 0 3 1 1 1 2 1 3 0 1 3 3 1 0 0 1 2 0 2 0 1 2 1 3 0 2 0 0 0 0 3 0 0 5 2 2 3 0 4 2 0 1 3 1 0 1 0 1 1 2 1 0 1 2 2 1 0 3 1 1 1 2 0 1 1 0 0 2 0 1
0 3 1 1 1 0 0 0 1 2 0 1 1 0 0 1 4 0 4 0 2 0 2 2 4 2 3 1 2 2 2 2 0 0 0 3 2 0 2 1 1 2 0 2 1 3 0 1 1 1 0 0 0 1 4 0 0 1 2 1 0 1 0 2 2 3 2 1 0 1 2 0 0 3 1 0 3 3 2 2 0 1 0 1 3 3 0 7 0 1 2 0 2 0 2 1 1 2 0 1 0 0 1 2 4 1 2 1 1 1 1 1 1 1 1 1 1 0 1 2 2 2 2 1 1 1 2 1 2 1 1 1 0 1 2 1 6 0 1 1 0 1 2 1 0 1 1 3 1 1
2 1 3 2 3 3 1 3 1 2 2 1 4 1 1 3 3 3 0 1 2 0 1 2 0 0 1 2 0 0 1 3 0 2 1 2 0 1 1 2 1 2 1 0 0 0 1 1 1 0 1 0 0 0 1 0 1 1 2 0 1 0 0 0 1 1 1 0 2 1 2 2 2 2 0 1 2 1 0 2 2 1 3 2 0 1 2 1 0 1 1 0 0 1 0 1 0 2 2 2 2 0 2 4 2 0 0 0 1 1 2 2 0 1 1 2 1 4 0 1 0 0 0 0 0 0 1 1 2 5 2 2 1 0 1 0 0 0 0 0 2 1 2 2 1 0 4 2 1 4
3 2 0 2 2 1 0 3 1 0 2 0 1 0 2 0 1 0 0 1 0 1 2 0 2 1 1 0 1 0 4 1 1 1 4 1 1 1 1 1 0 0 1 1 2 0 1 0 2 1 0 1 0 2 1 1 2 3 1 0 3 2 2 1 0 1 1 1 1 2 5 1 1 0 0 1 1 2 3 2 0 2 1 1 2 2 0 2 3 1 1 2 2 1 1 0 1 1 1 1 0 2 3 1 0 0 3 7 1 1 2 0 1 1 1 1 1 4 1 1 3 2 1 1 2 0 0 1 0 1 1 2 2 1 0 3 3 1 0 0 1 0 1 0 3 0 0 0 1 0
1 0 2 1 3 1 2 1 2 1 1 6 2 1 0 0 2 0 2 1 1 0 0 2 0 1 1 1 1 0 0 2 1 2 1 2 3 0 2 2 0 1 2 3 2 4 1 1 0 2 1 1 0 0 2 1 2 0 0 4 1 0 1 2 1 0 0 1 1 2 2 1 0 0 0 2 1 2 1 1 0 2 2 3 1 3 0 1 0 1 0 1 1 6 2 1 0 2 1 2 0 0 1 0 1 0 2 1 0 2 1 0 1 0 2 0 0 3 0 1 0 3 2 1 1 0 1 1 1 1 0 1 1 0 3 0 3 0 1 0 2 2 1 0 1 0 2 1 1 1
0 0 1 0 2 1 1 1 0 1 4 0 0 0 1 0 1 1 2 1 1 0 0 1 1 2 1 2 2 0 1 1 1 0 1 2 2 1 1 3 3 2 1 1 2 2 0 0 0 4 1 4 1 3 2 1 1 2 0 3 0 0 0 1 3 0 1 0 4 4 2 6 2 1 1 0 1 2 0 1 2 0 1 0 1 1 2 1 2 1 1 0 0 2 1 0 0 3 1 1 1 1 2 9 1 1 2 1 1 2 1 1 0 5 1 1 2 1 1 1 1 1 1 1 3 1 1 0 2 1 0 0 6 0 3 3 0 0 2 1 1 2 2 2 1 0 0 1 0 1
1 2 1 0 2 1 1 2 0 1 0 0 0 0 1 1 0 4 2 1 2 1 0 0 3 2 1 1 2 3 1 1 2 1 0 0 1 1 0 2 0 1 1 0 3 1 1 0 0 1 3 1 1 1 2 2 0 4 0 0 2 0 1 0 2 2 0 1 2 1 2 1 3 1 2 0 2 2 0 2 1 2 0 1 1 2 3 4 0 0 1 1 3 3 1 1 1 2 0 1 3 0 0 1 1 0 2 2 2 0 0 4 0 2 3 3 4 3 1 1 3 2 1 0 3 1 1 4 1 1 2 3 0 0 1 0 0 0 1 2 0 1 1 3 1 1 2 2 2 2
1 0 1 3 3 0 1 0 1 0 1 0 4 1 1 1 0 2 2 1 0 1 2 1 1 1 2 0 1 1 4 4 0 1 2 0 0 0 3 2 2 2 3 1 3 1 0 0 0 2 0 2 2 0 0 2 2 1 1 0 1 1 1 1 0 4 1 2 1 1 2 2 0 0 1 2 1 0 0 0 3 3 0 4 1 2 2 3 1 1 0 1 4 0 2 3 3 1 2 1 2 1 1 1 2 1 2 2 0 2 0 1 0 2 0 0 0 1 0 1 1 2 1 1 0 3 2 2 0 2 1 1 1 0 0 1 2 1 0 0 1 1 0 2 0 0 1 0 2 1
4 2 1 1 0 1 0 3 1 3 3 0 1 2 1 1 1 1 1 0 2 2 1 5 1 1 2 1 2 2 1 3 1 3 1 4 0 1 1 2 1 0 3 1 1 3 1 2 2 0 0 1 1 1 1 0 2 2 0 2 0 1 1 1 0 1 5 1 1 3 2 5 0 1 1 0 0 0 2 0 4 4 0 1 2 1 2 1 0 1 2 1 2 1 1 1 2 3 3 0 0 0 2 1 1 3 0 2 2 0 4 1 0 2 2 1 0 0 2 0 3 2 1 1 0 0 2 1 1 2 1 1 1 0 0 0 1 2 0 0 0 1 1 1 1 1 1 0 3 1
0 0 0 1 2 3 2 0 0 0 1 2 1 1 1 0 2 2 2 0 2 0 0 0 1 0 1 4 1 2 2 1 1 2 1 1 2 6 1 1 1 0 2 0 2 2 0 3 2 1 2 3 1 1 3 0 1 0 1 0 2 0 1 0 6 1 2 1 1 0 2 1 1 0 2 0 0 0 1 1 1 2 2 1 2 0 1 3 2 2 1 0 0 4 1 4 0 2 1 1 2 1 1 0 0 1 1 2 2 0 2 2 1 1 1 2 2 1 1 2 1 2 3 1 1 2 0 1 3 2 0 1 0 2 1 2 1 0 1 0 0 2 1 0 0 0 1 1 2 2
1 1 1 0 2 0 0 1 2 2 2 2 1 3 1 1 0 1 1 3 1 1 1 0 1 0 1 2 1 2 3 1 1 1 0 1 2 2 3 1 2 3 0 1 0 0 0 0 0 1 4 1 0 1 2 2 1 1 1 1 2 2 0 0 1 1 1 4 1 1 0 1 1 3 1 3 2 1 1 0 1 1 3 1 0 0 2 1 0 1 0 1 0 3 1 2 1 1 1 1 1 0 1 0 1 0 2 2 4 2 1 2 0 1 1 1 1 2 1 1 1 2 0 2 0 1 2 0 1 0 1 2 1 1 0 2 2 1 1 1 2 0 1 1 1 1 2 0 2 0
2 0 0 0 0 0 2 1 1 1 2 0 2 2 1 1 2 0 2 1 1 0 2 3 0 1 0 3 1 0 0 3 2 1 1 1 1 2 0 0 0 2 1 1 0 0 0 2 2 0 1 0 2 1 1 1 2 1 2 2 1 1 1 1 0 1 1 2 4 0 1 2 1 0 1 2 1 3 1 0 2 0 0 0 1 0 1 1 0 1 0 1 1 0 0 2 2 2 2 2 1 1 1 3 2 0 1 2 1 1 2 1 0 2 2 1 3 2 0 2 0 0 0 0 1 1 1 2 1 4 0 0 2 2 1 1 2 1 0 1 1 1 0 2 4 1 2 0 1 0
0 0 0 1 0 2 3 4 0 1 4 0 0 0 2 1 1 1 2 0 3 2 0 0 1 0 1 0 0 0 2 0 1 0 1 1 1 0 0 1 1 1 1 2 1 0 0 0 0 1 2 0 2 1 2 1 0 2 2 3 0 2 1 1 1 0 0 2 2 4 0 2 1 0 0 0 3 0 2 3 1 2 1 3 2 2 1 1 1 1 6 0 2 0 2 0 0 1 3 1 1 1 1 1 0 3 2 1 3 0 2 2 4 2 1 1 5 2 1 0 0 2 1 2 0 1 0 0 1 1 0 1 1 2 0 0 2 3 2 1 0 1 2 0 0 0 1 3 3 0
4 0 2 2 4 3 1 0 0 1 2 1 0 1 2 0 1 2 0 1 0 1 1 1 2 1 1 2 1 1 0 1 0 0 0 1 0 1 1 3 0 1 2 1 2 1 1 1 2 1 1 0 1 1 2 3 0 2 2 0 2 1 2 1 2 0 3 1 1 1 0 2 2 2 1 0 0 0 0 1 2 2 0 4 3 2 0 3 0 2 1 1 0 2 2 1 4 4 0 0 0 0 1 1 3 3 2 1 0 4 1 1 0 2 1 2 0 1 0 0 1 2 2 2 1 2 1 2 0 0 0 1 0 1 3 1 1 1 0 1 0 1 4 0 0 0 0 0 0 0
0 1 1 1 4 1 1 2 1 1 2 1 0 1 1 1 1 3 1 2 1 1 1 0 3 0 1 1 3 0 0 0 4 2 3 1 2 0 0 0 2 2 0 0 0 3 1 2 0 0 1 0 1 1 1 1 2 2 2 1 1 3 0 1 2 0 0 1 2 3 0 1 0 0 0 1 0 1 0 0 0 0 1 2 2 1 1 0 1 0 1 0 0 2 0 0 1 0 0 0 2 0 0 2 6 3 2 2 2 0 3 0 2 0 1 2 0 0 1 4 1 2 0 2 0 3 2 1 2 2 1 0 1 0 0 0 0 1 0 1 0 1 1 0 0 0 0 1 2 3
0 0 2 1 0 2 1 1 1 3 1 1 5 0 0 0 1 0 1 0 1 1 2 6 0 1 2 6 2 1 1 0 1 1 1 2 1 1 3 2 2 3 2 1 2 0 1 2 1 1 1 0 1 1 0 0 0 0 2 0 1 3 1 2 1 0 1 2 1 1 0 2 2 2 1 1 0 1 1 1 1 2 0 1 3 1 0 4 1 1 3 1 1 2 1 1 0 1 0 2 3 1 0 3 1 0 1 2 1 0 2 0 0 2 2 1 1 0 1 0 2 0 1 2 0 1 1 1 2 0 2 0 1 4 0 2 0 2 1 1 1 2 2 1 0 0 0 1 1 3
3 1 2 0 1 0 3 0 1 2 2 1 3 0 0 1 2 1 3 3 2 1 0 1 0 2 1 1 0 1 2 0 0 0 0 2 2 1 2 1 1 1 1 0 1 3 0 2 2 4 0 0 0 3 1 0 0 0 2 0 5 1 2 0 3 2 5 0 2 4 1 1 0 1 1 1 0 3 0 1 4 6 1 1 2 0 0 0 0 0 0 0 0 2 1 0 1 0 0 2 1 2 0 1 4 2 0 3 1 0 3 1 2 3 3 5 0 1 1 1 0 1 1 1 0 0 1 0 0 2 1 2 3 2 0 1 1 2 0 0 1 0 0 3 0 1 1 0 1 0
1 1 2 1 0 2 0 1 3 0 0 1 1 2 3 0 1 1 1 2 1 1 0 1 1 2 0 1 1 2 0 1 0 2 1 0 1 0 1 2 1 4 2 1 1 0 2 0 1 1 3 0 1 1 1 0 0 2 2 0 2 2 1 0 0 0 1 1 1 3 1 4 1 0 1 2 1 1 0 1 0 1 1 3 1 1 2 3 1 1 1 1 0 0 1 1 2 1 1 1 0 2 1 0 0 1 1 1 1 1 1 0 2 2 0 1 3 3 2 0 1 1 0 1 5 0 2 4 2 0 2 0 1 1 1 1 0 2 2 3 2 2 1 3 0 2 1 1 0 1
2 3 1 4 0 1 0 1 1 2 2 0 2 0 1 3 1 1 2 1 1 3 1 1 1 1 1 1 1 0 0 2 1 0 1 0 3 4 2 1 1 0 3 1 0 0 1 1 2 0 0 1 1 2 0 0 1 1 0 2 2 1 1 1 2 1 2 0 1 2 1 1 0 0 0 1 1 1 0 2 1 2 0 2 1 1 2 0 0 1 1 0 1 0 1 2 1 1 0 1 1 1 2 1 0 1 2 2 1 1 0 0 1 1 1 1 0 2 1 1 1 0 0 2 1 2 1 1 3 1 1 1 1 4 0 1 1 2 1 1 2 0 0 0 0 3 3 0 1 0
