200
113 131 96 11 190 142 113 115 178 56 148 74 115 15 17 57 141 15 104 111 37 39 175 86 135 33 88 172 111 139 18 11 51 144 159 140 172 176 22 12 71 51 197 198 82 84 146 27 52 80 38 12 166 39 167 174 58 165 20 141 94 119 100 76 201 11 8 166 87 168 200 195 188 25 118 160 177 184 47 111 4 44 145 75 178 169 84 160 89 6 106 118 201 189 167 109 196 94 96 88 24 200 12 133 148 148 5 62 18 117 42 166 43 46 26 82 33 76 95 82 87 148 174 115 5 107 85 107 184 81 85 31 59 160 182 30 177 155 99 163 184 80 101 201 198 103 99 6 180 170 200 122 149 30 75 163 83 87 192 199 201 150 184 60 99 103 124 43 158 15 17 152 179 179 110 193 95 163 135 156 159 187 164 116 18 72 184 144 104 80 30 7 134 80 2 180 27 142 173 105
0 2 1 3 1 3 5 3 1 0 1 1 1 2 3 4 0 0 1 0 0 0 0 1 1 1 0 4 4 0 0 1 5 0 1 0 3 0 0 2 2 0 0 2 3 1 1 1 3 0 1 0 3 3 2 1 1 0 0 1 1 3 2 1 0 1 1 1 1 2 1 1 2 1 1 1 2 1 0 1 4 8 1 1 1 3 1 1 0 1 0 0 2 1 0 2 1 1 1 1 1 3 0 1 2 2 1 1 0 1 1 0 0 3 1 1 4 3 2 2 2 0 0 0 1 1 1 3 2 1 0 1 1 3 1 1 1 1 1 1 0 2 2 2 1 1 6 6 1 1 1 2 2 0 2 2 0 1 2 0 2 3 3 0 1 2 1 1 2 1 1 2 1 0 3 2 1 4 1 2 3 2 1 1 1 2 2 2 1 1 2 6 0 0 2 0 1 1 0 1
2 0 0 5 1 2 1 0 2 1 0 0 1 0 1 4 3 1 1 0 2 1 2 1 2 0 0 1 0 0 0 1 0 0 3 1 3 1 2 1 1 2 2 1 2 0 0 4 0 0 0 1 1 0 2 2 1 2 1 0 2 2 2 0 3 5 2 1 1 1 3 0 1 2 1 2 0 1 2 0 1 2 2 1 0 1 2 1 0 2 3 1 1 1 0 2 1 3 0 1 0 1 1 0 0 1 2 3 1 1 0 1 1 1 0 2 1 1 2 0 0 1 0 0 2 0 0 1 5 1 0 1 1 2 1 0 0 1 1 3 0 1 1 0 1 3 2 0 3 1 3 0 1 1 2 3 1 1 3 2 1 2 1 5 0 3 0 0 0 5 0 1 1 1 3 1 4 2 0 1 2 1 0 3 1 0 1 5 0 1 4 1 1 1 0 1 1 2 2 0
1 0 0 0 0 0 1 1 0 1 1 3 1 2 2 1 2 1 0 0 0 2 1 0 2 0 2 1 1 1 1 0 1 1 1 1 1 0 2 0 1 2 2 2 1 3 0 2 4 2 2 2 0 1 2 4 2 1 2 0 1 3 1 1 1 0 0 0 0 2 1 1 0 1 2 2 2 1 0 0 0 1 0 1 2 5 2 1 1 0 3 0 0 2 0 2 0 5 0 1 3 0 5 1 0 0 0 2 1 2 1 0 1 4 2 3 2 1 3 0 2 0 2 0 3 0 1 2 0 2 0 1 2 0 1 2 1 0 0 3 2 1 1 0 1 2 2 0 1 1 1 1 0 1 3 2 1 1 1 2 1 3 3 1 2 3 0 0 1 1 4 1 2 2 0 1 0 0 0 0 2 3 0 4 0 0 0 1 3 1 2 0 2 0 1 1 2 0 0 3
3 5 0 0 2 1 1 2 0 1 1 0 1 0 1 1 2 1 3 0 0 2 0 1 0 1 0 2 2 0 0 1 1 0 1 1 0 4 4 0 0 1 1 0 0 1 1 0 0 2 2 1 1 2 1 1 1 4 1 2 1 2 2 0 3 1 2 1 1 2 1 2 1 2 0 1 0 1 1 0 2 1 2 2 0 1 2 2 0 2 1 2 2 1 1 2 1 0 2 3 1 1 0 1 2 0 2 0 1 1 2 2 0 1 1 3 0 0 1 2 3 1 3 0 0 5 4 2 1 0 2 1 2 6 1 2 2 2 2 1 2 1 0 2 1 1 0 0 2 1 2 1 1 1 3 1 0 1 1 2 1 1 0 0 1 1 2 1 0 3 0 0 1 1 1 2 2 3 0 1 1 0 0 0 2 1 0 2 0 0 2 0 1 2 1 0 1 2 1 1
1 1 0 2 0 2 1 1 0 5 1 1 2 0 0 6 1 0 1 0 2 2 1 2 0 1 3 1 0 0 1 1 1 1 0 1 0 2 0 1 1 2 1 1 0 0 1 0 0 2 2 1 1 1 2 0 1 0 1 0 0 2 3 2 1 1 3 1 3 0 0 3 2 1 0 2 1 1 3 2 1 0 1 0 1 0 4 0 1 1 2 3 0 0 0 3 1 0 2 2 1 0 1 1 2 1 1 3 2 2 1 4 2 2 2 3 0 0 0 1 1 2 0 0 1 0 1 3 1 3 1 1 0 1 0 1 0 2 3 0 0 4 0 2 1 1 0 1 1 2 2 0 0 3 1 1 2 0 0 2 1 0 0 1 2 1 2 1 3 2 0 1 3 0 0 3 3 3 0 2 0 1 0 1 2 1 1 1 2 0 4 1 2 0 1 3 1 0 2 1
3 2 0 1 2 0 1 4 2 1 1 0 1 1 1 1 0 1 2 1 1 0 0 0 2 0 0 1 1 3 3 1 2 3 0 1 0 1 1 1 0 0 0 0 3 0 0 2 0 1 1 1 3 5 0 0 0 1 1 1 0 1 0 1 1 1 2 1 2 2 0 1 1 0 0 1 0 1 2 1 1 3 1 0 0 0 0 4 0 1 8 1 1 0 0 0 0 0 0 2 2 1 2 0 0 0 2 0 1 3 1 1 1 3 0 2 0 1 2 3 0 0 3 4 3 0 2 1 2 1 0 2 0 1 2 1 2 0 0 0 1 0 0 0 1 1 0 0 0 0 3 0 2 2 1 1 1 1 3 1 2 1 1 1 3 0 0 3 0 1 1 1 2 1 2 1 0 1 3 1 2 1 7 3 0 0 0 3 5 2 1 0 1 0 3 1 1 1 1 3
5 1 1 1 1 1 0 0 0 2 1 1 2 2 2 4 3 0 1 1 0 2 1 4 0 1 0 2 0 1 1 0 1 2 1 0 1 0 0 1 0 4 3 0 0 1 2 2 1 0 0 0 2 1 1 2 1 1 0 1 2 1 0 1 1 2 0 0 0 1 3 0 2 2 2 0 3 1 2 1 2 1 2 2 1 2 1 0 3 0 0 0 0 1 0 0 2 1 2 0 1 1 1 2 0 0 1 1 1 1 0 1 0 3 0 0 1 1 2 1 1 1 0 1 1 1 2 1 3 0 2 2 1 0 0 0 3 2 2 2 2 1 4 0 0 1 2 2 0 0 0 4 2 1 1 1 1 1 2 1 1 1 4 3 1 2 1 2 2 1 2 1 2 0 0 0 3 1 2 0 0 3 0 0 0 2 1 1 2 2 2 1 0 1 3 1 4 5 2 0
3 0 1 2 1 4 0 0 2 1 0 2 0 3 1 0 1 0 1 1 1 4 0 0 1 2 0 2 0 0 1 1 2 1 0 2 0 5 0 1 3 0 0 1 0 0 2 1 2 1 2 0 0 1 0 1 0 0 1 1 2 5 2 1 0 2 0 3 3 0 0 2 1 1 2 1 1 1 1 2 1 0 2 3 1 3 1 0 2 0 1 1 2 0 0 1 0 0 2 2 1 1 3 3 3 1 1 1 1 0 1 1 0 1 1 0 0 0 0 3 2 3 2 0 1 2 2 1 0 2 1 1 1 3 1 2 2 2 2 2 1 0 1 4 4 1 1 2 1 1 1 0 2 2 0 0 1 2 1 1 0 2 0 0 2 2 1 0 1 1 6 2 0 0 1 1 1 3 4 0 3 0 1 0 0 1 2 1 2 0 0 1 2 1 2 1 1 1 2 1
1 2 0 0 0 2 0 2 0 1 3 0 1 1 1 0 2 1 1 1 0 2 0 2 2 1 1 1 2 2 0 1 1 0 0 4 2 0 2 0 1 2 2 3 0 2 1 2 1 2 1 1 1 0 0 0 1 1 2 0 1 2 0 0 0 1 1 2 0 1 2 1 1 1 2 1 0 0 1 1 0 2 0 0 0 1 0 3 2 0 1 0 2 2 1 0 2 1 2 2 0 2 1 1 1 2 2 1 0 0 1 1 1 0 0 2 1 2 0 0 2 1 0 3 1 0 1 2 2 1 0 0 1 1 3 0 0 3 1 0 1 1 1 0 1 3 0 2 2 1 1 0 2 1 0 1 0 2 0 0 1 0 2 2 0 1 1 1 1 1 0 2 3 1 0 1 1 0 2 0 0 1 1 1 1 2 3 0 2 0 4 0 1 0 0 0 0 2 2 0
0 1 1 1 5 1 2 1 1 0 1 1 2 1 1 1 0 2 1 2 1 2 1 0 0 2 1 2 3 0 0 1 2 2 0 0 1 0 1 0 2 1 4 2 1 1 0 2 0 3 1 0 1 2 4 0 1 2 2 2 3 1 4 1 0 1 3 0 0 1 1 0 0 1 1 0 1 0 0 0 0 1 4 0 0 1 1 3 2 1 2 0 2 1 1 0 0 3 1 0 1 3 1 3 1 0 1 1 1 1 0 0 0 1 0 0 2 0 1 0 2 1 3 2 1 0 1 2 1 1 1 4 1 4 2 2 1 1 0 2 2 1 0 1 2 0 0 0 1 3 1 0 1 4 2 1 4 1 1 0 2 2 0 1 6 0 0 0 0 0 1 1 1 2 2 1 0 1 0 1 0 1 1 1 0 1 0 1 0 0 1 1 1 0 2 0 0 2 0 2
1 0 1 1 1 1 1 0 3 1 0 1 0 1 2 1 1 0 2 1 2 2 3 1 0 1 2 1 1 2 2 3 2 2 1 1 2 2 2 1 2 2 1 1 1 1 1 1 1 0 2 1 0 1 0 0 1 2 3 2 1 1 0 2 1 0 0 1 0 0 0 1 3 2 0 2 1 1 1 0 1 0 2 1 0 3 0 0 2 1 5 3 4 1 1 3 0 2 1 1 2 0 0 1 1 1 7 2 1 1 1 1 1 1 3 1 3 2 0 0 3 1 1 1 1 3 0 3 2 0 2 1 4 4 1 1 0 2 0 1 0 0 2 0 1 0 1 1 0 4 1 1 3 1 0 1 1 1 1 0 0 0 1 4 1 1 1 1 2 2 4 0 2 3 1 0 1 0 2 0 1 1 1 1 0 2 2 2 2 1 2 0 0 3 2 2 1 1 0 2
1 0 3 0 1 0 1 2 0 1 1 0 2 0 1 1 1 2 1 1 1 0 0 0 1 0 2 1 1 5 0 2 4 1 1 1 0 0 1 2 0 0 2 2 1 2 2 1 1 2 0 1 2 0 0 1 2 1 1 3 0 3 1 2 1 1 1 1 1 0 1 1 1 1 4 1 1 2 0 0 1 2 1 1 1 1 2 0 1 1 1 0 2 2 1 0 0 2 0 1 5 1 1 1 1 0 2 0 2 3 2 0 1 1 1 1 2 1 2 0 1 0 2 3 2 1 1 1 1 0 3 1 1 1 1 1 1 0 0 1 2 1 0 2 2 0 1 3 0 1 1 0 3 1 4 1 1 1 1 1 1 3 4 2 1 0 1 0 7 2 0 1 1 2 2 3 3 0 0 2 1 0 2 2 0 2 1 0 2 4 3 2 0 1 0 1 1 2 0 1
1 1 1 1 2 1 2 0 1 2 0 2 0 2 0 2 1 0 0 1 0 1 1 1 0 0 2 1 2 1 0 8 2 2 3 1 1 0 0 0 1 2 1 4 1 0 2 1 1 1 1 1 1 5 2 1 1 1 2 0 3 1 4 2 0 2 4 1 1 0 0 0 0 0 0 1 1 2 1 1 1 1 1 2 2 2 1 2 1 3 0 2 2 0 1 0 2 4 4 2 0 2 2 1 2 1 1 3 2 1 1 2 4 0 3 2 1 1 0 1 2 6 2 0 1 2 2 3 1 0 1 3 2 1 2 0 0 1 0 1 1 2 2 0 1 0 1 0 0 1 2 0 6 2 1 0 0 0 1 0 4 3 1 0 1 1 1 1 0 2 2 0 2 2 2 1 4 0 1 1 0 1 1 1 2 0 0 0 1 0 1 1 1 2 0 2 0 0 1 0
2 0 2 0 0 1 2 3 1 1 1 0 2 0 0 2 1 1 2 1 2 0 1 1 1 0 1 2 0 1 0 0 1 1 1 0 2 2 2 1 0 1 0 1 2 0 0 0 2 3 1 2 2 1 2 1 1 1 1 2 1 2 1 1 1 1 2 3 0 1 2 6 1 3 3 1 3 2 0 1 2 0 0 2 2 3 1 1 2 0 1 3 5 1 0 0 3 1 1 1 0 0 1 0 1 0 1 1 1 2 1 3 1 1 0 1 3 6 1 1 8 2 1 2 0 5 0 0 0 0 1 2 0 1 1 1 1 2 2 1 1 1 3 0 0 1 3 1 2 1 1 1 3 0 1 1 1 0 1 3 1 1 1 3 0 2 2 1 0 0 1 0 3 2 1 0 2 0 3 0 0 2 1 0 2 1 3 0 1 0 1 1 2 2 3 1 2 2 3 1
3 1 2 1 0 1 2 1 1 1 2 1 0 0 0 1 0 0 3 0 1 1 1 1 0 4 1 1 4 1 0 0 2 0 1 1 2 1 2 0 2 1 0 2 0 1 1 1 0 0 0 0 2 2 3 1 1 0 1 0 2 1 0 0 1 1 1 2 3 1 0 0 2 3 0 1 1 0 0 1 2 1 2 2 0 2 1 1 0 1 1 2 3 1 4 0 1 0 0 1 1 3 6 0 2 1 1 1 1 0 1 2 0 0 0 0 0 0 1 1 3 0 1 1 3 1 3 3 2 1 2 1 1 1 1 0 0 0 1 0 2 2 0 0 0 1 1 2 1 2 3 0 1 0 1 3 0 3 1 0 1 0 2 1 0 3 1 1 1 0 1 4 2 3 2 2 0 0 1 1 0 1 2 0 1 0 1 1 1 0 1 0 0 0 0 2 1 0 2 1
4 4 1 1 6 1 4 0 0 1 1 1 2 2 1 0 0 0 1 1 1 1 1 2 1 0 1 2 2 0 0 0 1 2 1 1 2 0 3 1 1 2 0 0 0 0 1 1 0 2 2 1 2 1 1 3 1 2 2 1 1 0 3 2 2 3 0 1 2 1 1 1 0 2 2 1 1 2 0 1 1 1 1 2 1 1 0 1 2 1 0 0 3 3 3 4 1 0 2 1 2 1 2 1 1 4 0 5 0 0 1 2 0 0 1 3 1 2 2 1 1 0 1 0 1 0 3 4 0 3 2 0 3 4 0 1 1 2 1 2 1 0 2 1 1 0 3 0 0 0 3 1 2 0 1 0 0 1 1 0 0 1 1 1 2 6 0 3 1 1 1 0 2 0 1 1 0 1 1 1 1 2 2 1 0 1 1 1 0 2 1 2 3 4 2 1 0 1 1 1
0 3 2 2 1 0 3 1 2 0 1 1 1 1 0 0 0 1 2 0 2 1 2 0 1 1 2 2 3 1 1 1 5 1 2 0 1 0 2 1 3 0 0 0 0 1 0 0 2 0 1 2 1 1 1 0 0 3 1 0 3 3 1 2 1 2 1 0 2 4 2 1 0 1 0 2 0 1 0 0 0 1 3 2 2 1 0 1 0 2 1 0 1 0 2 0 1 1 2 1 0 0 1 0 1 2 1 2 1 2 1 1 3 1 1 2 0 4 0 1 2 1 1 2 1 2 1 1 1 1 3 3 2 0 0 1 0 0 1 3 0 2 2 2 2 0 0 2 0 0 5 0 1 3 1 1 2 1 0 1 1 1 2 1 3 0 1 0 3 2 1 1 0 1 1 1 0 2 0 5 1 1 0 0 0 0 2 0 1 2 1 1 3 0 3 1 1 3 0 1
0 1 1 1 0 1 0 0 1 2 0 2 0 1 0 0 1 0 2 3 1 0 1 2 2 0 1 1 1 0 1 1 2 2 2 0 2 1 1 1 1 0 1 1 1 1 1 1 1 2 0 1 3 1 1 0 2 1 2 2 0 2 0 2 0 2 0 3 1 4 1 0 0 1 0 2 2 0 2 3 0 0 0 2 3 0 2 0 2 2 1 1 2 0 2 1 2 1 1 1 1 1 2 0 0 1 3 3 1 1 3 3 3 2 2 1 0 0 1 3 0 2 1 1 3 1 0 3 0 3 1 1 1 1 1 1 1 0 3 0 1 1 0 0 1 0 0 0 2 1 1 2 2 2 1 0 0 0 0 2 2 1 1 3 2 0 1 0 0 3 1 1 0 0 1 0 1 3 2 0 1 0 1 0 2 1 2 1 4 0 2 0 2 0 1 1 3 0 3 1
1 1 0 3 1 2 1 1 1 1 2 1 0 2 3 1 2 2 0 1 1 0 0 4 2 0 0 5 0 1 2 4 0 1 2 3 0 2 0 1 1 0 1 0 1 1 2 4 1 0 0 1 1 0 1 0 2 2 1 1 1 1 2 0 1 1 1 0 2 0 0 1 2 1 2 2 1 2 0 0 0 1 1 2 1 1 0 0 1 1 2 0 1 1 2 1 1 2 0 0 2 2 1 0 1 1 3 1 2 4 3 0 0 0 1 2 2 1 1 9 1 2 0 1 2 1 0 0 1 1 2 0 1 0 0 0 6 1 2 1 1 0 3 2 0 0 1 0 0 0 3 1 2 2 1 2 1 2 2 0 5 2 2 1 0 3 0 2 1 3 2 1 1 1 1 1 2 0 4 1 2 0 0 0 2 0 2 1 2 1 1 1 5 0 2 2 2 1 1 3
0 0 0 0 0 1 1 1 1 2 1 1 1 1 0 1 0 3 1 0 3 1 3 1 1 1 1 2 1 2 1 0 1 0 2 2 2 4 0 2 0 1 1 2 2 2 3 2 0 0 0 2 1 1 1 3 5 1 0 3 3 0 1 1 2 2 0 1 0 1 2 0 0 0 0 2 2 3 2 1 1 1 0 3 2 0 0 1 3 2 0 1 0 2 2 2 4 0 0 1 1 1 2 0 0 4 2 1 2 4 1 1 4 2 2 1 1 1 1 1 1 2 0 3 1 1 1 5 1 2 5 0 1 2 0 0 1 0 1 0 2 2 0 1 0 1 1 2 1 0 4 1 2 0 2 1 1 1 2 1 1 2 1 2 1 1 0 0 0 2 1 1 0 0 2 2 1 2 4 1 2 0 2 3 2 1 2 1 1 0 2 1 1 1 3 1 1 0 3 2
0 2 0 0 2 1 0 1 0 1 2 1 0 2 1 1 2 1 1 3 0 0 0 1 2 0 3 1 3 0 4 0 0 0 2 0 4 1 2 1 2 0 2 1 1 3 0 1 3 2 0 1 1 5 2 1 2 0 1 2 0 1 1 2 1 1 2 0 2 1 0 2 2 3 1 0 2 1 1 0 0 1 1 0 0 1 3 2 2 1 1 0 1 0 1 0 1 0 1 2 1 2 0 1 0 0 2 1 1 1 1 1 0 1 1 2 0 0 1 2 2 1 2 1 2 1 1 0 1 1 1 1 2 2 1 1 3 1 1 0 0 1 2 3 3 0 2 1 0 3 0 0 1 0 0 1 0 1 1 0 1 0 1 1 2 0 3 2 2 0 1 1 1 1 1 0 0 2 2 0 0 3 4 0 0 1 0 3 2 1 3 0 2 2 0 0 1 1 1 0
0 1 2 2 2 0 2 4 2 2 2 0 1 0 1 1 1 0 0 1 0 0 3 2 0 0 0 1 3 1 0 2 2 0 0 2 0 0 0 2 0 1 2 0 1 2 0 0 1 0 1 1 2 6 1 1 1 2 2 0 0 1 0 0 1 2 0 2 3 2 2 1 1 2 1 1 2 0 0 2 0 0 3 1 1 1 1 1 2 1 0 1 4 0 1 1 0 1 1 2 0 1 0 1 1 1 1 2 1 1 1 0 1 1 1 5 0 3 0 1 0 2 1 0 0 3 1 3 2 2 2 0 1 3 2 1 2 1 1 1 1 1 0 0 1 0 5 0 0 3 0 1 2 2 1 0 0 1 1 0 0 2 0 1 0 0 0 3 0 1 2 3 0 0 2 0 0 0 0 2 0 1 1 2 2 0 1 2 2 5 0 3 1 1 0 2 2 2 0 2
0 2 1 0 1 0 1 0 0 1 3 0 1 1 1 1 2 1 0 3 0 3 0 0 1 1 1 1 2 2 2 0 4 0 2 1 1 2 1 0 3 1 3 3 2 2 3 0 1 1 0 3 0 4 1 2 5 1 1 1 1 2 1 0 1 0 1 2 3 1 4 0 1 0 2 1 2 1 1 2 0 0 1 0 0 1 1 2 0 1 1 3 0 0 0 1 1 0 3 1 0 2 3 0 1 2 3 2 0 1 1 2 2 3 4 0 2 1 1 0 0 1 1 5 1 0 2 0 1 2 0 1 2 3 1 1 0 1 2 3 2 2 1 1 0 2 4 0 1 1 1 3 1 2 2 0 3 3 2 0 0 1 1 4 2 2 0 2 1 3 0 2 1 1 0 1 2 2 2 0 1 3 0 0 0 2 0 1 1 0 1 1 1 0 1 1 5 0 1 1
1 1 0 1 2 0 4 0 2 0 1 0 1 1 1 2 0 2 4 1 1 2 0 0 0 2 1 1 2 0 2 2 5 2 4 3 3 0 1 1 1 3 0 0 1 0 1 1 1 1 0 0 2 1 1 1 3 3 2 0 2 1 1 1 1 0 2 0 2 2 1 0 1 1 0 0 1 2 0 0 4 0 2 2 1 2 1 0 0 2 3 0 0 2 1 2 1 2 1 1 1 0 1 3 0 3 0 0 1 1 2 2 2 0 1 1 2 3 0 0 1 0 1 2 4 1 2 0 1 2 3 0 2 1 0 0 1 0 1 1 1 2 2 5 1 1 0 4 0 1 2 0 0 1 1 1 1 1 0 2 1 0 1 1 0 1 1 2 0 1 0 2 0 1 1 0 1 1 2 0 3 3 1 2 2 5 0 1 0 1 1 0 1 3 2 4 2 0 1 2
1 2 2 0 0 2 0 1 2 0 0 1 0 1 0 1 1 2 2 1 2 0 1 0 0 4 1 2 1 2 2 1 1 0 1 1 1 2 2 0 0 0 0 2 1 1 1 1 2 0 2 0 1 0 1 2 0 0 4 2 0 0 1 1 0 3 2 1 4 0 1 2 2 2 1 0 1 0 1 0 1 4 2 0 0 0 2 1 2 1 0 0 2 5 1 0 0 0 1 0 2 1 3 1 1 1 0 0 0 0 1 2 1 3 0 0 0 0 0 1 2 0 1 1 2 2 0 2 0 1 5 2 1 2 2 2 1 3 2 5 1 1 2 1 1 3 0 0 0 3 1 0 1 4 1 0 3 1 3 0 2 0 2 1 0 2 1 2 1 1 0 1 0 3 1 1 1 1 1 2 2 3 0 1 1 2 4 0 3 0 0 1 2 1 0 1 0 0 0 1
1 0 0 1 1 0 1 2 1 2 1 0 0 0 4 0 1 0 0 1 0 0 1 2 4 0 1 0 2 2 2 1 2 0 0 0 2 0 3 0 0 1 1 1 2 3 0 0 0 2 1 2 0 0 1 2 0 2 2 1 2 2 0 2 2 1 0 1 2 0 0 4 1 3 1 2 1 2 1 2 1 0 1 1 1 3 1 1 2 2 0 1 0 1 0 1 1 2 1 0 2 0 3 1 0 0 1 5 1 3 0 2 0 2 1 0 2 0 0 1 0 2 1 0 0 1 2 2 3 1 0 2 1 1 2 0 2 2 1 1 1 2 1 0 0 3 3 1 2 3 1 2 0 5 2 1 1 1 1 1 2 0 2 0 0 1 1 1 1 0 3 2 4 0 2 0 4 2 1 0 1 0 2 0 0 0 1 1 0 0 1 2 5 0 1 0 1 1 1 1
0 0 2 0 3 0 0 0 1 1 2 2 2 1 1 1 2 1 0 1 3 0 1 1 1 1 0 1 1 0 1 2 0 0 1 1 2 2 0 3 0 2 1 1 0 1 0 1 3 1 2 0 1 2 3 1 2 1 2 0 1 2 0 4 1 0 1 1 2 1 2 0 2 2 4 1 1 1 2 0 0 2 1 1 1 1 1 0 3 1 2 1 0 0 1 2 3 0 2 0 1 1 2 2 2 1 2 1 1 2 1 0 0 1 0 0 2 1 2 0 3 1 2 2 2 0 1 5 0 1 0 0 2 2 3 2 0 1 2 1 1 1 1 4 4 2 0 1 2 2 1 1 1 3 2 0 1 4 1 2 2 3 1 0 1 1 4 1 0 2 1 0 4 0 1 0 0 2 2 1 2 1 0 12 0 5 4 2 1 0 1 0 2 0 3 1 0 1 0 2
4 1 1 2 1 1 2 2 1 2 1 1 1 2 1 2 2 1 5 2 1 1 1 1 2 0 1 0 0 4 3 0 1 0 2 1 1 2 2 2 2 1 3 1 1 3 1 1 3 2 1 1 1 0 0 1 1 1 1 3 2 0 1 2 2 2 1 1 0 0 1 1 4 0 0 2 0 0 0 1 0 0 1 1 0 0 1 1 0 0 1 0 1 0 2 1 2 1 2 2 2 1 1 4 4 2 0 1 2 0 0 2 2 1 1 3 1 0 0 1 1 3 1 1 1 1 1 2 0 1 3 0 2 1 2 1 1 4 3 1 1 2 1 1 1 2 0 1 0 0 2 2 3 0 0 2 0 3 0 1 2 2 4 1 0 1 1 1 6 0 4 2 5 2 0 4 2 1 2 1 1 3 2 1 1 0 1 1 2 1 3 5 2 2 1 2 1 0 1 2
4 0 1 2 0 1 0 0 2 3 1 1 2 0 4 2 3 1 0 1 3 3 2 2 1 2 1 0 0 0 2 1 1 0 2 0 0 2 1 1 2 0 3 0 2 1 6 0 0 0 1 1 3 2 1 0 2 4 1 0 1 1 1 1 1 0 0 0 2 0 0 0 2 1 3 2 0 2 3 3 2 0 1 2 3 1 2 0 3 1 0 0 2 2 1 0 1 5 4 1 0 2 0 0 1 2 1 0 0 1 0 0 5 1 2 1 1 2 1 1 1 2 2 2 2 0 5 2 1 0 0 1 3 1 2 0 1 1 1 2 1 1 0 3 2 1 0 2 2 0 0 1 3 1 2 0 0 2 1 1 2 0 2 0 3 1 0 2 1 1 1 1 0 2 4 0 1 0 0 1 3 2 3 1 4 0 1 0 2 1 1 0 2 2 1 3 1 0 2 0
0 0 1 0 0 3 1 0 2 0 2 5 1 1 1 0 1 0 1 2 0 1 2 0 2 2 0 4 0 0 1 1 4 3 0 2 1 2 1 0 0 1 0 2 2 1 3 1 0 1 0 1 0 2 0 1 1 2 2 1 0 1 1 1 4 1 1 2 0 1 2 3 0 1 1 0 2 1 2 1 2 3 2 3 0 2 2 1 1 4 0 3 1 0 1 1 0 1 1 0 1 0 2 0 1 0 0 1 2 2 1 1 3 0 1 2 0 0 0 1 1 0 1 2 2 3 3 3 1 3 1 0 0 0 1 2 1 0 1 1 0 0 0 0 0 1 2 2 2 2 1 2 0 1 1 0 2 3 1 2 0 0 2 1 0 0 0 0 1 0 0 1 0 1 1 0 0 1 0 3 0 0 1 1 0 3 1 2 0 0 1 2 1 0 0 1 1 1 0 0
0 0 1 0 1 3 1 1 0 0 2 0 0 0 0 0 1 1 2 1 4 0 2 2 2 2 1 3 2 1 0 1 2 2 2 1 4 2 0 0 0 2 0 1 1 0 3 0 1 2 2 1 3 0 1 2 2 1 1 0 1 0 0 0 1 1 2 3 2 1 3 2 0 1 2 3 0 1 3 0 0 0 0 3 1 2 2 2 2 1 3 3 1 2 1 1 0 1 1 2 0 0 0 2 1 1 0 2 0 1 1 1 4 2 1 0 1 4 2 2 0 0 1 2 0 1 0 2 0 1 1 2 0 1 1 0 0 1 2 0 1 3 0 3 1 0 2 1 2 1 0 1 1 1 2 1 2 4 4 1 1 0 1 1 2 4 2 1 1 0 1 0 0 0 0 1 1 1 0 3 1 2 0 1 1 3 1 2 2 0 1 0 0 2 2 2 1 2 2 2
1 1 0 1 1 1 0 1 1 1 3 2 8 0 0 0 1 1 4 0 0 2 0 2 1 1 2 0 1 1 1 0 0 2 2 0 2 0 1 0 0 3 2 0 0 4 2 2 3 1 3 3 1 1 1 1 1 1 2 1 4 0 0 2 2 0 2 1 1 0 2 2 0 2 1 3 1 1 1 1 5 3 2 0 0 0 0 3 0 2 0 2 2 1 3 1 2 1 1 1 1 1 0 0 2 2 1 0 3 2 1 2 0 1 1 1 0 1 2 2 1 0 0 2 1 1 1 5 2 1 3 1 0 0 2 1 2 0 1 1 1 1 1 1 1 1 0 4 0 3 0 0 3 0 1 1 1 3 0 0 1 1 0 1 1 1 1 1 2 1 1 0 1 1 1 1 1 1 2 4 2 0 1 0 0 1 1 1 1 2 1 2 0 1 1 1 2 0 2 4
5 0 1 1 1 2 1 2 1 2 2 4 2 1 2 1 5 2 0 1 0 2 4 5 1 2 0 1 1 4 2 0 0 0 0 1 1 0 0 2 1 1 1 3 0 0 1 0 1 1 0 0 0 1 1 2 3 1 3 0 1 2 0 0 1 2 0 1 1 2 2 3 5 1 2 1 1 2 1 2 1 1 3 2 2 2 2 2 1 1 0 1 3 7 4 2 1 0 1 1 5 2 2 0 1 1 0 2 1 1 0 2 0 1 1 2 1 0 4 1 0 2 1 2 1 2 1 1 2 1 2 1 0 1 1 0 0 0 2 1 1 1 1 0 1 2 1 1 2 1 1 1 0 1 1 1 1 1 2 1 5 0 1 1 0 5 2 0 1 2 1 0 4 2 2 1 2 1 1 0 1 2 0 1 1 3 4 2 2 1 0 1 0 1 1 2 1 0 0 0
0 0 1 0 1 3 2 1 0 2 2 1 2 1 0 2 1 2 1 0 0 0 0 2 0 0 0 0 0 3 2 2 0 0 2 2 0 1 0 3 1 1 3 0 1 2 2 1 1 0 0 1 4 1 2 0 1 0 2 3 2 0 1 0 1 1 0 1 1 3 1 0 4 0 3 1 0 3 0 1 3 2 1 1 1 1 1 0 1 0 0 1 1 0 0 1 3 1 1 2 0 0 3 2 0 4 0 2 1 1 5 0 2 4 0 0 1 0 2 0 3 0 2 3 1 3 1 3 3 1 3 0 0 1 0 1 2 1 3 0 0 1 0 2 2 0 0 4 1 0 0 3 1 0 1 0 0 2 1 0 2 1 1 1 1 1 3 0 3 0 1 4 0 2 1 0 2 1 0 1 2 1 3 2 2 1 2 1 1 0 0 1 1 0 1 1 2 3 0 2
1 3 1 1 0 0 1 0 0 0 1 1 3 1 1 1 2 2 2 2 2 0 2 4 1 0 1 2 2 0 2 2 0 2 0 0 0 1 1 0 2 1 0 2 0 0 2 3 2 2 0 1 0 2 1 1 1 0 2 2 1 3 0 3 1 1 2 0 1 4 3 2 0 3 2 1 0 4 0 2 1 5 1 3 1 1 1 1 4 1 0 2 0 0 3 0 0 1 0 1 0 1 0 1 0 1 1 0 2 0 0 1 3 1 0 0 2 0 4 0 1 1 0 1 0 1 1 1 0 0 0 0 3 4 1 1 0 0 1 0 1 0 0 0 1 3 0 0 0 1 1 0 0 1 1 2 1 0 3 1 1 0 0 3 2 1 1 1 0 3 0 1 0 1 1 1 0 2 1 1 0 1 2 2 2 2 2 4 1 6 2 2 1 2 1 2 0 1 2 1
0 1 1 1 1 1 0 2 4 0 1 1 1 0 1 1 0 0 3 2 0 2 1 3 1 0 1 1 0 2 1 0 1 2 0 0 1 2 3 1 2 0 2 1 2 1 0 1 0 1 2 0 4 0 2 1 1 0 0 0 1 0 2 3 0 1 4 1 0 2 2 5 0 2 0 0 8 0 2 2 2 0 1 1 2 2 0 1 0 3 1 1 1 1 2 1 2 0 0 1 2 1 1 0 1 0 0 0 3 2 2 3 0 5 0 0 1 1 0 1 1 0 0 1 1 0 4 2 2 0 1 0 0 3 0 0 3 1 4 0 0 2 1 1 1 1 0 0 0 5 2 2 1 2 3 2 1 1 0 0 0 0 0 1 1 1 0 1 1 1 1 1 2 1 0 1 0 2 3 1 1 1 1 2 2 1 0 0 1 2 1 2 1 0 0 1 1 3 1 0
3 3 1 0 0 0 1 0 2 1 2 0 1 2 2 2 1 2 0 2 4 0 1 3 1 2 2 1 0 1 4 2 1 0 0 1 0 3 1 3 3 3 1 2 1 0 0 1 4 1 2 0 2 1 1 2 1 1 0 0 0 1 2 2 3 0 1 0 0 1 0 1 1 1 1 1 0 2 2 1 0 1 0 0 2 2 1 0 2 0 2 2 2 2 1 1 4 2 1 1 2 2 2 0 0 1 1 2 1 2 2 2 1 0 0 2 1 0 1 0 1 1 0 1 1 1 0 2 0 2 1 0 2 0 0 1 1 1 0 1 2 1 2 4 2 1 2 2 0 2 1 1 2 0 3 2 2 1 2 1 0 1 1 1 0 3 1 3 2 0 0 1 1 1 2 0 2 3 2 1 3 3 0 1 0 2 1 1 1 2 4 0 0 1 1 2 0 2 1 3
0 1 0 4 2 1 0 5 0 0 2 0 0 2 1 0 0 1 2 4 1 0 2 0 2 0 2 2 2 2 2 0 0 1 1 2 3 0 1 0 2 2 0 0 2 0 1 0 3 2 1 1 3 1 0 2 1 1 1 1 1 2 1 1 2 0 2 0 1 1 2 3 3 3 2 1 2 2 0 1 1 1 1 2 1 0 1 0 1 5 0 1 1 0 0 0 2 0 2 2 2 0 0 0 1 0 1 0 2 1 0 8 2 0 0 1 6 1 0 0 3 1 1 0 1 0 0 1 1 1 2 0 3 3 2 4 1 0 1 2 5 1 0 1 1 5 0 1 1 1 0 1 5 1 4 5 0 1 1 3 2 1 2 0 0 1 1 0 1 1 1 1 0 1 1 1 0 1 1 0 1 1 1 1 1 1 1 3 0 2 0 1 3 2 1 1 0 1 1 4
0 2 2 4 0 1 0 0 2 1 2 1 0 2 2 3 2 1 0 0 2 0 1 1 2 3 0 2 1 1 0 1 0 0 1 3 1 1 0 0 0 1 2 0 0 1 1 2 1 1 1 2 1 1 0 3 0 0 1 0 0 1 0 1 0 1 2 1 1 0 2 1 3 4 1 0 2 1 2 2 1 0 2 1 2 1 1 0 4 2 2 1 0 1 3 0 2 2 1 1 0 0 1 2 2 2 0 0 1 2 0 1 1 1 2 0 2 2 1 3 2 0 2 0 2 1 0 3 4 0 2 0 0 0 0 3 2 0 1 0 0 1 1 1 0 2 2 3 2 1 0 1 1 1 0 2 1 2 1 3 1 1 2 2 0 1 3 4 3 1 2 1 0 2 0 1 1 1 3 1 2 2 2 2 1 0 3 0 1 1 3 2 1 4 5 0 1 1 1 1
2 1 0 0 1 1 1 1 0 0 1 2 0 1 0 1 1 1 1 2 1 2 0 1 0 0 3 2 1 0 0 0 2 3 0 1 3 0 0 0 1 2 2 1 1 1 1 1 1 1 2 0 3 0 2 1 0 1 1 5 1 1 1 0 0 3 0 2 1 1 1 1 1 1 0 0 2 1 1 2 0 4 0 2 1 1 1 0 1 1 1 3 0 1 1 1 1 1 1 2 0 5 1 0 1 1 1 1 0 2 2 1 1 3 2 1 1 1 1 2 1 2 0 1 0 1 1 1 0 0 2 1 0 0 0 1 1 4 1 2 0 1 0 1 2 0 1 0 1 1 1 1 1 1 2 2 2 0 1 1 2 2 1 1 1 2 2 0 0 1 5 2 4 2 3 0 2 0 0 0 1 3 0 2 2 2 1 1 0 0 2 0 1 2 0 0 2 1 0 1
2 1 1 0 1 0 0 3 1 2 2 0 1 0 2 1 3 1 1 0 2 0 3 1 0 0 0 2 2 0 0 0 1 1 2 2 3 2 0 1 0 2 4 0 0 1 1 0 1 3 0 2 1 4 1 1 3 2 2 2 0 2 1 1 2 0 1 1 1 0 1 1 0 1 0 1 3 2 2 1 3 0 0 2 1 0 2 6 0 2 2 0 1 6 1 1 0 1 0 2 0 0 2 1 3 1 0 0 2 2 0 0 1 1 0 1 0 0 2 0 1 0 0 0 2 0 1 3 1 0 1 2 0 0 2 0 0 1 0 0 0 0 2 1 3 2 1 1 0 1 0 1 1 1 1 0 0 0 4 0 1 1 4 2 2 1 2 1 1 1 0 2 1 1 4 2 1 0 2 2 3 0 1 1 3 0 3 0 3 1 0 0 1 1 0 1 2 1 2 1
0 2 2 1 2 0 4 0 2 1 2 0 2 1 1 2 0 0 0 1 0 1 1 3 0 1 2 1 0 1 2 3 1 1 1 0 3 2 1 2 2 0 2 0 1 1 1 1 2 1 0 0 1 1 3 1 0 1 4 0 1 0 0 1 0 1 2 1 0 2 0 1 2 2 0 3 2 2 2 1 2 2 2 0 2 2 1 0 1 1 2 1 1 0 3 2 2 3 5 2 4 1 1 1 4 1 1 0 1 2 1 2 1 2 1 0 3 1 1 3 0 1 2 1 1 0 0 2 1 1 2 3 2 1 1 1 2 0 1 1 1 2 0 2 2 2 1 0 5 0 0 2 1 1 2 1 0 2 0 1 0 0 1 3 3 2 2 0 0 0 3 1 0 0 1 1 3 4 2 1 2 2 4 1 1 1 2 1 1 1 2 1 1 1 1 1 0 1 1 1
0 2 2 1 1 0 3 0 2 4 1 2 1 0 0 0 0 1 1 1 2 2 3 0 0 1 1 3 3 0 0 2 1 3 0 2 1 0 2 2 4 2 0 1 1 1 1 3 0 3 1 0 1 1 1 1 4 1 1 1 1 0 2 3 0 2 1 1 2 1 0 0 1 2 1 2 1 1 4 2 1 0 1 1 0 1 2 2 0 1 2 2 2 0 0 0 1 4 0 1 1 1 1 1 2 1 1 1 0 0 0 1 1 0 0 0 1 3 2 2 1 0 1 0 1 0 1 4 1 0 1 0 0 1 1 0 1 1 1 1 0 1 1 1 2 0 1 0 1 1 2 2 2 2 2 1 0 2 2 0 0 0 1 2 4 1 1 0 0 0 2 2 5 1 0 1 1 0 1 0 0 1 0 2 1 0 1 2 1 2 1 2 1 0 0 0 1 1 0 2
2 1 2 0 1 0 0 1 3 2 1 2 4 1 2 0 0 1 0 2 1 0 3 0 2 1 1 1 0 2 1 0 3 0 2 1 2 0 0 1 0 0 1 0 2 1 2 1 1 0 0 1 2 1 1 2 0 3 4 2 2 1 3 1 1 9 2 1 1 0 0 1 0 2 0 2 0 3 2 2 1 1 1 3 1 0 2 0 2 1 2 3 2 0 1 3 1 2 1 3 3 3 1 4 1 0 0 0 0 2 2 2 0 1 2 2 2 3 1 1 1 1 1 1 0 1 0 0 1 1 0 0 2 1 2 5 2 2 2 2 1 3 1 0 2 1 3 2 2 2 1 1 0 1 2 1 0 1 4 0 0 1 1 2 2 2 4 2 1 2 1 0 5 4 4 0 0 1 3 3 3 1 1 1 1 0 2 2 1 4 1 1 1 1 0 1 1 0 0 0
3 2 1 0 0 3 0 0 0 1 1 1 1 2 0 0 0 1 1 2 1 1 2 1 1 2 0 1 2 2 1 0 0 1 0 2 1 2 0 1 0 1 1 2 0 2 2 0 1 0 0 1 2 1 0 0 1 2 2 4 2 0 3 0 1 0 1 1 1 0 2 6 2 0 3 0 0 0 1 3 1 2 0 3 2 2 2 1 0 1 0 1 1 0 1 1 0 4 0 1 4 1 1 0 4 0 0 2 3 1 2 0 3 0 0 2 2 3 0 1 0 0 1 0 1 1 0 2 0 1 1 1 2 2 3 2 1 1 0 1 1 0 1 1 1 0 0 0 2 0 1 1 1 2 1 1 2 2 2 1 1 0 1 0 2 1 3 2 0 3 2 0 2 2 4 2 0 2 1 0 1 0 2 1 1 1 1 1 1 1 1 1 0 1 2 1 1 2 0 1
1 0 3 1 0 0 1 0 2 1 1 2 0 0 1 0 1 1 1 2 3 2 2 0 1 3 1 3 1 1 0 4 0 2 0 1 0 0 1 1 1 1 1 1 2 0 0 1 4 1 1 3 2 0 2 1 0 0 1 0 1 2 0 0 4 1 1 0 0 1 0 0 1 1 0 4 1 1 2 1 3 0 1 3 2 0 1 1 0 0 0 2 1 2 5 5 3 0 1 3 0 0 0 3 0 0 1 2 2 1 1 0 1 0 0 2 2 0 0 1 4 0 1 1 1 0 2 1 2 1 0 3 2 0 3 1 2 0 1 2 2 2 3 2 3 2 0 3 1 0 0 2 0 3 0 3 2 3 2 1 0 3 1 1 1 1 0 1 1 0 2 1 0 1 1 2 2 1 1 0 1 1 1 2 0 1 1 0 4 1 1 3 1 1 0 3 0 2 2 2
1 0 0 1 1 0 2 2 1 0 1 2 2 0 1 1 0 1 2 3 0 0 3 1 1 0 0 1 6 3 3 2 1 2 2 0 0 1 1 1 1 1 1 2 2 0 0 0 1 1 0 0 0 4 0 3 2 2 1 0 2 0 0 0 2 1 1 0 1 0 1 1 1 1 1 0 1 0 0 1 1 1 0 0 1 2 3 1 1 4 1 1 1 0 2 2 1 2 4 1 0 1 0 0 3 1 1 2 0 2 3 0 1 2 2 1 2 9 1 3 0 2 1 2 1 0 0 2 1 0 2 1 2 2 2 2 1 1 0 2 1 0 2 3 1 3 1 0 0 2 1 1 2 3 4 1 1 0 1 1 1 0 1 1 1 0 0 1 0 1 1 3 1 1 2 3 0 0 2 1 2 2 0 1 0 0 0 0 1 2 1 2 2 0 1 1 1 3 1 2
1 4 2 0 0 2 2 1 2 2 1 1 1 0 1 1 0 1 4 2 1 0 0 1 1 0 1 1 0 1 0 2 0 1 3 1 1 0 2 1 0 1 3 1 0 1 0 0 2 0 1 2 0 2 1 2 2 0 1 1 1 1 1 1 3 1 3 0 0 1 2 0 1 1 1 0 1 0 1 0 1 1 3 2 1 2 0 0 0 0 1 5 3 0 1 0 0 1 1 1 1 1 1 2 1 2 0 1 1 4 3 1 1 0 1 3 1 1 0 4 0 2 1 0 2 2 0 1 1 0 0 1 1 0 1 2 1 1 2 1 2 0 0 1 0 0 2 2 1 2 2 3 1 0 0 1 1 0 0 2 0 2 1 3 1 1 0 0 1 3 0 3 1 2 1 0 1 1 2 0 3 1 1 0 1 1 2 1 0 0 0 1 0 1 2 1 2 1 1 2
3 0 4 0 0 0 1 2 1 0 1 1 1 2 0 0 2 1 1 0 3 1 1 1 2 0 3 3 0 0 1 3 1 1 2 0 4 3 1 1 1 2 0 1 1 4 1 2 0 1 2 1 1 2 3 2 1 1 1 0 1 1 1 0 1 1 1 2 0 2 1 1 0 0 2 0 1 2 1 2 0 0 3 1 1 2 2 1 0 1 4 3 0 0 0 2 1 2 2 3 0 2 1 0 0 1 1 1 1 0 0 0 0 1 0 3 1 1 3 1 0 1 1 0 6 1 1 1 1 2 1 3 1 1 1 0 0 1 3 0 1 2 6 1 4 1 4 1 0 3 2 4 1 2 1 0 1 1 2 1 1 0 1 3 0 1 2 0 0 1 1 1 1 1 0 0 1 2 1 1 1 3 1 3 0 0 1 0 2 1 1 1 1 2 2 3 4 2 2 1
0 0 2 2 2 1 0 1 2 3 0 2 1 3 0 2 0 2 0 0 2 0 1 1 0 2 1 2 0 1 2 1 1 0 2 1 1 2 1 1 3 1 3 0 0 1 1 0 1 0 3 0 0 1 0 0 0 2 1 0 1 2 0 3 1 0 2 2 0 0 0 1 2 0 1 2 4 1 1 2 0 2 1 1 3 0 0 2 1 0 3 1 2 0 1 2 1 1 2 2 2 1 2 1 1 1 0 2 0 0 3 1 0 1 1 2 2 0 4 2 6 0 0 1 0 1 1 2 1 1 3 1 2 4 2 2 2 0 0 2 1 6 1 3 1 0 1 0 3 0 2 0 0 1 1 1 0 3 2 1 0 1 1 0 2 1 0 4 1 1 0 1 1 2 0 6 2 0 1 2 1 2 1 4 2 2 0 0 0 3 1 2 1 0 2 0 3 0 2 2
1 0 2 2 2 1 0 2 1 1 2 0 1 1 0 2 1 0 0 0 0 1 0 0 2 1 2 1 1 0 2 3 0 0 0 2 2 1 1 2 0 0 1 0 0 1 0 1 2 3 0 1 1 2 1 0 0 0 2 1 1 2 4 2 0 0 1 0 1 2 1 1 0 2 1 0 3 1 1 4 3 1 0 0 1 1 2 0 0 1 1 1 0 1 2 1 0 2 5 1 1 0 2 1 1 1 0 2 1 2 0 3 2 0 3 1 1 4 1 1 1 0 0 1 0 0 0 1 1 2 1 0 1 2 1 1 3 2 0 2 3 0 6 6 0 2 0 0 2 1 0 2 4 1 0 1 1 2 3 2 1 0 0 1 1 2 0 1 1 1 3 0 1 2 1 1 1 1 1 0 1 3 0 1 2 1 1 1 0 0 1 0 1 2 1 2 2 0 1 1
0 1 2 1 1 1 0 0 1 0 1 1 1 2 0 1 2 1 1 2 1 1 3 0 0 2 0 1 1 1 1 3 0 1 1 0 0 1 2 0 2 0 0 1 1 3 0 2 1 0 1 0 0 2 0 1 2 1 3 0 2 0 0 0 0 0 5 0 2 1 0 0 2 3 1 0 0 1 1 0 3 2 1 0 1 1 0 2 0 0 2 2 1 1 0 0 0 1 0 1 0 1 1 1 2 1 3 1 1 0 4 2 2 0 2 0 0 2 3 1 1 0 6 2 0 0 0 2 1 3 1 1 1 1 2 1 0 2 0 1 3 1 0 2 3 0 0 2 2 3 3 1 0 0 1 1 1 2 2 1 1 2 1 2 2 3 0 2 1 3 1 1 1 0 0 2 1 2 1 1 3 2 2 1 1 1 1 2 1 1 1 0 1 0 1 1 1 0 0 0
3 1 0 1 1 3 2 0 1 1 0 2 1 2 2 2 1 3 1 1 1 2 0 2 1 0 1 1 3 0 3 1 0 4 0 4 2 3 1 3 1 1 1 2 2 2 0 0 1 0 1 0 0 1 1 2 1 0 0 2 1 3 3 0 0 1 0 1 1 2 1 2 1 0 3 2 0 2 3 2 0 1 1 0 1 2 1 0 1 1 3 3 0 0 1 2 2 1 3 1 2 3 2 0 0 0 1 2 1 5 0 1 3 0 1 1 5 0 1 4 2 1 2 1 2 2 1 1 3 1 2 0 1 2 0 1 3 0 0 1 3 1 3 0 3 1 2 1 2 2 1 1 2 2 0 1 2 1 1 1 0 1 0 1 0 6 1 1 1 1 0 0 0 1 3 0 3 1 0 0 0 1 2 2 0 2 0 1 1 0 7 0 0 0 1 1 0 0 0 0
3 0 1 2 1 5 1 1 0 2 1 0 5 1 2 1 1 1 0 1 5 6 4 1 0 0 2 0 2 2 0 1 1 1 2 0 1 1 1 0 4 1 1 1 1 0 4 2 2 1 2 2 1 0 1 1 0 2 0 1 1 2 2 1 1 1 1 0 1 0 2 1 1 1 1 1 1 3 1 1 1 0 1 0 0 1 0 5 1 0 0 4 1 0 2 1 0 2 2 0 3 1 0 0 2 1 0 0 2 1 0 1 0 1 1 4 0 1 1 4 0 4 1 3 1 0 0 2 3 0 0 1 2 2 3 2 2 0 1 2 1 1 1 0 1 1 1 1 1 1 2 1 2 2 0 2 0 0 0 2 0 3 0 0 2 2 0 2 0 1 3 2 1 0 3 5 0 2 1 0 1 1 1 0 1 1 1 3 2 2 0 1 0 2 1 0 0 2 1 1
2 2 2 1 2 0 1 0 0 4 0 0 2 2 3 1 1 1 1 1 2 1 1 1 1 1 3 0 1 0 1 1 1 2 1 2 1 0 0 2 1 3 1 1 0 2 0 1 3 0 1 0 1 1 0 1 1 2 0 0 2 3 4 0 2 0 2 1 0 4 4 1 1 4 2 1 0 2 1 0 0 2 2 1 2 2 2 4 2 4 0 0 0 0 0 0 1 2 1 4 1 1 1 2 0 2 3 0 5 3 2 0 2 1 0 2 2 2 2 1 0 1 1 1 2 0 0 0 3 1 3 1 2 1 2 6 0 0 0 3 2 0 3 1 1 1 2 1 1 2 2 1 2 0 1 0 1 2 0 1 0 4 0 1 1 2 0 2 4 1 2 0 1 0 1 2 0 4 3 1 0 1 1 0 1 0 2 1 1 2 3 1 0 3 2 1 4 3 0 1
1 2 4 1 0 0 2 1 0 0 0 1 1 1 1 3 0 0 0 3 1 1 2 1 2 2 1 1 0 1 2 1 2 0 1 1 2 2 3 1 1 1 1 2 0 1 3 2 2 0 0 1 2 1 1 0 1 1 2 0 1 2 1 2 0 5 0 4 2 0 1 2 0 2 1 0 2 1 0 1 1 1 1 1 2 1 6 0 0 4 2 1 3 2 1 0 0 1 2 1 1 0 1 1 0 1 2 1 1 1 5 0 1 1 2 0 2 1 0 1 2 1 1 0 0 2 0 1 1 0 2 2 3 1 0 2 2 3 1 0 2 1 1 3 1 2 0 2 2 2 2 1 0 2 3 1 0 1 1 1 0 1 1 1 4 4 3 2 3 2 0 2 0 1 1 1 1 0 0 3 0 0 1 1 1 0 0 1 1 1 1 2 2 1 1 2 2 0 0 2
1 1 2 1 1 0 1 0 1 1 1 2 1 1 1 1 0 2 2 5 2 1 5 3 0 0 2 1 2 1 2 1 3 1 1 1 1 1 0 0 3 0 4 0 1 0 2 2 1 0 0 2 1 0 1 1 0 2 0 1 1 2 2 2 0 2 2 2 2 0 2 2 0 0 1 0 2 1 2 1 0 0 2 0 1 1 0 0 1 2 0 2 2 1 0 3 0 1 2 0 1 0 2 1 1 0 1 0 1 0 1 2 1 3 1 1 0 0 1 0 0 2 2 0 1 0 5 0 2 1 4 2 3 4 1 2 0 1 1 1 0 1 2 2 0 0 1 0 0 1 3 1 0 2 2 1 0 4 2 1 3 1 0 3 3 2 0 1 2 0 1 1 1 0 1 3 1 2 0 1 0 0 0 2 1 1 1 1 2 2 1 3 1 1 1 1 3 1 0 2
0 2 1 4 0 1 1 0 1 2 2 1 1 1 0 2 3 1 2 1 0 2 1 3 0 2 1 1 4 2 1 1 1 0 0 0 1 1 0 1 2 1 1 3 2 0 2 0 1 2 0 1 0 2 2 1 2 0 7 0 1 1 0 0 2 2 2 2 0 2 0 1 0 2 0 1 2 4 0 0 0 1 0 1 1 1 1 1 0 1 2 1 2 2 3 4 0 1 4 0 1 4 2 0 2 2 1 1 1 1 1 3 2 2 2 2 1 1 1 2 1 2 0 1 1 2 1 0 1 1 0 0 0 2 0 3 0 4 1 5 0 2 0 3 1 2 0 2 0 3 0 2 0 2 2 1 0 1 1 0 0 0 2 0 1 0 1 3 1 0 1 1 0 1 1 3 3 1 1 1 2 3 1 1 1 0 1 0 2 0 2 2 1 1 0 1 0 0 1 0
0 1 2 1 1 1 0 1 2 2 3 1 2 1 1 2 1 2 1 0 1 2 1 2 4 2 2 1 1 2 1 2 3 2 2 0 0 1 1 1 2 4 1 4 2 1 1 1 1 1 2 3 0 0 0 2 0 7 0 2 0 1 3 0 1 1 1 2 3 5 1 0 1 0 0 0 2 1 0 1 2 2 2 3 0 1 1 2 0 1 0 3 0 2 3 1 2 1 0 1 0 1 1 1 4 1 1 2 2 0 0 2 3 0 0 0 1 2 2 0 1 0 1 1 1 4 2 1 3 1 2 2 1 3 2 0 1 2 1 1 0 1 0 1 1 0 2 0 1 2 1 3 2 0 1 0 2 0 1 2 1 0 0 1 0 1 1 1 2 3 1 1 1 4 2 2 1 1 0 0 1 1 3 2 0 1 3 2 1 1 0 2 3 1 0 0 0 0 0 2
1 0 0 2 0 1 1 1 0 2 2 3 0 2 0 1 0 2 1 3 2 0 1 0 2 1 0 3 0 1 0 1 0 3 2 0 0 1 0 5 2 0 1 2 4 0 0 1 0 0 1 0 2 1 0 0 1 0 2 0 2 4 1 0 0 1 2 2 4 2 1 2 0 1 2 2 1 2 2 1 0 0 1 1 3 1 2 2 4 2 1 0 3 2 2 0 1 7 0 2 2 2 2 0 1 3 0 2 1 1 4 0 0 1 2 0 0 1 2 4 1 3 2 3 2 2 2 0 3 0 2 1 0 2 0 1 1 1 2 1 2 1 1 1 2 3 3 0 0 3 3 1 0 2 1 1 1 0 2 2 3 1 0 2 0 0 0 1 1 0 0 2 1 3 4 1 1 0 1 2 2 1 0 2 1 2 3 0 2 1 1 0 2 2 1 0 1 0 0 0
1 2 1 1 0 0 2 2 1 3 1 0 3 1 2 1 3 0 1 3 0 0 1 2 0 2 1 2 1 0 1 4 1 2 1 1 0 1 0 1 0 1 1 2 2 1 2 1 1 1 1 2 1 1 2 1 1 1 0 2 0 0 5 0 2 1 0 0 1 2 0 2 2 0 0 2 2 2 1 3 0 1 2 0 0 1 6 1 2 0 3 4 0 0 0 1 3 1 1 1 0 2 1 0 0 0 2 4 0 1 0 2 2 0 2 1 1 2 1 1 1 1 1 3 0 1 3 3 2 2 0 0 1 1 0 0 0 2 2 2 0 6 0 2 1 0 3 1 2 2 0 5 0 1 1 0 1 1 0 0 0 3 0 1 0 1 0 1 3 1 4 0 1 1 8 1 4 2 2 1 3 0 1 1 0 2 2 1 2 1 1 2 1 0 1 0 2 1 0 1
3 2 3 2 2 1 1 5 2 1 1 3 1 2 1 0 3 2 1 0 1 1 2 1 0 2 2 0 1 1 0 0 2 0 3 0 1 2 1 1 2 0 0 1 0 2 0 1 1 2 2 0 3 2 3 2 2 1 1 4 0 0 2 0 0 1 0 1 3 2 2 0 0 1 0 1 2 1 2 1 2 1 1 1 1 0 1 0 0 2 0 0 0 3 1 1 0 1 1 1 5 1 1 1 0 0 0 1 1 1 3 2 0 2 0 0 3 0 3 1 1 0 1 3 1 1 1 1 1 2 1 4 1 1 0 1 2 1 2 2 0 0 0 0 2 1 1 0 1 2 3 0 2 1 1 2 0 1 1 0 1 2 0 0 1 2 0 2 0 1 1 1 2 3 5 0 1 3 1 2 0 1 0 3 3 0 0 3 0 1 2 3 2 1 1 0 1 1 2 1
2 2 1 2 3 0 0 2 0 4 0 1 4 1 0 3 1 0 2 1 1 0 1 1 1 0 0 1 1 1 0 0 0 1 0 2 2 1 0 1 1 0 2 3 3 0 0 1 1 0 4 0 3 2 4 1 2 0 3 1 5 2 0 0 3 0 2 0 1 5 1 1 1 1 2 0 1 1 1 1 1 3 0 0 2 1 2 2 0 0 1 1 1 1 2 0 3 1 2 0 1 0 1 2 1 2 2 2 0 0 3 1 1 1 1 1 0 1 2 2 1 1 2 0 1 0 2 1 0 2 4 2 1 1 1 2 0 2 3 2 4 0 4 3 1 0 1 1 1 2 1 2 5 2 1 0 1 1 1 1 3 2 1 2 3 3 0 1 1 2 1 2 2 2 0 0 2 2 1 0 0 1 1 1 2 2 1 1 3 0 1 0 3 0 1 1 0 0 0 1
1 0 1 0 2 1 1 1 0 1 2 2 2 1 0 2 2 2 0 1 2 0 0 1 1 2 4 2 1 1 0 2 0 0 3 3 2 1 1 0 1 1 3 1 0 0 0 1 0 3 2 0 0 1 0 2 2 0 0 0 0 0 0 0 0 0 0 1 0 0 1 4 0 1 0 1 0 0 0 2 2 1 2 2 1 1 0 1 0 1 1 3 0 1 2 6 2 0 4 0 0 2 4 0 0 2 0 0 1 2 1 2 0 0 0 1 0 1 1 2 0 1 0 0 2 1 0 1 2 3 1 0 2 2 3 1 2 0 0 4 7 0 1 4 0 1 2 2 1 3 2 2 1 2 1 2 0 0 0 0 1 1 0 3 1 4 0 0 0 1 1 2 1 1 5 2 1 0 6 0 1 0 1 1 1 0 0 1 1 1 2 0 3 1 1 4 3 0 1 1
0 3 1 3 1 1 1 0 0 0 1 1 0 1 1 2 1 0 1 2 1 1 1 1 0 2 1 2 1 4 1 2 1 1 1 0 3 2 0 0 2 0 0 1 1 4 2 3 1 1 0 0 0 1 2 0 0 2 1 0 2 0 3 0 0 1 2 2 2 1 0 1 0 0 1 2 2 1 1 4 2 2 1 1 1 1 1 0 0 6 1 1 1 2 2 1 0 1 1 1 0 1 0 0 1 0 0 2 1 1 3 0 4 1 1 1 1 0 0 1 0 3 1 2 1 2 1 0 1 3 2 0 0 0 0 1 3 0 2 0 1 1 1 2 1 2 0 0 2 1 0 1 3 1 2 1 2 1 2 1 2 2 2 1 0 0 0 1 4 0 1 1 0 1 1 2 2 0 0 1 0 2 1 1 1 0 1 0 0 1 2 1 0 2 2 1 2 2 1 2
1 5 0 1 1 1 2 2 1 1 0 1 2 1 1 3 2 2 1 2 1 2 0 0 3 1 0 2 0 1 1 0 2 1 1 1 0 0 1 3 0 1 2 9 0 1 1 1 1 0 0 0 1 1 0 5 2 2 1 1 1 1 0 0 1 0 1 1 0 1 1 0 2 2 2 1 1 1 1 2 0 0 1 1 1 2 0 0 0 2 1 3 3 1 2 2 1 0 2 2 1 1 0 1 2 2 1 0 1 3 1 1 2 0 1 6 1 1 2 5 1 1 0 1 0 2 4 2 0 2 1 0 1 3 1 0 1 4 1 1 0 3 3 4 0 4 1 2 1 0 1 1 3 3 1 1 0 1 1 0 0 2 3 2 2 1 1 0 1 1 0 0 2 2 1 2 2 0 0 2 1 1 0 2 1 1 1 2 0 1 0 0 1 0 0 1 0 1 1 1
1 2 0 2 3 2 0 0 1 3 0 1 4 2 1 0 1 0 1 0 2 0 1 2 2 0 1 1 0 1 2 2 0 0 2 4 1 2 2 0 1 2 1 2 1 1 1 3 1 2 1 5 0 1 2 0 2 2 1 2 0 0 2 0 2 1 0 1 0 1 2 1 1 1 2 2 1 2 0 3 2 1 0 0 2 1 1 3 3 1 1 4 0 2 1 1 0 2 0 1 1 1 1 0 1 1 0 0 0 1 0 0 3 1 0 2 1 1 2 1 1 0 1 0 2 0 4 0 1 0 3 1 1 1 0 2 2 9 4 0 0 0 3 0 3 1 0 1 0 1 0 4 2 1 0 2 0 0 1 1 2 2 1 2 0 1 0 1 2 1 2 1 1 0 4 1 2 1 1 3 0 1 2 2 1 4 0 0 1 2 0 1 2 5 4 2 2 3 1 1
1 1 0 1 1 1 0 3 2 0 1 1 1 3 2 1 0 3 0 1 0 2 2 0 1 1 1 1 0 2 3 1 1 1 0 1 0 0 1 2 1 1 1 1 1 0 0 0 2 2 0 0 1 0 1 4 2 2 2 2 0 1 0 1 2 1 1 0 1 2 3 0 2 2 1 1 1 1 1 1 0 0 1 1 2 3 0 1 0 2 0 2 2 2 3 1 1 1 2 2 2 2 0 1 2 0 4 2 2 1 0 2 1 3 1 0 1 1 0 2 1 0 2 2 1 1 3 0 0 0 1 1 1 3 1 1 1 0 2 4 0 1 1 1 0 1 1 0 1 2 0 2 0 0 0 1 0 1 1 1 2 1 1 2 1 2 2 2 0 0 0 0 2 0 0 1 1 1 2 0 2 1 3 1 1 1 2 0 1 4 0 1 1 2 2 0 2 0 1 3
1 1 0 1 3 2 0 3 0 0 0 1 1 0 3 2 2 1 2 0 2 3 3 2 4 2 2 0 2 0 2 1 1 1 1 0 0 1 1 1 1 0 2 1 1 0 1 0 0 0 1 2 1 1 0 2 2 0 3 4 1 3 1 0 2 0 0 1 0 1 4 1 1 1 3 1 0 3 3 1 3 3 1 0 2 0 0 1 2 2 1 1 1 1 1 2 1 3 1 0 0 0 1 0 0 0 2 4 3 1 1 0 2 1 0 2 1 1 1 0 1 2 0 0 3 3 2 2 1 0 0 0 1 1 1 2 2 1 0 2 0 0 3 2 2 2 1 4 3 1 1 0 3 1 0 2 0 1 1 1 0 1 0 1 1 0 1 1 0 0 1 1 1 0 0 2 0 0 1 2 1 2 3 0 2 4 0 0 0 3 1 1 2 1 2 2 3 2 3 1
2 1 2 2 0 2 1 0 1 1 0 0 0 1 1 1 4 4 0 1 1 2 1 2 0 0 1 0 0 1 1 0 2 3 4 2 1 1 0 1 0 2 1 0 0 1 0 1 2 0 2 1 2 0 4 0 0 2 5 2 2 2 5 0 1 1 1 2 1 0 0 2 1 1 1 2 1 2 1 0 1 0 0 2 1 1 5 0 2 0 2 0 0 3 3 0 2 1 4 1 1 2 2 1 0 1 1 1 1 1 0 1 3 0 1 0 0 0 1 2 1 1 3 1 0 2 1 2 1 4 1 4 2 1 0 1 1 1 1 1 1 1 2 0 2 0 1 0 4 0 0 0 1 1 2 0 2 2 2 1 0 3 1 4 3 1 2 0 1 0 1 0 0 2 0 0 0 1 1 1 1 1 3 1 1 1 3 1 1 2 3 2 1 0 0 1 1 1 2 2
1 3 1 1 0 0 3 0 2 1 0 1 0 2 0 1 2 1 0 2 0 2 4 1 1 0 2 1 0 2 3 2 2 1 3 2 0 2 2 1 1 0 0 0 2 0 1 2 1 0 1 0 1 2 4 1 2 0 1 1 0 2 1 1 0 1 2 3 4 0 0 2 1 1 1 0 1 0 0 1 3 4 2 0 2 0 5 3 2 0 0 2 0 2 3 1 0 0 2 3 0 1 2 1 0 0 1 1 0 1 0 1 0 2 1 2 2 0 7 1 0 0 0 1 4 1 0 0 2 0 2 1 0 5 3 1 1 0 2 1 2 1 0 3 2 4 1 1 1 3 0 1 2 1 1 1 2 4 0 2 2 0 1 1 2 2 0 1 0 1 1 1 2 1 1 0 0 1 1 0 1 2 1 1 1 0 6 1 1 0 2 2 2 0 0 2 0 0 0 1
1 0 1 2 3 1 0 2 1 0 1 1 0 6 0 1 1 0 1 0 2 1 0 0 2 4 0 1 0 3 2 2 3 0 2 5 1 3 1 1 1 1 0 1 6 0 1 0 1 1 1 0 2 1 1 2 2 1 0 2 2 0 1 4 1 0 1 0 1 2 2 0 1 2 2 2 2 0 0 3 1 0 3 2 1 2 0 1 2 0 1 2 1 1 1 0 2 0 1 1 1 1 3 1 1 3 1 1 2 3 2 0 2 0 4 1 2 0 2 4 1 1 1 0 2 1 1 1 1 3 0 1 2 2 1 2 2 0 2 1 1 0 0 0 2 2 5 1 2 3 1 0 1 1 1 0 3 1 0 2 0 1 1 2 0 0 1 1 0 1 1 3 2 2 2 0 0 2 0 0 2 1 2 0 2 5 2 1 3 0 3 1 1 1 1 4 1 1 1 0
2 1 0 1 2 1 2 1 1 0 3 1 0 1 2 0 0 0 2 0 2 1 1 1 2 1 2 4 2 0 0 0 5 4 0 0 1 3 3 1 0 2 1 0 2 1 1 1 0 2 0 2 1 1 1 0 0 0 1 0 2 0 1 0 0 2 1 2 1 1 1 1 0 1 0 1 0 1 1 2 1 1 1 0 0 4 0 1 2 1 3 3 5 2 2 2 1 2 0 1 3 0 1 3 1 1 2 1 0 4 0 2 0 0 0 1 1 0 1 2 1 1 0 1 1 0 0 0 1 0 3 2 1 4 2 1 0 1 0 2 2 2 0 2 0 0 1 1 1 0 1 0 1 1 1 4 0 1 2 0 2 1 1 4 0 0 0 0 0 2 1 1 0 2 2 0 0 0 3 0 1 0 2 1 0 4 1 3 1 0 3 0 0 0 0 1 2 1 2 0
1 2 1 2 1 0 2 1 1 1 2 1 0 3 3 2 1 1 1 0 3 2 0 1 2 3 2 0 1 1 1 2 1 0 3 2 1 3 4 1 1 2 2 2 0 1 1 1 0 0 2 3 0 1 4 2 0 2 0 1 0 1 1 1 0 2 1 2 1 1 1 2 1 0 3 1 4 2 1 1 0 2 0 0 1 0 2 0 0 0 3 0 0 0 4 1 1 0 0 2 0 1 3 1 0 1 1 2 0 2 0 2 0 2 0 1 2 0 0 6 0 1 1 2 1 1 1 3 1 0 3 2 1 1 0 1 2 3 0 2 3 1 3 1 3 1 0 0 2 1 0 2 1 0 0 2 0 3 3 0 0 1 0 1 2 2 4 1 2 1 3 2 1 1 1 2 1 2 1 3 3 1 0 0 2 2 1 2 0 2 1 2 3 0 2 1 2 1 1 1
1 1 2 0 0 0 2 2 2 1 0 4 0 3 0 2 0 0 2 0 1 1 2 0 1 1 4 0 3 1 2 1 2 3 2 0 1 2 1 0 0 0 1 0 3 0 1 1 2 1 1 1 3 1 2 1 1 0 0 2 0 0 2 0 1 2 2 1 3 1 1 2 0 3 0 0 0 1 1 3 1 6 1 3 1 2 3 2 3 1 1 4 1 5 1 1 4 2 1 7 2 2 1 1 1 0 1 0 1 1 1 1 0 1 0 0 0 1 2 3 1 1 1 1 3 1 2 1 0 1 2 0 1 0 0 3 1 4 1 2 1 5 0 1 0 0 1 1 1 2 1 0 0 0 0 1 1 0 0 2 2 2 1 0 0 1 2 1 1 0 1 1 0 1 1 0 0 3 0 0 0 1 1 4 2 0 2 0 2 1 0 0 0 4 0 2 3 2 1 1
1 2 2 1 2 1 0 1 1 0 2 1 1 1 1 1 2 2 2 2 0 1 1 0 0 2 1 2 2 0 3 3 1 1 1 0 1 1 0 0 1 3 2 2 0 4 0 0 0 2 0 0 2 1 1 0 0 1 0 2 2 1 0 1 2 1 2 1 1 2 0 2 1 1 0 0 0 0 0 4 1 0 0 1 2 2 3 1 1 3 0 0 2 0 1 1 4 0 3 0 1 0 0 1 2 1 2 0 1 1 1 2 1 1 1 1 0 0 2 1 0 1 1 1 0 1 0 0 1 3 4 0 1 2 0 1 1 1 1 1 0 2 0 0 1 0 2 3 1 0 0 2 2 0 1 2 2 1 0 1 1 1 0 1 1 3 2 3 2 1 2 0 2 2 2 1 2 1 0 0 3 2 1 1 1 0 1 0 0 2 1 0 1 5 2 0 1 0 2 1
2 0 2 0 1 0 3 1 0 1 1 1 1 3 1 1 0 2 1 2 2 2 2 1 1 1 1 0 0 2 0 1 1 0 0 8 0 2 2 2 3 2 1 0 0 1 1 1 1 4 3 0 0 1 0 2 2 2 2 1 2 2 1 0 2 1 1 1 0 1 1 2 0 4 0 0 0 0 1 0 1 0 0 0 1 0 1 3 0 1 2 0 2 0 0 1 2 1 2 0 2 1 0 0 0 1 1 0 2 0 1 0 2 0 0 3 1 1 3 0 1 1 0 1 2 1 2 1 0 0 0 0 1 2 1 1 2 0 2 0 1 0 4 0 1 0 3 0 1 2 0 1 0 2 2 0 4 0 2 3 1 1 0 0 1 1 0 0 0 2 1 4 1 1 3 2 1 2 2 2 1 1 1 2 0 0 1 4 1 1 2 2 12 2 2 2 2 1 0 0
1 1 1 1 1 1 1 1 0 0 1 2 2 2 0 2 1 0 2 3 1 0 1 2 0 2 1 0 2 1 1 1 2 3 4 0 2 2 1 1 2 2 1 3 0 1 0 0 2 1 1 1 2 3 2 1 1 4 1 2 2 1 1 0 1 1 2 1 3 2 0 0 1 2 1 0 0 0 1 0 1 1 2 0 0 1 0 1 2 3 1 1 0 1 2 1 0 1 3 1 3 0 0 1 6 1 0 1 1 4 0 2 1 1 2 1 0 0 1 1 0 0 2 2 1 0 1 3 0 2 0 0 0 0 1 0 2 1 2 1 2 2 1 0 0 0 0 2 2 0 2 0 0 1 2 0 2 1 1 1 0 1 1 2 1 3 1 2 1 0 0 1 4 1 1 1 1 0 1 0 1 2 1 2 1 3 1 1 0 0 4 1 1 0 0 0 0 1 0 2
0 2 0 1 3 2 2 1 1 0 1 0 1 0 0 0 0 2 0 2 1 0 1 0 1 1 2 0 3 2 3 1 1 0 0 2 2 0 2 1 2 2 4 2 1 2 0 1 1 1 1 1 3 1 1 0 2 0 0 2 1 2 1 0 1 1 0 1 3 1 0 0 1 1 1 0 1 1 0 1 0 2 2 0 2 0 2 0 0 1 1 1 3 0 1 2 0 0 2 0 1 0 1 0 3 0 0 3 2 1 1 2 4 1 2 0 1 0 3 3 0 0 0 1 1 2 1 0 0 0 0 1 2 1 0 2 0 1 1 0 2 1 2 1 2 1 1 1 1 0 1 1 2 1 0 0 2 1 1 2 0 0 1 2 1 1 1 2 1 2 0 3 2 1 0 2 1 1 1 1 0 1 0 2 1 3 1 1 2 2 2 3 0 1 0 1 0 1 0 2
1 0 0 0 2 1 1 2 1 0 0 0 1 1 1 1 0 3 0 1 0 2 2 0 0 2 0 1 3 1 0 1 2 1 2 2 1 1 2 2 1 1 2 2 3 1 1 0 2 2 4 0 2 1 0 1 1 0 1 1 3 1 1 2 4 2 3 1 1 0 1 3 2 1 3 4 0 0 1 0 1 0 6 1 2 1 1 1 2 2 2 0 2 0 0 1 1 0 1 2 1 1 1 3 1 1 3 1 2 1 4 1 0 2 0 4 1 3 3 0 1 0 1 2 3 0 1 0 1 1 3 1 1 1 0 1 1 1 4 1 0 0 2 1 1 2 1 1 1 2 1 1 2 0 1 2 4 3 1 2 2 2 0 2 2 1 2 1 3 0 2 5 2 2 0 5 1 1 1 3 0 1 0 2 2 1 1 3 1 2 1 1 2 2 1 2 1 1 1 1
4 1 0 2 1 1 2 1 0 0 1 1 1 2 2 1 0 0 0 1 0 0 0 4 1 1 0 0 2 2 0 5 1 3 1 2 0 1 1 0 3 2 1 1 1 3 1 1 0 0 3 3 0 1 0 1 0 0 2 0 0 2 1 2 2 0 2 0 3 1 3 1 1 0 1 1 1 1 0 1 0 2 0 0 0 0 2 1 3 0 4 1 0 2 1 1 1 1 7 0 3 1 3 1 0 1 1 2 0 5 0 0 2 1 1 1 0 3 3 2 2 4 1 1 1 1 2 3 2 2 3 2 1 0 1 2 1 2 1 0 1 3 0 0 0 2 1 0 2 1 1 0 3 4 2 0 1 0 1 2 1 1 0 0 2 2 1 1 1 1 0 1 4 2 1 0 0 2 2 2 0 0 1 3 0 1 0 2 1 0 2 0 0 1 0 2 3 4 1 2
8 2 1 1 0 3 1 0 2 1 0 2 1 0 1 1 1 0 1 1 1 0 0 0 4 0 2 0 0 3 0 3 1 2 5 0 1 1 0 4 0 2 0 1 2 0 1 1 0 2 1 2 1 0 2 1 0 1 2 0 1 1 3 1 2 0 1 0 3 0 4 0 1 2 6 0 0 1 2 0 2 0 1 1 0 1 3 1 1 0 2 2 2 0 0 2 0 2 1 2 3 0 1 1 0 0 1 0 2 3 1 1 1 0 0 3 0 2 2 2 1 1 2 0 1 1 2 0 0 2 0 1 2 2 1 0 2 1 0 0 0 0 0 1 2 1 2 1 0 1 2 2 0 2 2 2 2 0 0 2 2 2 1 1 0 2 2 0 1 0 2 1 0 2 0 1 1 1 2 0 0 1 1 2 1 2 1 0 3 1 1 1 2 0 1 0 1 2 0 0
1 2 0 2 1 1 2 2 0 4 2 1 1 0 2 1 3 0 1 0 1 3 1 2 2 1 1 1 1 2 0 2 3 1 1 1 0 1 2 0 0 2 1 1 0 1 0 3 3 1 0 1 1 1 2 1 2 0 2 1 2 1 0 2 1 1 0 1 1 0 2 3 1 0 1 0 0 2 2 6 0 1 0 1 2 1 1 2 0 1 0 2 0 1 1 0 0 0 0 1 1 1 2 0 1 0 1 0 4 1 0 0 1 1 0 2 3 1 0 1 0 1 0 2 1 1 2 0 1 3 2 1 2 1 0 0 1 1 0 1 0 3 2 1 0 1 1 0 1 0 4 0 1 3 1 4 2 0 0 0 2 2 1 3 1 1 1 3 0 1 1 3 1 1 0 1 0 3 2 2 1 1 1 0 0 0 2 2 0 1 0 1 1 0 1 0 2 1 1 2
1 1 1 2 0 0 2 3 0 0 1 1 2 2 2 2 2 2 2 3 0 1 0 2 0 1 1 1 2 3 3 0 2 1 3 1 0 2 1 2 2 0 1 3 3 3 0 2 1 1 0 0 0 0 1 1 0 1 3 1 0 1 0 2 1 1 0 1 0 2 0 2 0 0 3 1 0 0 0 1 0 1 1 0 3 1 4 1 1 1 1 2 1 0 2 1 0 1 0 1 1 1 1 0 1 0 0 2 2 1 2 0 0 0 0 0 4 0 1 0 1 0 2 0 1 1 1 1 1 1 0 1 0 0 1 1 2 3 1 1 1 0 1 1 0 1 0 1 1 2 2 1 1 1 1 2 2 1 1 0 1 3 1 1 3 0 0 0 0 2 1 3 2 0 0 0 1 1 1 0 0 2 1 2 0 1 1 1 1 1 2 2 0 2 1 1 0 1 3 0
1 0 2 0 1 0 1 1 0 0 0 1 2 2 0 1 2 3 1 2 0 1 0 1 0 1 1 0 3 0 1 0 2 1 1 2 2 1 2 1 1 2 0 1 2 2 1 1 1 3 1 1 1 0 2 2 1 1 0 3 0 1 2 1 1 1 2 2 2 1 2 1 0 1 1 2 1 0 2 2 0 0 2 3 0 0 0 1 2 2 2 5 1 2 0 0 0 1 5 2 2 2 1 1 0 1 1 0 1 2 1 2 1 1 1 0 0 3 0 2 1 2 1 2 1 0 1 3 3 2 1 0 1 0 1 0 1 1 0 2 2 1 2 1 1 2 0 2 1 2 0 1 3 4 0 3 0 2 2 0 1 0 0 0 2 2 1 2 1 2 1 1 2 1 2 1 2 0 1 1 1 2 3 1 1 0 3 2 6 1 2 0 0 1 2 2 0 3 1 1
3 1 5 1 0 0 2 3 1 1 3 1 2 3 2 1 1 0 1 0 1 1 1 2 0 3 1 0 1 2 2 0 2 1 1 2 2 0 1 1 0 2 1 0 2 0 2 2 2 0 1 1 2 1 2 1 1 1 1 1 1 0 1 1 1 2 1 3 0 1 0 2 4 0 2 2 0 1 0 1 0 1 1 1 0 0 0 2 1 0 1 0 0 0 4 2 2 3 1 0 1 2 2 2 1 1 1 1 1 1 2 2 1 1 1 0 0 1 4 4 1 2 1 2 0 0 1 1 1 1 1 0 0 1 0 2 0 1 1 1 1 2 0 2 1 2 1 2 2 1 1 1 0 1 1 1 1 1 1 1 1 1 0 2 1 0 0 1 2 1 0 1 1 1 1 1 1 0 1 1 0 0 2 0 1 1 0 2 0 1 2 0 1 2 1 0 3 2 0 1
1 2 2 2 4 0 1 1 0 1 0 2 1 1 1 0 0 2 0 0 3 1 1 1 2 1 1 1 2 2 2 0 2 1 1 0 1 1 1 1 2 1 2 2 2 1 3 0 2 0 2 0 1 0 2 6 0 1 1 2 6 1 2 0 1 0 1 0 0 5 5 0 0 2 3 3 1 0 2 1 2 3 1 4 0 0 0 1 3 1 1 0 4 4 1 0 2 2 1 1 0 2 0 5 0 3 1 1 1 0 1 1 1 1 3 0 0 0 1 2 0 2 1 1 0 1 1 3 1 1 0 2 1 0 0 0 3 0 1 0 1 2 1 3 1 0 2 2 2 1 1 1 2 0 4 1 1 3 1 0 0 1 0 0 1 3 0 0 4 0 1 1 0 1 1 0 2 1 0 3 0 1 0 0 1 1 0 0 3 0 1 1 1 1 1 0 3 0 1 0
1 1 1 2 0 4 0 0 3 3 0 0 2 1 1 1 1 0 0 1 2 1 2 0 1 1 0 1 0 1 2 3 2 0 1 1 0 0 0 0 6 0 2 0 1 1 1 0 1 2 0 2 0 5 4 0 0 1 2 2 1 0 2 1 0 0 3 1 1 0 3 1 1 0 2 1 3 1 0 1 1 1 2 1 1 2 1 0 4 3 1 2 0 2 0 0 1 2 0 1 5 0 1 2 0 2 1 1 3 2 1 2 0 0 3 1 2 4 0 0 3 0 3 1 2 1 0 0 3 2 0 1 3 1 0 0 2 1 0 1 0 1 1 2 1 0 0 4 1 2 2 2 1 1 2 1 1 1 1 2 2 2 0 3 0 1 1 0 2 2 1 1 1 3 1 1 2 1 1 1 1 1 0 5 1 2 2 2 2 1 0 1 0 1 1 0 4 0 1 1
0 0 1 0 1 0 3 2 2 2 2 1 1 2 0 2 0 2 1 3 2 2 0 0 2 2 3 0 3 1 2 0 1 1 4 0 2 1 4 1 0 1 0 2 0 0 1 0 0 1 0 0 1 1 2 0 1 0 0 4 2 0 0 0 0 0 3 0 2 2 2 2 2 0 3 1 0 2 0 2 3 1 0 1 2 1 3 4 0 0 1 3 1 0 1 1 5 0 1 1 1 1 1 0 2 2 1 1 1 1 0 0 2 1 0 1 3 4 0 2 0 1 1 2 2 0 1 3 2 0 0 2 3 1 0 1 0 2 1 1 1 1 1 3 2 1 2 1 0 1 1 3 1 0 1 2 1 3 1 1 2 0 3 1 1 1 1 3 1 2 1 0 0 2 1 2 1 0 1 8 1 1 1 2 1 3 1 2 0 1 5 0 1 2 1 0 1 1 0 1
1 2 0 2 1 1 0 0 0 1 1 1 3 0 1 1 2 2 1 2 1 1 1 2 1 2 1 0 1 4 1 2 1 0 1 3 0 5 2 1 2 1 1 1 1 0 4 0 1 0 1 0 1 0 4 4 2 1 1 2 0 2 0 1 6 2 1 2 2 0 0 0 1 0 1 3 1 3 1 2 0 0 1 1 2 0 1 3 0 0 0 1 1 2 2 1 1 1 2 0 4 1 0 2 0 1 0 0 0 0 2 1 0 2 1 1 1 1 0 0 0 1 1 1 3 0 0 0 3 2 0 1 1 2 1 0 0 4 0 3 2 4 0 1 2 0 2 2 1 2 0 2 1 0 1 2 1 1 0 1 2 1 1 1 0 1 0 0 2 1 1 1 2 1 0 1 0 2 2 2 2 1 0 1 2 0 1 2 1 1 1 0 1 2 2 0 0 2 1 4
0 3 3 1 2 8 0 1 1 2 5 1 0 1 1 0 1 1 2 0 1 0 1 3 0 0 2 1 0 0 3 0 0 0 0 1 2 0 2 1 2 2 2 2 0 0 1 1 4 3 1 2 3 0 0 2 0 2 0 1 3 0 1 1 1 1 1 0 1 2 0 1 3 3 1 0 2 1 1 2 4 2 0 1 2 1 1 1 1 0 0 1 1 1 2 3 1 4 1 3 3 0 1 2 1 2 2 2 0 1 0 1 1 1 0 1 0 2 1 1 1 4 1 1 1 1 4 0 2 1 3 3 1 2 2 1 0 1 2 1 1 1 1 3 2 2 1 3 0 1 0 0 0 0 1 0 0 1 2 1 1 0 1 0 1 0 3 2 1 1 1 2 1 1 2 1 1 1 1 1 1 0 0 1 1 1 1 0 0 1 1 1 0 2 0 0 3 2 3 2
0 1 0 2 3 1 0 1 0 0 3 0 2 3 2 0 0 1 0 1 0 1 3 0 0 1 1 0 0 3 3 2 1 1 2 1 2 1 1 3 0 1 2 3 1 2 1 5 3 1 1 2 3 4 0 1 2 1 3 0 4 0 1 3 1 3 4 2 1 0 2 2 3 0 4 0 0 1 1 0 1 2 2 2 5 0 0 2 3 1 1 0 0 1 1 2 1 0 1 1 2 0 2 1 0 4 1 2 1 1 2 3 2 2 1 5 0 2 2 2 0 4 1 1 1 1 1 1 2 1 1 6 0 1 3 1 1 1 1 5 2 1 1 0 1 1 1 0 2 3 0 0 2 1 0 2 2 1 0 1 0 0 0 1 2 0 3 0 1 1 0 1 1 1 2 0 2 1 2 0 1 1 3 1 0 0 1 4 1 1 2 2 1 1 0 0 1 0 0 0
2 1 0 2 0 1 0 2 2 2 4 2 2 5 3 3 1 2 1 0 1 4 0 0 2 0 0 1 2 1 1 2 3 1 0 1 2 1 0 0 1 1 2 2 1 1 1 3 0 2 0 1 0 1 0 3 2 2 0 3 0 0 1 0 1 3 0 2 1 0 0 1 5 0 1 2 2 0 3 2 0 2 0 1 1 0 4 0 1 1 1 0 0 2 1 1 1 0 0 1 0 2 0 1 4 0 3 1 1 1 0 0 1 4 2 1 1 2 1 5 0 2 3 0 1 1 6 0 1 0 2 2 3 1 0 0 0 1 0 0 0 1 2 4 1 0 1 2 1 4 1 2 1 1 3 2 0 0 2 1 4 0 6 1 1 1 4 1 3 2 0 1 1 1 1 0 2 0 1 0 1 1 2 0 0 2 0 1 1 0 1 0 1 1 2 1 2 3 0 0
1 1 2 1 0 0 1 0 2 1 1 2 0 1 1 3 0 0 1 2 0 0 0 2 5 1 0 0 2 0 2 1 7 0 0 1 2 0 1 1 6 0 0 0 0 2 0 0 0 0 1 1 0 0 0 2 1 2 2 2 0 3 1 1 2 1 2 2 1 3 2 1 2 0 5 0 0 1 0 0 2 0 1 0 2 0 4 2 0 2 1 1 2 0 0 1 0 1 0 3 2 1 1 1 0 0 1 1 0 2 2 1 1 3 2 1 1 3 2 1 1 2 1 0 0 1 2 0 1 3 0 2 1 1 1 1 1 0 0 0 0 1 1 1 0 1 1 0 1 2 2 1 1 0 0 1 0 2 3 0 2 3 0 0 1 1 0 1 1 0 2 1 1 1 2 2 2 3 0 1 1 2 1 2 1 2 0 1 0 2 1 1 4 0 2 1 5 1 0 2
0 0 0 1 0 0 0 0 1 1 1 1 1 0 4 3 2 2 2 2 1 1 0 1 1 0 1 2 1 1 1 3 4 0 3 2 1 0 3 1 1 3 0 1 1 5 2 1 0 1 2 0 1 2 0 1 0 3 3 2 0 1 2 2 2 2 1 3 1 3 3 1 2 4 1 1 0 2 1 0 1 0 1 2 0 4 1 0 1 2 2 1 1 0 0 0 2 1 1 2 0 1 1 2 1 2 1 1 1 1 1 4 1 1 1 1 0 0 0 2 1 2 0 0 3 0 4 0 2 0 1 0 3 1 0 2 2 2 1 2 0 0 4 1 1 2 1 0 0 0 2 0 2 0 0 2 1 1 2 1 2 3 2 1 0 1 1 0 0 3 1 1 3 1 1 2 1 1 1 1 0 0 1 0 2 0 1 2 2 3 1 0 1 2 0 1 1 2 1 3
2 2 2 2 3 0 0 1 0 0 3 0 0 0 0 4 0 1 1 2 0 1 1 2 0 1 2 1 0 1 1 1 2 1 0 1 1 0 0 1 1 2 0 3 1 5 2 0 2 2 1 0 2 1 0 0 3 4 1 0 1 1 0 6 1 2 1 1 2 0 1 0 2 1 1 1 1 1 2 1 1 2 0 1 0 2 0 0 1 1 3 2 1 1 0 0 1 0 2 1 2 2 1 1 1 1 2 1 3 0 3 1 1 2 0 1 0 1 1 1 1 1 2 1 0 4 3 0 1 1 0 3 2 1 3 0 1 1 0 1 1 0 1 0 1 3 2 1 1 0 1 2 0 2 1 1 0 1 0 1 3 1 2 0 0 2 3 1 1 2 1 1 2 2 0 2 1 1 1 1 2 5 4 1 0 0 1 1 2 1 0 0 2 1 4 0 2 0 0 2
1 1 0 1 1 0 2 0 2 0 0 0 2 3 1 1 1 2 1 4 1 0 1 1 0 1 3 2 1 0 0 2 1 3 0 2 4 2 2 1 0 2 1 1 0 3 1 0 1 1 0 0 2 0 1 0 0 0 2 1 3 0 3 2 0 1 0 1 1 2 0 2 1 1 4 4 2 0 0 1 1 0 0 0 0 2 2 1 5 1 1 1 1 0 2 1 0 0 2 2 0 1 1 2 1 1 2 1 1 1 1 3 1 2 2 0 1 0 1 2 0 2 2 2 1 0 2 1 1 2 1 3 0 1 1 1 1 0 2 0 1 0 1 1 1 3 1 3 2 0 2 1 0 1 0 1 1 1 2 0 1 3 0 0 1 1 3 2 0 2 3 0 0 0 3 2 1 2 0 0 3 0 0 3 0 0 1 0 1 1 0 0 1 1 2 1 1 2 0 3
1 3 5 0 0 0 1 0 1 3 2 2 4 1 0 0 1 1 2 0 0 1 0 2 0 2 0 1 5 1 1 1 0 1 1 0 2 0 2 1 1 3 4 2 4 0 2 1 2 1 2 1 1 2 2 1 1 1 1 7 1 1 1 0 1 0 2 1 3 1 0 0 2 0 2 0 1 1 0 0 1 2 0 1 1 3 2 2 0 1 4 0 0 1 1 0 0 0 0 1 0 0 1 2 1 1 0 0 0 0 2 1 3 8 0 2 0 1 1 2 5 2 1 1 0 1 0 0 0 3 0 0 1 2 2 2 2 2 4 1 2 1 0 0 1 1 1 2 5 3 1 1 0 0 1 0 1 0 1 1 2 0 1 1 0 0 0 1 0 0 1 0 1 2 1 1 1 1 0 1 0 3 0 0 0 2 2 1 2 1 1 1 4 0 1 1 1 1 1 1
1 0 0 2 2 0 2 2 2 1 1 0 4 1 0 2 2 1 0 0 1 1 3 1 1 1 2 2 4 1 1 1 1 1 0 0 1 2 1 1 0 5 0 1 0 1 4 1 2 2 5 0 3 2 1 2 2 4 0 0 1 1 2 4 1 2 0 2 1 4 2 1 0 0 1 3 2 3 2 1 7 1 0 0 5 1 1 0 1 2 1 1 0 0 1 2 2 0 0 1 2 1 0 2 0 0 3 1 1 1 1 0 1 2 1 1 4 3 2 2 1 0 0 1 0 1 4 0 1 1 0 1 0 3 3 1 0 2 0 1 0 1 0 6 3 0 0 1 1 0 0 1 3 0 1 0 2 2 1 0 2 0 0 3 6 1 1 2 3 1 0 0 2 2 1 1 0 2 3 0 2 3 2 1 0 1 2 0 1 1 2 1 2 0 1 2 0 0 0 1
1 1 1 3 2 2 0 2 2 0 1 1 2 1 1 1 1 1 0 1 2 2 1 1 0 0 0 2 1 0 2 1 1 2 1 1 1 2 1 2 2 2 1 3 1 3 1 1 3 2 1 1 1 0 4 1 0 0 1 2 1 1 0 0 1 2 1 2 0 1 3 1 1 2 7 0 0 1 0 2 0 2 1 1 2 0 1 1 1 0 3 1 1 3 2 1 2 1 1 0 0 0 0 0 2 1 1 1 2 1 0 1 1 1 1 0 0 0 3 2 0 1 0 4 1 1 2 1 0 2 1 0 1 5 0 0 2 3 0 0 1 2 3 3 2 1 2 1 1 1 1 0 3 0 1 1 2 0 0 3 1 0 1 0 0 2 1 0 0 1 0 0 1 1 0 1 1 1 2 1 2 0 2 0 2 2 2 0 0 0 2 2 4 1 0 2 2 0 1 3
1 0 3 1 1 2 1 1 0 1 2 5 0 0 1 2 0 1 2 1 1 0 0 1 2 2 1 2 0 1 0 1 5 0 0 2 2 2 0 0 0 4 1 3 4 0 0 1 0 2 1 0 2 3 1 1 1 1 0 2 0 5 1 0 0 1 1 2 0 1 0 1 3 0 2 1 2 3 1 1 3 3 1 1 2 1 0 5 1 4 3 2 0 2 0 2 0 0 2 0 0 2 1 2 6 3 3 0 1 0 1 2 2 0 1 0 2 1 2 5 1 1 1 1 2 0 0 1 0 1 2 2 0 3 2 1 3 0 2 0 2 3 0 1 0 0 1 2 0 2 0 0 3 0 0 0 3 1 0 0 2 2 4 1 1 2 0 0 3 1 1 3 0 0 1 1 0 2 1 2 0 1 1 1 1 1 1 3 2 0 2 1 1 2 0 0 2 0 2 0
3 1 0 1 0 1 1 1 2 3 0 1 2 0 3 1 0 1 2 1 2 1 2 0 1 0 1 1 2 0 0 1 2 0 1 1 2 0 0 5 0 1 1 3 1 0 1 1 2 1 0 1 3 1 1 0 0 4 1 2 2 1 0 2 1 1 1 2 0 2 1 1 0 1 2 0 1 0 0 1 1 0 1 1 2 2 2 0 1 1 0 0 2 1 1 2 1 0 1 0 2 0 1 1 1 0 0 5 2 1 0 0 0 3 1 2 1 0 1 2 2 0 2 0 3 1 3 2 0 3 3 2 1 0 1 1 0 1 1 0 0 0 4 2 3 0 1 0 1 0 2 0 2 3 2 2 3 2 0 1 1 0 0 0 4 1 2 1 1 1 3 2 1 2 1 0 1 1 2 1 1 1 1 2 1 1 1 3 1 1 0 0 1 3 0 0 1 0 2 1
0 1 5 0 1 2 1 3 1 1 0 1 2 1 6 2 1 2 1 2 0 0 3 1 3 3 2 1 0 2 0 0 2 3 0 1 2 0 1 1 2 1 1 1 1 0 0 1 1 2 2 1 2 0 1 1 2 2 1 2 1 1 1 4 0 0 1 0 1 2 2 3 1 3 1 0 0 0 1 1 3 1 2 1 1 2 0 1 1 0 1 2 0 1 1 1 1 1 0 0 1 1 0 0 1 0 2 0 1 1 1 0 1 1 0 1 1 2 2 0 1 1 3 2 0 1 1 2 3 2 0 1 1 2 1 1 0 1 0 0 1 3 2 1 1 1 1 1 3 4 1 2 1 0 1 1 1 1 0 1 2 2 1 0 0 2 3 0 1 3 1 1 3 3 0 5 0 2 2 1 2 0 1 1 3 0 1 1 0 3 3 2 1 1 1 0 0 0 2 3
1 0 1 1 1 0 2 3 1 3 1 1 1 0 0 1 0 0 0 0 1 1 0 3 1 1 2 4 0 0 2 0 0 2 1 0 0 0 2 0 1 1 1 4 0 3 0 2 0 1 1 1 0 0 2 1 1 0 1 0 0 1 2 0 0 1 0 1 0 1 1 1 3 1 1 1 0 1 0 3 1 1 0 0 1 2 5 2 0 2 2 1 1 1 2 1 2 2 2 0 2 1 0 0 3 1 0 1 1 0 0 1 3 1 2 2 2 2 1 2 1 2 0 2 2 1 1 2 6 0 1 1 0 0 2 2 1 2 1 0 2 1 2 2 0 0 1 0 3 1 1 2 0 1 2 5 2 0 0 2 0 1 2 2 1 2 0 0 0 2 0 0 3 0 3 0 0 4 1 0 0 1 1 0 1 2 0 3 3 3 6 1 1 1 2 0 2 2 1 2
2 0 0 2 2 0 0 3 1 1 1 1 2 1 2 1 1 0 1 0 0 1 1 0 1 0 2 4 1 1 1 2 1 0 0 1 0 1 2 1 3 4 2 1 4 0 3 1 0 1 1 2 0 2 0 0 1 2 4 1 0 0 1 0 1 2 1 2 0 0 0 1 1 0 1 2 0 6 3 1 0 0 1 1 0 1 0 0 2 0 1 0 4 0 1 1 1 1 0 2 6 1 1 3 0 0 0 1 1 2 0 0 0 1 2 2 0 0 1 0 1 2 1 1 0 0 0 1 0 1 1 0 4 0 0 1 2 1 1 1 1 2 0 3 1 0 1 0 1 2 2 0 2 2 0 1 2 1 0 1 1 1 1 1 3 0 1 1 1 0 0 1 1 0 3 1 1 1 0 0 2 0 2 1 0 2 1 0 2 1 0 0 1 0 1 1 5 0 1 0
2 1 0 0 1 0 0 1 2 0 1 0 1 0 1 4 2 1 1 4 0 1 2 3 1 0 1 2 2 0 1 2 1 4 1 0 1 0 2 1 1 1 1 0 0 0 1 2 1 1 1 1 0 1 2 1 0 2 1 3 0 0 2 2 0 2 1 0 0 1 0 3 1 1 0 1 1 1 0 1 1 0 0 0 1 1 3 2 2 1 2 4 0 0 2 1 1 1 0 1 3 0 0 1 0 0 2 1 2 2 2 1 1 2 3 1 1 1 0 1 0 3 2 3 0 1 0 0 3 2 1 2 0 2 0 4 1 1 0 1 3 1 1 0 2 2 1 1 0 0 1 0 2 0 1 2 1 2 1 3 0 2 3 0 1 1 0 1 1 0 0 2 0 3 3 2 1 2 0 1 1 1 4 0 1 0 0 1 2 0 3 1 1 2 2 0 0 1 1 2
1 2 0 2 1 2 1 1 2 1 7 2 1 1 1 0 1 3 3 2 2 1 3 0 0 1 2 0 1 0 0 1 0 0 1 0 1 1 0 1 0 1 1 0 0 1 1 0 1 0 0 3 1 0 3 2 1 1 1 0 2 0 2 0 0 1 0 4 2 1 1 1 2 1 1 2 1 0 0 3 1 1 1 0 1 1 1 1 1 0 2 1 3 1 1 2 2 0 3 1 3 0 2 0 0 2 0 1 1 1 1 2 1 1 1 2 2 1 0 0 0 1 0 3 0 0 0 0 1 0 3 0 1 1 2 1 2 0 1 1 1 1 0 1 0 0 0 0 0 1 1 0 2 1 1 0 1 0 1 3 1 0 1 1 3 1 1 0 0 0 2 0 0 2 2 1 1 0 2 0 0 1 1 1 0 2 1 1 1 2 2 1 2 0 0 1 1 1 1 1
1 3 2 0 3 0 1 1 1 1 2 0 3 1 1 5 2 3 1 1 1 2 2 0 0 5 1 1 0 1 2 0 2 2 0 0 2 0 0 1 0 0 1 0 2 2 2 1 1 2 2 1 2 0 0 1 0 1 2 2 4 1 2 0 2 0 0 2 4 1 1 1 1 2 0 0 0 1 3 1 2 0 0 2 0 1 1 1 1 0 2 2 1 1 1 1 1 0 1 1 0 5 0 1 1 1 1 0 0 3 0 1 2 2 2 1 1 2 0 1 2 0 1 3 2 1 1 1 0 3 0 2 0 1 0 0 2 2 0 1 0 1 3 0 0 1 1 0 1 2 0 1 0 3 0 1 0 2 0 1 1 1 1 0 0 4 3 2 0 2 3 1 2 0 0 0 2 2 1 2 1 2 0 2 2 4 1 1 1 1 0 1 4 1 2 2 0 1 3 4
0 1 1 1 2 1 1 1 0 1 1 2 2 1 1 0 1 1 2 2 1 1 0 1 0 1 1 2 0 2 0 3 1 1 2 3 1 2 1 0 2 1 0 0 3 2 0 1 1 0 1 1 1 2 5 1 1 1 2 1 0 1 0 1 1 1 0 2 3 1 0 2 0 0 1 1 2 1 2 2 0 2 4 2 1 1 1 3 1 0 0 1 1 0 1 3 1 0 1 2 1 2 1 1 1 2 1 0 0 0 1 2 0 1 0 2 2 0 4 1 2 0 2 0 2 0 2 2 2 1 1 2 2 1 2 0 1 0 1 1 2 0 3 1 2 1 0 2 1 0 1 1 1 0 0 2 1 1 4 0 1 2 1 0 0 0 0 0 4 0 2 0 0 2 1 1 3 3 1 1 1 2 1 1 0 3 3 1 0 2 0 1 0 2 1 2 1 1 1 1
1 1 2 1 2 3 1 0 0 1 1 3 1 2 0 0 2 1 4 4 1 1 1 1 0 3 2 0 1 2 1 2 1 1 0 2 2 1 2 2 2 2 0 2 1 1 2 4 0 0 2 0 5 1 3 1 0 1 0 1 1 1 0 2 1 3 1 1 1 1 1 3 4 2 1 1 0 4 1 1 5 3 1 1 2 1 0 2 1 0 1 1 1 2 1 0 1 0 1 1 0 1 1 0 2 2 1 3 0 0 0 1 1 0 0 0 0 4 0 3 1 1 2 2 1 0 2 2 1 2 1 2 0 0 0 1 0 2 1 1 2 1 1 0 2 2 0 1 1 3 0 1 1 1 1 0 0 1 0 2 0 1 1 1 2 1 0 3 4 1 1 0 0 3 0 0 1 2 2 1 2 1 1 2 0 0 1 1 4 0 0 3 1 0 1 0 2 0 1 2
1 0 1 2 1 1 0 1 1 0 1 2 1 1 1 1 1 3 3 1 1 1 1 2 1 0 1 0 0 1 1 1 0 5 0 2 2 0 0 2 0 1 0 2 2 1 3 3 0 3 0 4 0 0 2 5 1 1 0 4 0 3 3 1 3 1 0 0 1 0 0 2 0 0 1 1 1 0 1 4 0 1 0 2 1 2 1 1 0 2 0 2 0 2 1 3 1 2 1 0 1 0 1 0 0 2 1 0 1 0 0 1 2 0 2 1 2 2 0 1 0 0 4 1 2 0 1 2 2 3 0 6 1 1 1 0 1 2 0 0 1 2 2 1 0 1 1 1 0 1 0 0 0 2 2 1 0 5 0 3 1 0 1 1 2 0 2 0 0 2 0 2 0 0 2 2 1 4 1 1 3 2 1 0 2 1 1 1 1 1 1 1 0 0 2 1 1 3 0 0
0 1 0 2 4 1 1 1 1 0 1 0 2 3 2 2 1 3 0 1 1 0 2 2 2 2 0 2 0 1 1 2 2 0 1 3 2 8 1 1 0 2 1 2 0 0 0 1 0 1 3 2 1 1 0 0 2 3 2 0 2 2 1 2 0 1 0 2 0 1 1 0 2 2 1 2 0 2 2 1 0 1 0 0 2 2 1 2 0 1 1 3 0 1 4 1 3 1 0 1 2 0 0 1 0 1 2 1 2 1 1 0 1 2 2 4 3 2 1 0 3 3 2 1 0 3 3 0 1 0 0 3 0 0 1 1 1 1 0 1 1 2 0 1 0 2 1 1 0 1 1 3 3 0 0 1 2 2 1 0 2 0 4 1 1 0 2 4 3 2 2 0 1 2 0 0 0 0 1 1 1 1 0 1 1 1 0 3 2 0 0 0 1 1 2 3 0 1 0 2
0 1 1 0 2 1 0 0 1 0 1 1 4 1 0 0 3 3 0 4 0 1 2 2 1 0 0 2 5 3 4 0 0 2 3 0 1 2 1 1 1 1 1 0 3 1 1 1 0 0 2 2 3 0 2 1 1 2 3 0 2 0 1 0 4 2 3 1 2 3 0 2 0 0 0 1 2 1 4 0 2 1 1 0 1 1 1 0 2 0 1 2 1 1 1 1 1 3 1 1 2 0 1 3 0 1 1 2 0 1 2 1 0 2 0 0 2 0 1 2 0 2 2 0 1 1 0 0 0 1 1 1 1 1 0 1 2 1 1 3 0 1 3 0 0 1 0 2 1 3 2 1 0 1 1 0 2 0 3 0 1 0 1 2 3 1 1 0 1 0 2 0 1 1 4 1 4 0 4 1 1 0 0 1 2 0 2 1 1 2 0 2 3 3 0 1 0 2 2 3
3 1 4 1 2 3 3 1 0 1 1 1 0 1 0 0 1 2 0 2 1 1 3 0 3 2 1 1 1 0 2 1 1 4 1 5 0 0 1 3 1 2 0 1 0 0 2 0 1 1 0 0 0 1 1 1 3 2 0 1 0 2 1 0 1 0 1 3 1 0 2 0 0 2 1 1 0 1 1 2 1 0 1 0 1 1 1 0 1 2 1 2 4 3 1 2 2 8 2 1 0 3 1 1 1 2 1 2 1 0 0 2 2 0 2 4 1 1 5 2 3 1 0 1 1 2 1 3 1 0 1 2 1 1 0 0 1 0 1 1 3 1 0 2 1 1 1 0 0 0 2 0 2 3 2 1 2 3 2 1 2 1 0 1 2 5 1 2 1 1 0 1 1 0 2 1 4 0 2 0 1 1 2 5 0 1 3 0 2 0 0 1 1 0 1 0 1 0 0 0
1 0 2 1 2 0 0 1 0 0 3 1 3 0 0 1 1 2 1 2 1 1 4 1 0 1 0 1 2 1 1 1 1 0 0 0 0 0 2 2 0 1 0 2 0 0 2 1 0 1 3 2 1 1 0 2 1 2 0 2 2 0 1 0 1 1 0 1 0 1 1 4 0 0 0 1 0 2 2 0 1 0 0 0 1 1 3 3 0 1 0 1 2 2 1 0 2 0 1 1 1 1 0 2 2 3 1 2 0 0 2 2 0 2 0 2 2 0 0 1 2 2 2 1 3 1 0 1 1 1 1 5 1 2 1 1 2 2 3 2 2 1 2 4 1 2 0 2 1 1 2 4 0 2 3 0 1 1 2 2 2 5 2 0 0 4 1 4 0 0 0 1 3 0 1 0 1 0 1 4 2 0 4 0 4 1 2 0 0 0 0 0 1 1 2 0 0 1 0 1
1 2 3 3 3 2 0 0 2 0 1 1 2 1 0 3 2 1 2 1 2 5 0 1 0 0 0 3 1 2 0 1 2 0 0 0 2 1 0 1 1 0 0 2 2 2 1 3 3 2 1 0 1 4 2 0 1 2 0 0 1 0 1 1 1 6 2 0 2 0 2 1 1 1 0 1 3 1 0 4 1 3 2 0 0 0 0 1 1 1 1 5 1 1 1 1 0 2 1 0 0 2 1 2 2 1 2 1 2 0 1 4 0 4 2 0 1 1 0 0 1 2 3 4 3 1 1 3 0 8 0 0 2 2 1 1 0 4 3 2 0 0 1 0 2 0 0 3 3 0 3 6 0 0 1 3 1 2 1 1 2 2 1 0 1 1 2 2 2 1 1 0 2 0 1 5 1 0 2 1 0 3 3 1 1 1 0 0 3 1 3 2 8 2 0 2 1 1 4 1
4 1 2 0 0 0 1 0 1 2 3 2 1 3 0 1 0 0 2 1 0 0 2 2 0 2 2 1 1 0 1 0 1 1 2 1 1 6 2 1 0 3 1 2 2 2 2 1 1 2 1 0 5 0 2 2 0 1 1 0 1 3 0 0 1 1 1 1 1 0 2 2 1 2 0 0 1 0 1 1 0 0 3 4 0 0 0 2 3 1 0 0 1 1 0 0 1 0 4 0 2 1 1 2 0 1 2 1 2 0 2 3 2 1 2 1 0 3 0 1 0 1 1 0 0 0 1 4 1 0 3 1 1 1 0 0 0 0 0 0 2 2 1 0 2 0 1 1 2 0 1 2 0 0 1 2 1 1 1 0 0 1 2 3 0 3 1 0 2 1 2 0 0 1 0 1 0 0 0 0 2 0 0 5 1 2 1 2 0 0 1 0 0 1 2 1 0 0 1 1
3 1 1 0 0 1 1 0 2 0 2 1 1 6 0 2 4 0 1 1 0 3 1 3 0 0 1 0 2 0 4 1 0 0 0 1 0 1 2 1 0 1 3 3 3 0 9 1 1 0 4 2 0 1 2 1 0 1 2 1 2 0 1 1 0 1 1 1 1 0 0 0 0 0 1 0 1 0 0 3 3 2 1 0 3 1 0 4 4 1 2 2 2 3 0 1 0 1 3 0 1 0 2 2 0 1 1 2 0 4 2 2 0 1 0 1 3 0 0 0 0 2 2 1 2 1 1 1 2 1 2 1 6 0 1 1 2 2 0 1 0 0 1 0 0 3 1 0 2 0 2 0 0 1 0 2 3 1 1 1 0 0 5 2 1 2 1 1 1 1 1 2 1 2 1 3 2 1 2 1 2 1 2 2 1 1 1 2 6 2 1 0 1 1 0 2 2 1 2 1
2 2 3 1 0 2 2 0 0 1 0 2 0 1 1 2 0 1 1 1 1 0 1 0 0 0 2 0 1 0 2 2 4 2 4 0 1 0 1 1 2 1 2 1 0 0 1 0 3 4 1 3 1 1 2 0 1 1 2 2 1 3 2 1 0 2 2 0 1 1 7 2 1 0 2 2 3 1 3 3 3 2 0 1 0 4 1 0 0 0 1 2 1 2 0 1 1 1 2 3 2 1 2 1 1 0 0 0 4 0 0 1 1 5 0 0 0 0 0 2 0 1 0 1 0 2 1 2 0 0 0 1 0 1 1 0 1 3 1 1 1 2 0 2 1 1 1 0 2 2 0 1 1 2 4 0 1 1 1 0 0 1 0 2 0 2 1 1 1 0 0 2 1 1 2 1 2 0 1 1 2 2 3 1 3 0 2 0 0 2 2 3 2 0 1 0 0 2 1 2
2 0 0 2 1 3 1 3 0 0 0 0 1 1 1 1 1 3 9 1 2 1 0 0 1 1 0 1 1 1 2 2 1 0 0 1 0 0 3 2 0 3 2 1 1 1 3 4 1 2 1 1 4 4 1 1 0 2 0 4 1 1 2 2 1 5 1 2 0 2 1 4 2 6 3 1 0 1 3 0 2 2 1 0 2 4 2 0 2 0 1 2 5 1 2 1 2 2 2 2 5 2 0 2 0 1 0 1 1 3 1 0 2 2 1 0 1 0 2 0 1 6 0 1 1 0 0 1 2 1 0 2 3 3 1 0 1 0 0 0 0 0 0 1 0 1 1 1 0 1 1 1 1 1 1 1 2 3 2 1 0 0 2 0 1 1 1 1 1 0 2 2 0 2 2 1 2 0 1 1 1 1 1 0 0 1 3 1 6 1 2 2 2 0 0 2 0 1 2 1
2 0 2 3 1 0 1 2 2 2 3 1 2 8 3 1 2 0 1 1 2 0 0 1 2 0 3 1 1 1 0 1 0 3 1 1 1 3 2 1 1 0 1 1 0 4 0 0 0 6 1 1 2 0 0 2 0 1 1 1 1 1 1 0 0 1 1 1 1 1 0 1 1 0 1 0 1 0 0 1 2 1 0 1 1 1 0 3 0 0 1 0 0 1 1 1 0 5 1 0 1 2 1 1 1 0 0 2 2 1 0 3 0 3 2 1 0 0 0 1 0 2 0 0 1 2 1 1 2 1 1 3 1 1 1 0 2 1 1 1 2 2 2 2 0 1 0 5 2 1 1 2 0 2 0 1 0 2 1 0 3 1 3 4 1 1 1 2 1 2 2 1 0 0 6 1 1 1 2 1 1 1 2 0 1 0 2 0 1 1 1 2 1 2 2 2 2 7 1 3
0 1 0 1 2 0 1 3 1 1 1 0 6 2 0 0 1 2 2 2 1 2 1 0 0 2 1 3 2 0 0 0 2 0 1 0 1 1 0 2 0 1 0 1 0 0 2 2 1 0 0 0 1 4 1 1 2 2 0 3 1 0 1 1 3 1 0 0 2 1 0 1 1 1 1 1 1 0 0 0 4 1 1 0 2 2 2 0 1 1 4 4 2 2 2 1 2 2 0 1 1 0 1 2 2 3 1 0 0 1 0 3 2 1 2 2 1 2 1 6 2 0 2 0 2 0 2 1 2 1 1 1 1 0 1 2 3 2 3 0 2 2 2 2 2 0 1 1 1 2 3 0 3 1 3 1 1 1 3 2 0 0 6 0 2 2 1 2 2 3 0 1 1 4 1 2 2 1 0 1 2 1 0 1 2 0 4 0 1 1 0 0 1 1 0 1 1 2 0 3
0 0 2 3 0 3 0 2 0 3 1 2 2 1 1 1 1 1 0 0 2 1 1 1 1 1 2 1 2 1 1 0 1 2 0 0 0 1 2 0 0 2 1 1 1 1 1 1 1 0 0 6 2 1 1 1 2 0 1 2 1 1 2 0 1 0 1 2 0 3 0 1 0 1 1 1 0 2 0 1 1 2 0 2 1 1 1 3 1 1 1 1 3 1 0 2 2 1 0 0 1 2 3 0 1 2 0 1 2 2 4 2 2 0 2 3 1 2 0 0 0 2 0 1 0 0 2 1 2 3 2 1 0 2 0 2 0 3 1 1 2 2 1 1 1 0 2 2 3 1 1 1 1 0 1 1 0 3 1 1 1 4 1 0 0 1 0 1 1 2 2 2 1 2 1 1 1 1 0 2 3 0 2 2 1 2 3 5 1 2 2 3 0 3 1 1 1 1 2 2
0 0 0 0 0 4 1 0 3 2 1 3 0 2 1 0 2 1 1 3 1 0 5 2 1 0 2 1 2 2 2 2 2 3 1 1 1 0 0 1 0 1 0 1 0 1 2 0 0 1 1 2 1 3 1 0 0 1 1 3 3 3 0 0 2 1 0 2 0 1 1 0 1 2 1 1 1 2 1 2 1 0 2 0 2 2 1 1 2 1 1 1 0 0 0 1 2 1 1 4 1 0 2 2 1 3 3 3 0 2 1 1 0 1 1 4 0 1 1 1 0 0 1 0 3 0 0 0 1 0 2 2 1 2 1 1 2 1 2 1 2 0 1 1 1 1 1 1 1 2 3 2 0 0 2 1 3 2 2 2 1 2 1 1 1 0 2 1 0 4 0 0 1 0 4 1 1 3 2 0 1 2 1 2 3 0 2 2 1 0 4 0 2 2 1 0 0 0 1 1
1 2 3 0 1 3 1 1 1 1 1 2 1 0 3 1 1 3 2 1 2 0 1 4 2 0 2 1 2 2 0 1 1 1 0 1 1 1 2 0 2 1 1 0 1 1 1 2 6 0 0 0 2 1 2 0 1 1 1 2 0 1 1 2 1 0 2 1 3 0 4 2 1 1 3 0 2 1 1 3 1 1 1 1 1 0 0 2 2 3 1 1 1 0 3 0 1 0 0 1 2 3 0 2 0 0 0 2 2 1 2 0 1 1 3 3 0 2 0 1 1 2 0 3 0 2 0 1 2 1 1 0 2 1 2 1 3 2 0 3 1 3 2 1 2 0 1 1 1 0 1 2 1 1 1 1 4 0 2 0 0 1 2 0 0 0 0 0 1 3 2 1 1 1 2 0 1 2 0 0 0 1 1 0 1 1 1 2 2 3 1 0 2 1 1 4 2 0 2 0
1 0 0 5 0 0 1 2 0 0 3 1 2 5 1 0 2 1 1 1 1 3 0 1 2 1 0 1 0 3 1 1 2 3 1 0 1 0 1 1 0 0 0 1 1 0 0 2 1 1 0 0 2 0 0 2 0 2 4 2 1 1 0 1 2 2 0 1 3 2 1 1 0 1 1 1 1 0 2 0 1 1 1 1 0 0 1 1 0 0 1 1 1 1 0 4 0 1 1 1 0 1 1 1 0 1 0 1 0 0 0 3 1 2 1 1 0 1 2 0 2 0 0 0 2 0 2 3 1 2 1 1 1 2 4 0 1 1 2 1 1 0 0 0 1 2 2 0 4 2 0 3 1 0 0 1 0 2 1 0 1 3 0 4 2 1 1 1 1 4 1 4 1 1 2 1 1 0 1 1 1 1 1 2 1 1 1 0 0 1 1 1 1 2 1 0 2 2 2 1
1 0 1 4 1 2 2 2 1 1 0 1 2 0 3 3 1 0 0 1 1 1 2 2 0 2 1 1 5 3 0 1 1 1 1 4 0 0 0 1 1 0 1 0 0 2 0 0 1 1 0 0 1 0 0 0 5 1 2 2 3 1 2 0 1 4 4 3 2 1 0 1 0 1 2 0 2 1 1 1 2 2 2 1 1 1 1 0 1 0 4 1 6 2 4 3 2 0 4 2 0 3 1 1 0 0 0 1 2 2 1 3 0 1 0 1 1 1 1 0 1 2 2 0 0 2 0 0 0 2 0 2 1 2 0 4 1 1 2 2 1 1 1 1 2 0 0 0 1 0 1 1 0 2 1 3 1 1 2 1 0 1 1 0 5 0 1 1 1 2 0 0 1 2 1 1 1 4 2 2 1 3 1 1 0 1 2 1 0 1 2 2 2 1 1 0 4 1 1 0
3 1 2 2 3 1 1 1 2 2 3 1 3 0 3 4 1 3 0 5 0 3 0 0 2 2 5 2 2 3 2 5 1 3 1 2 2 1 3 1 3 2 4 0 2 1 2 1 1 2 1 2 1 2 0 1 0 0 1 0 3 1 1 1 0 2 0 0 2 2 0 1 0 3 1 0 1 3 0 0 3 0 0 1 3 1 3 0 3 0 0 1 0 0 0 0 1 0 0 1 1 2 2 2 1 0 0 1 2 2 2 0 0 3 1 3 4 1 2 1 1 1 1 0 1 3 0 0 0 0 1 2 2 2 0 1 1 0 0 0 1 2 0 6 1 0 1 2 1 1 1 1 2 2 2 1 2 2 3 1 0 4 2 0 0 4 1 2 0 2 1 1 0 0 0 1 0 0 0 0 2 0 0 0 3 1 1 1 1 2 3 3 1 2 3 9 0 3 2 4
2 5 0 1 1 2 3 0 2 1 2 1 1 0 2 0 1 0 1 1 1 2 1 1 0 3 0 0 1 1 0 2 2 3 0 2 0 1 4 0 1 1 1 1 0 2 1 1 1 1 1 1 3 3 3 1 2 1 3 3 2 1 0 2 1 0 1 0 1 1 2 1 1 1 0 1 0 0 0 1 2 0 1 1 3 1 1 3 2 3 2 2 1 1 2 1 1 0 1 0 0 0 3 6 0 3 1 0 2 1 2 1 0 1 1 0 1 2 0 2 2 2 2 1 2 1 0 0 0 2 0 0 0 1 1 0 3 1 1 1 0 0 2 1 3 1 1 2 3 2 1 2 0 1 2 1 0 0 2 3 0 1 1 1 0 2 1 3 1 2 2 0 1 0 4 4 2 2 0 2 1 0 0 1 0 1 0 1 2 0 1 0 1 0 1 1 1 1 0 0
1 1 2 0 3 1 0 2 1 1 0 0 0 0 1 3 1 3 1 2 1 2 2 2 1 1 1 1 0 3 1 1 1 1 0 0 2 1 0 0 0 1 0 1 1 1 0 0 2 1 2 3 1 0 1 0 1 1 1 0 2 2 2 3 3 2 0 0 0 4 0 3 0 0 1 3 0 2 0 1 2 2 3 1 2 1 1 2 0 2 1 1 0 3 0 1 2 3 1 2 1 3 2 0 1 2 0 3 1 2 3 0 1 0 1 8 0 1 0 1 1 1 3 0 1 2 2 0 2 0 1 0 2 0 0 3 1 0 1 2 1 3 2 1 5 0 1 0 1 0 3 0 2 1 0 0 4 3 0 1 1 1 2 2 1 1 2 2 0 1 0 1 2 1 0 0 1 2 2 4 1 1 0 1 2 4 0 1 0 1 0 2 1 0 2 2 0 1 2 1
0 0 0 2 1 0 2 1 0 1 2 3 1 1 2 2 3 1 2 5 1 2 0 3 5 0 0 3 0 1 1 3 2 3 0 1 1 2 2 2 1 2 1 0 1 0 2 0 1 3 1 1 2 0 3 2 4 0 2 2 0 1 4 1 2 1 3 1 0 1 2 0 3 3 2 4 0 0 0 3 3 0 2 0 1 1 0 0 0 0 3 1 2 0 1 0 1 0 0 1 2 3 0 1 1 1 3 0 1 1 0 0 1 1 1 0 3 2 0 0 1 1 2 2 1 1 0 1 0 1 0 1 2 1 1 1 2 0 1 0 0 0 1 3 1 1 1 0 0 2 3 0 0 1 0 1 0 2 1 4 2 0 2 0 0 1 1 1 0 0 2 0 2 2 2 1 2 2 1 1 2 0 2 1 1 2 1 2 2 2 0 2 1 0 3 3 1 1 0 1
1 1 1 1 1 2 2 1 0 4 1 1 3 2 1 0 3 1 0 0 1 0 1 0 2 2 0 0 1 0 2 1 1 0 0 0 0 0 0 1 2 3 0 0 1 3 1 1 3 1 0 1 0 1 1 2 2 0 2 1 0 4 2 0 0 0 1 1 0 4 1 1 2 2 0 0 0 0 1 1 2 1 1 1 0 0 2 1 2 1 3 6 2 2 0 3 3 0 1 0 2 2 1 1 0 2 0 2 2 2 6 3 1 2 5 0 1 1 1 2 3 1 1 2 0 1 2 2 0 0 1 0 0 2 1 1 0 0 1 0 0 1 2 3 1 1 1 1 0 1 3 1 1 1 1 2 1 0 2 0 2 1 5 0 1 2 2 1 0 1 1 0 2 2 1 2 1 2 2 1 1 1 2 0 1 2 3 0 2 0 2 0 2 0 1 0 2 2 0 2
1 1 2 2 0 0 1 1 1 1 4 1 2 0 1 3 2 1 1 1 2 1 2 2 1 1 2 2 3 0 0 0 0 0 3 0 2 3 0 0 0 2 0 2 2 2 2 1 1 2 1 1 1 2 2 3 3 0 1 0 1 1 1 2 0 1 1 1 1 2 0 2 1 1 1 1 1 0 2 1 1 2 2 0 1 0 1 3 3 1 1 0 3 1 3 2 0 1 0 1 0 1 1 0 4 0 1 0 2 0 1 0 1 1 1 2 1 6 0 3 1 1 0 1 2 1 1 2 0 2 2 0 0 1 3 0 1 1 0 0 0 3 3 2 1 0 0 0 2 0 1 1 2 1 2 1 2 1 1 1 1 1 6 1 0 0 2 1 0 2 1 2 4 0 3 0 1 1 0 2 3 0 2 2 6 3 1 1 1 2 12 0 1 3 1 1 1 1 0 1
3 2 0 6 1 1 0 3 1 4 4 1 1 1 1 4 0 1 0 2 2 3 3 1 2 1 2 1 1 0 1 0 1 1 4 3 0 3 0 0 0 1 1 1 2 0 2 0 1 4 2 1 2 2 1 1 4 2 3 2 1 1 1 2 0 3 1 3 1 1 5 2 4 1 0 2 2 0 1 1 0 2 1 0 0 1 0 1 1 2 2 1 1 1 1 1 1 2 3 5 3 0 2 0 0 2 1 1 1 0 1 0 1 1 2 2 1 0 1 3 1 0 2 2 1 2 2 2 1 0 1 2 1 0 1 1 2 1 0 1 0 0 8 1 1 1 2 0 1 2 0 1 0 2 2 0 1 2 2 0 1 1 1 0 1 1 0 2 4 0 2 0 2 4 1 0 2 1 4 0 3 1 1 0 0 0 0 0 0 2 0 0 2 1 1 0 0 0 5 1
1 1 1 1 0 2 0 1 3 2 1 1 2 1 1 0 0 1 0 0 1 2 1 0 2 2 3 2 2 1 1 2 1 0 1 0 0 2 0 0 2 1 1 2 3 3 2 1 1 2 1 2 0 3 2 0 1 0 2 0 0 0 1 3 0 1 0 1 1 0 3 1 2 0 0 0 1 1 0 0 1 1 0 1 1 0 0 0 0 1 2 3 0 1 0 3 1 2 3 0 2 1 1 2 0 0 2 0 2 0 1 1 0 0 1 1 0 1 1 1 1 1 0 1 2 4 0 0 1 0 1 1 3 1 0 1 1 1 0 1 1 1 0 1 3 2 2 2 2 1 1 0 2 0 1 1 0 0 1 2 1 2 2 0 1 3 0 1 1 1 2 0 1 1 1 1 2 0 2 1 1 3 0 0 1 2 2 2 1 0 0 1 3 1 0 3 3 0 2 1
1 0 2 2 1 1 0 2 0 2 1 1 0 1 0 1 1 1 0 0 1 1 1 0 2 0 2 1 0 2 0 1 0 1 1 0 1 4 3 1 0 1 0 5 2 1 2 2 0 2 1 1 1 2 6 2 2 3 0 1 0 1 2 1 1 0 2 1 2 1 1 2 1 1 3 1 1 0 2 1 2 0 0 1 0 2 0 0 1 0 1 1 0 1 2 0 1 2 1 0 1 1 1 2 1 4 1 0 0 1 0 1 1 0 1 1 0 1 0 0 0 2 2 1 1 0 4 1 0 3 1 1 0 1 1 0 1 2 0 2 0 4 2 2 1 0 1 1 0 1 2 0 1 1 1 1 0 1 2 3 2 0 1 2 1 1 2 1 3 0 1 1 2 2 1 1 0 1 2 1 2 1 3 0 1 2 2 1 2 2 1 3 1 0 1 0 2 1 1 0
1 0 1 2 0 2 3 2 0 1 0 1 0 1 0 1 0 1 6 1 3 2 0 1 1 2 0 1 1 1 0 2 0 2 0 3 1 1 2 1 0 2 1 2 1 2 1 1 0 2 3 0 3 2 0 2 0 0 1 1 0 2 0 2 3 1 2 1 2 1 1 2 0 2 1 1 2 2 0 1 1 2 1 2 1 0 3 2 0 0 0 1 0 1 2 1 1 2 0 2 3 0 0 1 2 1 2 2 1 0 1 1 2 1 2 0 0 2 1 1 2 3 0 2 3 1 1 1 3 1 2 0 1 2 1 1 0 4 2 0 3 1 2 4 2 1 0 2 1 1 1 0 0 1 1 3 1 1 3 2 1 2 2 1 3 1 3 0 1 0 2 2 1 1 2 1 2 0 1 2 2 1 0 1 1 0 0 4 1 1 1 3 1 2 1 1 1 1 1 3
1 1 0 2 2 0 2 2 3 1 2 0 1 2 0 2 0 0 1 0 1 1 1 0 3 2 1 4 1 0 1 0 0 1 0 1 1 0 0 4 1 0 1 2 1 0 1 1 1 0 2 2 0 0 0 3 1 4 2 1 2 1 2 0 0 4 9 0 1 1 0 0 1 3 4 1 0 1 1 1 2 1 1 3 1 1 0 1 2 4 1 1 1 0 2 1 0 2 2 3 0 1 1 2 1 1 0 2 0 2 2 1 1 0 2 4 0 2 3 0 1 2 3 1 2 1 1 0 1 0 0 0 1 1 1 2 4 0 0 1 0 1 1 1 2 2 1 0 0 1 0 2 4 0 1 4 1 2 2 2 0 1 0 0 0 2 1 0 0 1 0 1 1 2 0 1 1 1 1 1 1 0 1 0 2 1 1 1 0 0 1 2 1 1 0 0 2 1 2 4
1 1 0 2 3 0 2 2 1 0 0 0 0 2 1 1 1 3 2 1 1 1 2 1 2 1 2 3 1 1 2 1 2 3 1 4 0 1 1 1 0 1 1 2 0 1 0 2 3 0 0 0 0 1 0 1 1 1 1 2 2 2 3 0 2 1 4 2 0 1 2 2 0 0 1 1 2 2 1 4 1 0 0 1 0 1 1 0 1 0 2 1 0 0 1 0 2 4 0 0 2 1 0 1 1 0 1 0 1 1 0 0 1 1 3 3 0 0 1 0 1 3 1 2 0 2 2 0 1 1 1 1 0 0 0 0 2 0 0 0 1 4 1 2 2 3 2 1 1 0 0 3 1 2 4 2 3 2 3 5 0 2 2 2 1 0 4 1 2 2 0 2 2 2 1 3 1 0 3 1 0 1 2 1 2 2 0 2 2 0 3 1 3 2 1 1 1 1 3 2
1 3 3 1 0 0 2 2 0 2 1 1 1 1 0 2 3 0 1 0 0 1 3 1 5 1 1 1 2 1 0 1 1 0 0 0 1 2 0 2 0 1 1 2 1 2 2 1 0 2 2 1 1 2 3 0 1 5 1 1 2 2 2 4 0 1 0 4 2 1 1 1 2 2 2 1 0 1 0 1 0 0 1 1 2 1 0 1 1 3 1 5 0 0 2 1 0 1 1 0 0 0 0 0 1 1 1 1 1 1 0 1 3 1 2 2 0 1 1 0 1 0 1 1 3 1 2 0 1 2 0 0 0 1 1 2 0 1 0 0 0 0 1 0 0 1 1 1 1 0 1 0 1 2 0 0 0 1 2 1 0 3 0 1 0 0 0 2 6 3 0 0 1 1 3 3 1 0 1 1 4 0 0 2 3 1 1 0 4 3 1 0 1 0 0 3 0 1 1 2
0 0 2 2 0 1 2 1 1 2 0 2 1 1 2 1 0 1 1 2 0 1 2 1 1 1 1 1 1 0 1 1 1 0 1 0 2 5 0 0 0 1 0 1 1 2 1 2 1 1 3 3 3 1 2 2 0 0 0 2 0 0 4 7 1 0 0 0 0 1 2 1 2 3 1 0 1 2 2 0 1 0 0 1 2 1 1 0 1 2 1 2 0 0 0 1 1 2 0 1 2 0 1 2 1 3 1 0 2 2 1 1 0 3 2 0 2 0 1 0 2 2 2 2 1 1 1 1 0 1 0 0 0 0 1 0 3 0 1 0 0 2 1 1 2 2 2 2 0 0 0 0 2 1 4 9 0 0 2 1 3 0 1 0 0 1 1 0 1 1 0 2 1 1 0 1 0 0 1 1 3 2 1 0 0 2 3 1 2 0 1 1 1 3 0 3 0 1 1 3
2 1 1 1 4 0 1 0 1 1 0 1 2 1 2 0 2 1 0 2 1 1 2 2 1 2 1 2 1 0 3 1 1 1 0 2 1 1 1 1 0 2 1 3 0 2 0 0 2 6 0 1 1 1 0 1 1 2 1 1 6 0 0 0 1 3 0 1 0 1 1 0 2 1 5 2 0 2 1 0 3 0 3 0 1 2 2 1 1 4 1 1 1 1 0 0 0 1 1 2 3 0 3 1 2 1 1 1 0 1 2 2 1 1 1 0 2 0 2 0 2 2 2 0 3 0 1 2 0 3 0 1 3 0 1 4 1 1 4 0 2 0 1 0 0 1 2 2 1 1 2 2 0 2 1 2 1 2 2 0 0 1 1 2 0 1 1 1 4 1 1 1 1 1 2 2 2 1 0 0 0 1 1 1 3 0 1 1 1 3 1 1 2 2 1 0 0 0 0 1
2 1 1 0 0 0 4 1 1 0 2 0 2 3 0 2 2 0 3 0 2 0 1 2 2 1 1 1 0 0 0 1 1 0 0 1 2 0 1 0 2 0 1 1 1 3 2 0 6 1 6 0 3 1 3 1 2 0 0 1 0 0 4 1 1 3 3 1 3 2 0 0 0 3 0 0 4 1 2 2 0 0 2 1 2 0 1 1 1 0 1 1 2 1 4 1 1 0 0 3 0 4 2 2 0 1 0 3 3 1 2 0 3 0 2 1 1 1 0 0 2 2 1 1 2 0 1 0 2 2 1 2 3 8 0 2 2 1 1 1 1 1 0 2 2 1 2 3 0 0 2 1 0 1 1 1 1 1 0 0 2 2 2 1 1 1 2 0 1 1 0 2 2 1 0 2 1 1 0 0 0 1 1 2 2 1 0 1 0 3 0 1 0 2 6 1 1 2 2 1
2 0 0 2 2 0 0 4 0 1 0 2 0 0 0 1 2 0 2 1 3 0 1 5 1 0 4 1 3 0 3 1 0 2 0 1 4 1 1 1 1 2 1 0 1 2 3 1 1 3 6 2 0 0 1 3 2 3 1 1 2 0 3 4 2 4 0 1 2 0 3 0 2 1 1 0 0 0 1 1 0 1 1 1 1 2 3 2 3 1 3 0 4 1 1 0 1 0 6 3 1 2 1 2 3 0 1 0 1 0 1 1 0 2 4 0 0 0 2 1 2 2 1 1 1 0 1 6 1 1 3 3 2 1 1 2 4 1 2 0 1 0 2 0 0 2 1 0 0 2 1 1 1 1 4 6 1 1 0 2 0 2 1 0 0 1 1 1 2 1 0 2 2 1 1 0 1 3 2 0 0 6 2 0 0 1 0 0 1 1 0 2 2 0 1 0 2 2 1 0
1 1 1 1 1 1 0 4 1 2 1 2 1 0 0 1 2 1 0 0 3 1 0 1 1 0 4 1 2 0 1 1 1 2 1 1 2 1 0 2 3 2 2 2 1 3 1 0 4 1 0 3 3 1 1 1 0 1 1 2 1 2 1 0 1 0 3 0 2 2 2 2 0 3 0 1 1 0 2 1 0 2 0 0 1 1 1 1 2 2 2 1 1 0 1 1 1 1 3 2 0 3 1 0 1 2 0 0 2 2 0 0 0 1 1 2 2 0 1 0 0 2 1 1 2 1 2 1 3 5 1 1 1 1 3 1 2 2 2 0 2 0 2 0 0 2 2 2 2 2 1 1 1 1 1 2 2 1 1 1 5 2 0 0 1 0 3 2 1 1 1 1 1 0 3 0 1 0 2 1 0 1 0 1 0 1 0 1 3 3 2 0 3 1 1 2 2 2 0 1
1 3 2 1 1 1 1 1 3 0 0 0 0 1 1 0 0 0 0 1 0 0 2 1 3 3 2 2 1 1 0 1 2 0 3 1 1 5 2 0 2 2 0 1 0 2 3 0 1 0 2 0 1 1 1 2 0 2 0 3 0 1 0 1 2 4 1 1 2 0 4 2 0 1 0 0 0 0 1 2 2 1 1 1 2 2 0 0 1 0 2 1 0 1 2 3 3 1 0 1 0 0 1 0 0 2 0 1 1 2 1 2 1 1 2 0 0 3 1 1 1 0 0 1 0 2 0 0 1 0 1 1 0 1 2 0 1 2 3 1 2 1 1 2 2 0 1 2 1 1 6 0 0 1 2 1 2 1 1 2 2 0 0 5 0 1 2 1 0 1 2 0 1 1 2 2 1 1 0 2 2 1 1 3 3 2 1 2 3 2 2 2 5 0 0 2 2 0 1 0
6 2 2 0 0 0 2 1 0 0 1 1 1 3 1 3 0 0 1 1 2 5 4 0 0 3 0 0 0 2 2 0 1 0 0 0 2 0 2 1 1 1 1 3 0 0 1 2 4 1 0 0 2 1 2 0 1 0 2 3 3 1 1 2 0 1 0 1 1 1 1 5 1 0 1 2 3 0 1 1 1 2 1 0 0 1 2 0 2 2 1 1 1 1 1 2 1 1 0 2 1 1 1 1 1 1 0 1 0 0 1 1 0 1 0 0 1 1 1 1 0 1 2 1 1 2 0 1 1 1 1 1 0 2 2 1 0 1 2 1 2 2 2 1 2 1 0 3 1 2 1 1 0 1 3 0 1 2 3 1 1 1 1 2 1 2 0 1 0 2 2 2 1 1 1 0 2 4 2 1 5 2 1 1 1 1 2 2 1 3 3 1 0 0 3 1 1 0 2 0
6 0 0 0 1 0 2 2 2 0 1 3 0 1 2 0 2 0 0 2 1 0 0 4 0 1 1 1 2 2 1 4 1 4 0 0 2 1 3 0 1 0 0 2 0 3 0 2 1 0 0 2 1 1 1 2 0 2 0 0 1 0 1 2 0 2 1 0 4 0 1 1 1 0 1 3 0 2 1 1 0 1 0 1 2 2 2 4 1 2 3 0 2 0 0 1 3 2 1 1 2 0 1 0 0 1 0 0 2 1 1 1 2 0 2 3 1 0 0 1 5 1 2 1 1 0 0 2 2 0 0 1 0 0 2 1 2 0 1 1 2 2 3 0 2 2 3 0 1 0 2 0 0 3 0 1 2 1 2 1 1 1 1 1 1 0 2 0 1 2 1 3 1 1 0 0 1 1 0 2 1 2 2 0 3 0 1 0 1 1 1 0 1 1 0 2 1 3 1 0
1 3 1 2 1 0 0 1 2 1 0 0 0 2 1 0 0 2 0 1 0 0 1 0 0 2 2 0 2 2 2 0 2 1 0 0 0 1 2 1 0 5 1 2 2 1 0 1 0 3 2 2 2 1 1 2 0 0 1 0 2 1 1 1 2 1 0 1 3 4 1 2 1 2 1 1 1 2 1 1 2 0 1 1 1 2 2 1 0 1 0 2 1 1 0 1 2 5 1 1 0 1 3 3 1 0 0 1 1 1 0 0 1 0 1 3 2 2 2 0 2 1 3 1 1 4 1 1 3 1 0 0 2 1 2 0 1 0 1 1 0 1 0 0 2 1 1 1 0 0 1 0 0 0 0 2 1 3 0 1 0 2 1 0 0 0 2 1 1 0 6 0 0 0 0 2 1 2 2 2 0 0 3 2 1 0 1 2 1 1 2 0 0 1 0 2 1 2 1 3
1 1 1 1 2 0 0 1 1 3 4 1 1 1 2 0 0 1 0 0 3 3 1 1 3 3 2 0 0 2 1 3 1 0 1 5 2 1 1 1 1 0 1 2 0 0 2 2 3 0 1 3 2 1 2 2 1 3 2 3 2 2 2 3 1 0 1 2 1 0 3 3 0 1 2 0 2 0 0 2 1 1 0 2 2 1 1 2 1 2 1 3 4 2 0 0 0 3 0 1 2 0 4 1 2 0 1 2 0 3 1 1 3 0 1 0 0 0 2 1 1 2 1 2 0 2 0 1 2 0 2 1 0 2 1 1 1 1 0 0 0 1 0 2 2 1 2 0 0 0 1 0 0 2 2 1 0 1 1 0 3 3 1 4 0 1 3 0 2 1 2 0 1 2 1 3 1 2 2 0 3 2 2 1 0 1 1 1 2 0 2 1 1 2 0 0 3 1 0 1
1 3 1 2 2 3 0 1 1 1 1 1 2 1 3 3 5 1 3 4 0 0 1 2 1 1 1 2 0 1 0 0 1 0 1 2 1 0 0 1 0 0 2 1 1 0 1 2 2 2 0 3 1 2 2 2 3 0 1 3 0 3 1 2 0 1 0 0 1 0 0 1 1 0 1 0 0 2 1 1 1 2 4 2 0 1 1 2 1 0 0 0 1 2 2 1 2 1 0 1 0 2 1 1 2 1 1 0 1 0 0 1 2 2 2 3 1 2 0 1 1 3 1 3 1 0 1 1 1 3 3 3 1 0 1 2 1 0 0 1 0 2 2 1 1 6 1 2 1 1 0 0 0 2 2 0 3 0 1 1 0 1 2 1 0 1 1 0 0 2 2 1 1 0 1 1 0 1 2 1 0 2 4 2 1 0 4 4 4 1 3 1 2 1 1 0 0 2 0 1
2 0 1 1 0 0 4 0 0 0 1 0 0 1 0 1 0 2 1 1 0 1 3 0 0 2 1 2 1 2 1 0 1 3 0 2 1 1 1 1 1 2 2 1 1 2 1 3 4 0 2 1 1 1 1 1 1 2 3 1 5 0 2 2 1 1 4 2 0 0 1 0 0 2 0 2 1 0 1 1 0 2 0 1 1 1 1 2 3 2 0 0 2 1 0 2 1 1 1 0 0 0 2 2 0 0 0 1 1 1 0 3 1 0 4 6 2 0 1 1 2 0 1 2 2 3 1 1 2 0 0 1 1 1 0 0 0 2 3 0 0 2 1 1 1 0 1 0 0 0 0 0 1 0 1 1 6 2 1 0 0 1 0 1 1 3 3 1 2 2 0 3 0 1 5 2 2 1 2 2 0 2 1 3 2 2 3 4 1 1 1 0 4 2 1 0 6 1 0 2
2 1 0 1 0 2 2 2 2 1 3 3 6 3 1 2 1 2 2 2 1 2 1 0 1 0 1 3 3 0 1 3 0 1 0 1 2 5 1 1 1 1 2 0 1 0 2 1 1 0 4 0 2 2 2 0 0 0 2 0 0 2 5 1 3 3 2 0 3 1 2 1 1 1 0 2 0 0 2 2 3 0 1 1 3 0 2 1 1 1 0 2 1 1 2 0 0 0 3 3 3 2 1 0 2 2 2 0 1 1 0 3 0 2 0 0 0 0 1 1 0 3 1 0 1 1 0 2 0 2 0 1 2 0 2 1 0 4 1 1 2 0 0 1 1 0 0 0 0 0 0 1 0 0 1 0 2 1 1 3 0 0 5 0 1 1 2 2 0 2 0 0 2 1 1 2 0 1 0 2 0 2 2 0 0 1 0 0 1 0 1 3 0 0 1 1 1 2 3 1
0 1 1 1 3 2 1 2 1 4 1 1 2 0 0 0 3 2 2 0 0 2 2 1 4 5 3 0 1 1 1 0 1 0 1 2 0 1 1 1 1 1 2 1 2 3 3 0 2 1 1 0 2 2 0 2 2 2 0 2 1 1 2 2 1 3 1 0 1 1 1 1 1 0 0 0 2 1 1 0 4 2 3 1 4 1 0 1 0 0 0 1 1 0 0 2 1 0 0 0 0 3 0 1 2 0 1 3 0 1 2 0 1 3 2 0 0 1 2 1 2 1 0 0 1 0 2 2 1 1 1 1 1 2 0 1 1 0 2 2 1 2 1 1 1 1 1 3 0 2 2 0 0 0 3 0 1 2 0 0 0 2 0 1 2 1 1 0 0 0 1 1 3 0 1 1 1 1 0 2 2 0 3 1 1 1 0 1 2 2 6 1 2 0 2 1 0 2 1 1
2 2 3 3 1 1 1 0 0 2 0 4 1 1 1 1 1 1 1 2 0 1 2 1 1 2 2 0 2 1 2 1 1 1 1 3 3 4 0 2 1 2 2 2 1 0 4 0 1 1 0 1 0 0 1 3 2 2 1 1 1 1 1 1 2 1 0 0 0 2 1 1 1 0 0 1 2 2 0 1 2 2 1 1 0 1 4 2 1 1 1 0 3 0 0 1 0 1 1 1 0 2 1 2 0 1 1 0 0 1 2 0 1 2 3 1 1 0 4 1 0 3 1 2 1 0 1 2 2 0 0 1 2 2 1 1 1 1 4 0 4 1 1 4 1 2 3 0 0 2 2 1 1 3 0 1 1 1 0 1 2 0 2 0 0 3 0 4 2 3 1 1 1 1 5 0 1 1 1 0 1 1 0 2 1 0 3 2 0 1 1 0 1 1 0 1 1 3 0 1
2 3 2 1 1 1 1 0 1 1 1 1 0 1 3 0 1 0 2 1 1 0 0 1 0 1 0 2 0 0 1 1 1 0 2 2 2 5 2 2 0 1 1 1 1 3 1 1 0 1 1 1 1 2 0 1 1 1 0 1 0 2 0 2 1 1 2 1 2 0 1 0 4 2 1 2 0 0 0 2 0 2 4 2 3 1 1 1 2 2 0 2 2 1 2 1 1 0 0 1 0 2 1 5 1 2 0 1 2 0 1 1 0 1 0 3 2 2 0 1 1 1 1 1 1 1 3 1 1 0 1 2 1 0 1 1 3 4 2 0 9 2 1 6 2 1 0 1 2 1 0 1 0 0 1 0 1 2 2 1 1 1 0 0 3 0 1 2 3 1 1 2 0 1 2 0 1 0 0 0 0 0 0 1 0 1 1 1 0 0 0 1 1 1 2 1 3 0 0 0
0 1 1 0 2 1 1 1 0 4 1 1 0 1 0 0 2 0 1 1 0 0 3 1 3 1 1 0 0 2 2 1 1 0 1 1 2 0 1 2 0 0 0 0 2 2 1 1 1 0 1 1 2 0 1 0 0 0 2 1 1 0 1 0 2 0 0 0 0 2 2 3 0 0 1 2 4 2 2 4 1 2 2 2 0 1 1 1 1 1 0 2 0 0 1 0 1 1 2 2 3 3 1 2 2 1 1 0 1 0 0 2 2 2 1 1 1 3 1 2 0 1 0 3 4 0 1 2 0 4 0 1 2 1 0 0 1 1 3 0 0 1 1 1 2 2 1 2 1 0 3 6 2 1 1 1 0 1 2 0 2 2 1 1 0 1 0 0 2 2 1 2 3 1 0 2 2 1 2 1 1 0 3 1 0 0 3 1 0 0 3 1 9 0 2 1 1 1 1 0
1 1 1 1 0 1 1 2 2 1 1 1 0 0 3 1 1 0 2 1 1 1 3 1 1 1 4 3 2 3 4 3 1 2 0 1 1 1 2 0 0 2 2 1 2 3 0 0 1 3 2 2 1 0 2 1 4 1 0 0 1 1 1 0 1 1 0 1 1 2 4 1 1 3 0 1 0 1 1 3 0 0 0 1 2 1 3 1 3 1 1 1 0 2 1 1 1 0 2 0 1 2 1 0 1 2 0 2 1 1 5 2 0 3 1 2 1 1 1 3 2 1 3 2 0 2 1 2 0 3 2 0 1 2 0 1 1 2 2 1 0 2 1 1 1 1 2 1 3 1 0 2 1 2 1 2 1 0 2 1 3 1 1 0 1 0 1 2 1 1 0 1 2 1 1 0 1 0 1 1 6 1 1 0 1 1 1 1 0 0 0 2 0 0 2 0 1 0 1 2
2 3 1 1 0 3 2 1 0 1 1 1 1 1 1 1 0 0 2 2 1 1 2 0 3 1 1 0 1 1 4 0 2 1 3 0 2 1 1 1 4 0 2 4 2 2 1 0 2 2 3 2 1 0 0 1 2 1 1 2 0 1 1 0 2 1 1 1 1 2 0 0 2 3 0 0 2 1 1 1 1 0 0 1 2 1 1 1 1 0 2 0 2 3 2 0 2 1 1 0 0 0 0 0 0 1 1 0 4 0 0 1 3 2 2 1 1 1 1 2 1 3 1 2 2 1 2 3 2 0 1 2 1 2 1 2 3 2 3 2 2 2 0 0 1 1 3 2 0 1 1 1 1 0 0 2 2 2 0 1 1 1 0 1 1 0 0 0 4 4 2 2 2 2 0 0 6 1 1 0 2 2 1 1 0 1 2 2 0 2 1 1 0 0 1 2 0 2 1 1
0 2 2 2 2 1 1 1 0 0 0 1 0 3 0 0 1 2 0 1 0 0 0 2 0 1 2 1 1 2 1 0 1 0 1 0 1 3 3 1 0 1 0 0 1 1 1 2 1 1 2 1 1 2 1 1 1 0 2 2 0 0 1 0 1 0 1 1 1 1 2 2 0 0 2 1 3 1 2 2 2 2 0 0 0 1 0 2 1 1 1 1 1 0 1 1 0 1 0 3 0 1 1 2 1 3 3 1 0 2 3 0 0 1 2 1 0 1 0 1 0 2 1 2 0 0 1 1 3 1 4 0 1 0 2 3 2 2 5 1 1 0 0 2 1 2 1 1 1 0 1 0 3 0 1 1 0 1 1 0 1 2 2 1 0 4 0 3 0 1 1 2 3 2 4 2 2 2 0 0 1 1 1 1 1 1 1 2 1 2 1 1 3 1 4 1 0 1 2 1
2 1 1 1 1 2 1 0 1 2 0 1 4 1 1 0 1 2 5 1 1 0 0 1 2 2 2 2 2 0 1 1 5 2 1 0 0 2 1 2 1 0 0 0 1 0 1 0 1 0 1 1 0 0 0 0 3 0 1 3 0 1 3 1 2 0 2 2 0 0 2 0 2 0 2 1 1 0 0 2 1 2 2 1 1 1 0 2 2 2 1 0 4 2 2 3 1 2 2 1 2 1 2 0 1 0 1 1 1 0 1 2 1 2 2 2 0 0 0 0 3 0 1 1 0 1 0 0 0 1 2 2 1 1 1 2 1 0 0 0 3 0 2 0 5 2 1 1 0 3 0 0 0 0 2 1 2 3 1 1 0 3 1 1 0 1 1 0 1 0 2 1 1 1 1 2 0 1 3 3 1 1 0 3 0 0 0 2 2 1 1 2 2 0 2 0 1 0 2 1
3 2 3 1 0 1 1 2 0 2 0 3 3 1 0 1 1 1 2 2 0 2 1 0 0 0 3 2 0 0 0 1 0 1 0 0 1 1 1 2 1 0 0 1 0 3 0 2 0 1 0 2 1 3 4 1 1 0 0 1 3 2 2 1 2 2 2 1 1 3 0 1 1 1 2 1 1 1 0 2 1 2 2 3 0 1 1 2 0 1 0 0 0 3 3 1 3 0 0 0 2 0 2 1 1 2 0 1 2 1 0 0 0 1 5 2 1 0 1 0 1 0 4 2 1 3 1 4 1 1 0 1 1 1 2 0 2 1 2 3 0 1 2 2 2 0 1 1 2 3 1 1 0 2 0 1 2 1 1 2 3 0 0 2 1 0 0 2 2 0 2 2 2 2 3 0 1 1 2 1 0 2 2 0 0 2 1 1 0 0 1 0 1 1 2 1 1 0 1 1
3 1 3 0 0 1 4 0 2 0 1 4 1 1 2 1 2 1 2 1 1 0 1 1 2 2 1 4 2 2 1 0 1 1 0 0 1 2 2 1 4 1 1 1 1 1 1 1 1 1 0 1 0 0 0 1 0 2 0 0 0 0 1 0 2 3 1 1 0 1 1 1 1 0 1 0 0 1 1 0 0 1 1 1 0 0 0 0 3 1 1 0 6 0 2 2 0 1 0 1 4 0 1 2 1 3 1 1 1 1 1 4 1 0 2 1 2 5 0 2 3 6 1 1 2 0 1 2 1 2 2 5 6 1 2 1 2 0 2 0 1 1 2 1 0 0 1 1 1 1 2 0 5 0 2 0 1 1 0 2 1 0 0 1 0 2 1 0 1 1 1 0 0 6 1 2 4 2 0 1 2 3 1 1 3 1 1 1 2 3 1 1 2 1 2 0 2 1 1 1
0 5 1 0 1 1 3 0 2 1 4 2 0 3 1 1 1 3 1 2 1 1 4 1 1 0 0 1 0 1 1 1 1 1 3 1 1 0 2 1 2 3 2 2 0 1 1 3 3 0 1 2 1 0 1 1 3 0 1 2 1 0 2 3 1 2 2 2 1 4 1 2 4 1 0 1 0 2 2 2 0 1 3 1 0 2 0 3 1 1 0 1 1 0 1 0 0 1 3 0 1 0 0 2 1 0 1 0 0 1 1 1 2 1 0 0 3 2 2 0 4 0 0 1 0 4 0 0 1 2 0 0 1 0 0 2 1 0 2 1 0 2 1 0 0 5 2 1 0 4 1 1 0 1 0 0 1 0 1 1 1 2 1 0 2 0 1 0 0 0 0 1 0 2 0 3 2 2 2 1 3 3 0 1 1 2 4 3 2 2 0 0 1 1 0 1 1 1 3 0
1 0 2 1 2 3 1 2 0 6 1 1 1 0 0 2 3 2 0 1 2 0 2 0 0 0 1 0 3 0 2 1 0 1 2 1 0 0 0 1 2 3 4 2 2 1 1 1 0 2 1 2 0 2 1 4 3 1 0 0 0 1 3 1 0 2 0 1 1 3 2 0 0 2 0 1 1 1 1 2 2 0 1 3 2 1 1 0 1 0 1 2 1 1 0 0 1 0 6 0 1 4 0 1 3 1 3 0 0 2 2 1 3 2 0 1 0 1 0 1 1 2 0 1 0 2 5 0 0 1 0 1 0 1 1 1 3 0 1 0 0 0 1 0 1 0 1 1 0 0 0 1 1 2 0 3 0 1 1 0 0 1 0 2 0 0 2 1 2 4 2 1 2 1 1 0 1 2 0 2 1 0 0 2 2 0 1 2 2 1 0 1 0 2 1 1 2 1 2 1
2 3 3 1 1 0 2 2 1 0 1 0 1 2 3 6 0 0 3 1 0 0 2 1 2 1 1 1 1 0 4 1 5 1 1 1 3 1 1 2 1 2 1 2 1 1 0 1 1 1 2 3 6 2 2 4 2 0 1 0 1 2 3 4 0 1 1 2 0 1 2 0 0 2 1 3 1 3 1 1 2 2 1 0 2 0 3 1 1 1 0 0 1 1 1 2 1 0 1 2 2 1 2 2 0 1 1 4 0 1 0 0 1 5 4 1 3 2 2 1 1 2 1 0 0 1 0 4 2 1 1 2 0 1 3 1 1 2 0 0 1 1 1 1 0 1 2 0 0 1 1 3 1 1 3 0 1 0 0 4 1 0 2 0 0 0 1 1 0 2 0 1 2 2 1 2 1 0 0 1 2 5 1 1 1 1 1 2 2 1 1 1 1 1 2 2 2 1 1 1
1 0 0 2 2 0 1 1 1 0 1 1 1 2 1 0 1 1 0 0 3 0 0 1 1 1 4 1 0 0 2 1 2 3 1 0 1 1 3 2 2 2 1 4 3 0 0 0 2 0 0 0 1 0 0 3 0 1 1 0 0 0 0 0 0 1 0 2 1 2 0 1 0 4 2 2 0 1 1 2 1 2 1 0 1 0 0 1 1 0 3 3 4 0 1 3 3 0 1 1 0 2 3 0 1 0 1 3 0 0 2 2 1 1 1 2 1 1 1 1 1 1 0 2 0 1 1 1 1 2 1 2 2 0 0 2 3 1 4 0 1 1 2 1 3 2 0 2 2 3 1 3 2 1 0 1 0 1 0 0 1 0 1 1 2 1 0 0 1 1 0 2 0 0 1 1 1 0 2 0 1 0 2 1 1 1 1 3 1 3 0 2 0 0 1 1 2 2 0 1
1 0 0 1 1 3 2 0 1 0 1 0 1 1 1 3 0 0 2 0 2 3 2 2 2 1 1 1 2 0 1 1 0 0 1 1 3 0 4 0 1 0 0 2 2 1 1 0 0 4 1 2 1 2 2 2 1 3 1 1 1 2 1 0 1 0 1 2 1 0 1 1 0 1 1 3 0 2 2 1 1 0 3 0 2 1 0 0 3 0 2 0 1 1 0 1 2 1 2 0 0 1 0 0 1 1 0 2 0 3 0 4 0 2 4 2 0 1 1 1 2 2 1 1 0 1 1 2 3 2 1 1 1 2 1 1 0 0 1 2 0 1 0 1 2 1 1 0 1 0 0 1 2 0 4 2 0 2 0 3 0 2 0 0 1 1 0 0 6 1 1 1 1 0 0 2 0 3 2 1 1 0 0 0 2 0 2 0 0 2 0 1 2 0 1 1 2 3 1 1
2 0 1 0 3 0 2 1 1 0 2 7 0 0 1 1 3 0 1 0 2 0 1 0 1 1 0 6 1 1 1 2 1 3 0 1 2 1 3 0 1 0 0 1 0 1 0 1 0 1 1 1 1 0 4 3 2 1 2 1 3 0 1 0 4 1 2 0 0 1 0 0 0 2 1 2 0 1 1 3 1 1 0 0 1 2 4 2 1 2 1 1 3 1 0 1 0 0 3 0 3 1 1 0 1 1 0 0 4 4 0 3 1 1 0 2 2 1 1 1 1 2 1 0 1 1 1 0 1 0 0 0 0 4 1 3 1 0 2 6 1 4 1 2 1 0 0 1 1 2 0 2 0 0 2 3 2 1 4 0 1 2 1 0 2 0 1 6 0 4 1 1 1 1 0 0 0 1 0 0 2 2 3 1 0 0 2 2 1 0 0 3 1 3 1 1 0 1 0 2
1 5 1 3 2 1 1 1 1 0 2 2 2 0 0 1 2 3 3 2 0 1 3 1 1 0 2 0 1 0 0 1 2 0 3 1 0 1 1 1 1 0 0 2 3 0 1 3 1 1 1 3 1 1 1 2 0 0 3 0 1 1 2 1 0 1 1 0 0 0 1 1 2 1 0 1 2 0 2 0 1 0 1 2 2 1 0 2 2 1 1 1 2 0 3 2 2 0 1 1 1 1 3 2 0 0 0 2 0 1 2 2 0 1 0 1 1 1 0 0 2 3 2 4 3 4 2 2 2 1 0 1 2 0 1 0 0 1 2 3 1 1 1 1 1 1 2 2 0 1 2 2 2 0 3 1 2 1 4 1 0 0 1 0 4 2 1 1 4 0 1 1 0 2 1 0 1 0 2 1 1 1 2 0 0 0 2 2 1 2 1 0 1 0 4 1 4 1 3 2
1 0 4 0 0 1 2 6 0 1 4 0 2 1 1 1 1 1 2 1 1 2 0 0 0 3 1 4 1 0 1 1 1 1 0 1 0 1 2 5 0 3 2 1 2 2 1 0 1 0 3 1 0 3 2 0 1 1 1 0 4 1 1 1 1 0 2 0 1 1 1 1 1 3 1 2 1 0 0 2 0 2 1 1 1 0 1 1 1 1 1 0 0 2 1 1 3 1 0 0 1 3 1 0 0 0 2 3 2 1 0 2 2 0 0 1 2 1 0 2 2 0 2 0 2 1 0 1 2 0 2 1 1 2 2 1 2 0 0 0 0 1 0 0 1 2 2 1 6 2 2 0 0 1 1 1 1 0 2 1 2 2 1 0 2 0 0 1 1 1 0 0 0 1 3 3 0 0 0 1 1 0 1 0 2 0 1 0 1 3 2 0 2 1 0 2 2 2 1 2
2 1 1 0 1 1 1 2 2 1 0 1 0 0 4 0 1 1 1 1 1 3 2 2 1 2 0 2 1 1 0 0 0 4 1 1 1 1 1 2 2 1 2 0 0 1 3 3 1 1 0 1 0 2 0 2 1 1 1 2 0 1 2 2 1 0 1 0 1 0 1 3 1 2 1 0 4 1 3 5 1 1 3 3 1 1 1 1 0 1 2 1 1 1 1 1 0 0 0 0 3 2 1 0 1 2 0 1 0 0 2 0 0 1 1 0 0 2 2 2 1 1 2 0 1 4 0 1 0 1 0 0 2 0 0 1 2 1 2 0 2 1 2 2 1 0 2 3 0 0 1 3 0 1 1 2 2 1 2 2 1 2 0 1 1 1 2 1 1 1 0 0 2 3 0 0 0 2 1 0 2 0 1 0 0 4 0 1 1 0 2 0 1 1 2 2 1 1 0 1
1 1 2 1 3 2 2 0 3 1 2 1 2 3 2 2 0 0 1 0 1 0 1 0 0 4 4 5 0 0 0 1 4 0 0 2 1 0 0 4 1 0 5 5 2 0 1 1 1 1 1 1 0 1 1 0 1 0 1 1 1 2 2 1 0 2 1 2 1 0 2 2 0 1 0 2 1 4 2 2 4 0 1 2 2 1 0 1 0 2 1 1 1 1 3 2 0 1 2 1 0 1 3 3 1 0 0 2 0 0 0 1 1 1 3 2 0 1 1 0 0 1 1 1 1 1 1 0 1 2 2 2 4 2 1 2 1 1 2 1 1 1 2 2 1 1 1 1 0 1 1 0 2 3 1 0 3 2 2 3 1 2 0 0 2 2 0 1 1 0 0 2 0 1 1 2 1 0 1 1 0 1 0 1 1 1 0 1 1 4 4 1 1 0 0 1 2 3 0 1
0 1 2 1 0 1 0 0 1 2 3 2 2 2 3 0 1 0 1 0 1 0 1 1 3 0 0 2 2 1 0 1 2 2 1 1 1 1 2 2 1 0 1 4 2 1 1 2 1 2 2 0 1 0 0 1 0 1 4 3 1 3 2 1 1 2 0 0 0 2 1 2 2 1 1 2 1 1 1 2 2 2 1 0 1 1 1 3 2 1 1 1 1 1 1 2 0 2 2 1 0 2 3 0 0 3 2 0 2 3 0 2 1 0 0 0 1 2 1 2 0 4 2 0 1 1 2 0 0 1 2 2 0 4 1 2 1 2 2 1 1 1 1 1 0 1 1 1 0 2 0 1 1 0 1 1 1 1 2 2 1 2 6 2 1 2 0 0 1 2 1 3 1 0 0 1 0 0 1 4 0 2 2 1 2 2 1 1 1 3 0 1 0 2 2 0 1 0 1 2
3 3 0 1 0 2 0 1 0 2 1 2 2 1 2 1 1 1 1 2 1 2 0 1 1 2 1 0 4 1 0 1 2 1 1 0 2 1 0 3 4 1 0 4 4 1 2 1 0 0 1 0 3 3 1 1 1 1 2 4 8 5 0 5 1 1 4 0 0 0 1 2 2 1 1 2 3 1 0 0 1 0 0 0 2 1 1 1 1 0 2 2 1 2 1 0 3 1 1 0 1 1 0 3 3 3 2 0 1 0 2 0 4 2 1 1 0 1 2 2 6 1 1 4 2 2 1 0 4 0 2 1 3 1 1 1 2 0 1 3 0 2 0 1 3 2 1 0 0 1 1 5 1 1 5 2 0 1 0 4 1 3 1 0 1 1 1 0 0 1 3 0 1 0 0 0 0 1 5 1 3 3 0 1 1 1 1 2 1 3 1 0 1 0 1 2 0 0 0 2
2 1 1 2 3 1 0 1 1 1 0 3 1 0 2 1 1 0 1 2 0 0 1 0 1 0 0 4 0 0 1 1 1 0 1 1 0 1 1 0 2 1 1 0 2 2 3 0 0 6 1 2 0 5 2 1 3 3 2 1 1 0 0 2 2 2 1 1 2 0 0 0 0 2 0 1 2 1 2 5 0 1 1 0 1 1 0 1 2 1 1 0 0 2 2 2 2 1 1 1 1 0 5 0 1 2 1 0 1 0 2 0 1 1 0 5 1 3 1 1 1 2 1 1 0 1 1 1 4 0 1 2 0 0 1 1 1 1 3 3 1 2 2 0 0 2 0 0 2 3 1 2 2 1 0 0 2 0 0 2 2 0 2 3 0 2 1 2 0 0 3 0 2 1 0 0 1 1 1 1 1 1 2 0 1 1 2 2 1 0 0 1 0 1 2 3 1 2 1 0
1 4 0 2 3 0 3 1 1 0 1 3 4 2 0 0 0 1 2 1 0 0 2 1 1 4 0 2 1 0 1 1 2 2 0 0 2 0 1 2 1 3 1 0 0 2 0 1 1 2 1 1 3 0 0 1 1 3 1 1 4 1 2 1 2 2 2 1 0 0 0 0 0 1 0 2 1 1 1 1 0 1 0 1 2 1 2 2 1 0 1 2 2 2 1 1 1 1 0 1 0 1 0 0 1 1 1 2 3 1 1 0 4 4 1 1 0 2 2 2 1 2 1 1 1 1 1 0 2 1 2 1 1 2 2 0 2 1 1 1 0 2 1 1 1 1 2 1 1 1 0 2 0 1 1 1 2 1 6 2 0 1 4 2 1 1 1 0 0 1 0 0 1 0 0 1 0 2 1 1 3 1 3 1 0 1 1 1 1 0 2 0 1 3 2 0 0 2 1 0
4 2 0 3 3 1 1 3 0 1 0 0 0 0 0 1 2 3 0 2 2 0 2 1 1 2 2 1 0 1 1 1 1 1 2 2 3 1 1 0 0 4 0 1 2 1 0 1 2 0 1 2 1 2 4 0 2 1 1 0 2 3 2 0 0 0 1 1 0 1 1 2 0 2 3 1 2 0 1 1 2 1 3 1 0 0 1 1 0 2 1 1 0 3 1 1 2 1 2 1 2 1 2 4 1 2 0 2 3 2 4 0 0 0 0 0 0 1 0 0 1 1 1 3 2 0 4 0 2 2 2 2 1 1 0 1 0 1 0 0 0 1 1 3 0 1 4 1 2 2 1 1 1 1 1 0 1 0 1 2 1 1 2 2 2 0 0 3 1 0 0 2 0 0 1 1 2 0 0 3 3 3 1 0 0 2 1 1 0 1 2 2 1 1 0 0 0 2 0 1
1 0 0 0 0 3 2 4 2 0 2 0 1 3 1 1 0 2 4 4 2 0 2 2 1 1 2 2 0 0 0 2 1 0 1 3 2 1 3 0 2 2 1 3 1 1 2 2 1 1 1 1 0 1 3 0 0 1 0 1 2 1 1 6 0 0 1 2 1 1 1 0 3 1 0 0 2 1 1 1 2 2 2 1 1 1 0 1 1 2 1 2 1 0 1 1 0 0 3 2 1 2 2 1 0 0 2 1 1 2 1 1 4 2 1 2 0 2 1 1 2 0 0 2 0 1 2 0 0 2 1 2 0 4 2 2 1 1 3 1 1 0 0 2 2 0 2 0 2 2 2 2 0 0 1 0 2 1 1 0 3 2 0 2 0 0 2 2 0 2 0 1 1 1 5 1 1 0 0 1 2 1 1 0 1 1 0 1 1 1 0 1 2 1 0 1 1 2 1 0
2 1 0 1 2 1 0 0 0 1 0 2 1 0 1 1 5 0 1 1 0 2 0 0 2 0 1 1 1 3 3 4 0 1 1 1 1 0 1 0 2 1 0 3 0 0 1 0 1 2 0 1 0 0 1 3 1 1 0 2 1 2 0 0 1 2 3 0 2 1 0 0 0 3 0 0 2 0 1 3 2 0 2 0 1 1 3 1 8 2 1 0 0 1 1 1 0 1 0 1 2 1 1 0 0 1 0 2 1 1 1 1 1 0 4 1 0 1 1 1 1 1 2 0 0 1 2 0 2 4 1 1 2 0 1 1 2 1 1 1 1 0 0 0 1 2 1 2 2 0 1 2 2 2 0 0 1 1 0 0 3 1 1 1 2 1 0 1 0 1 1 0 1 4 1 1 1 3 1 0 1 3 0 0 0 1 1 2 1 1 2 1 2 1 2 3 2 0 0 0
3 2 2 1 0 2 0 3 0 0 1 1 0 0 0 1 1 1 2 2 0 0 1 3 2 1 2 1 3 0 1 2 1 2 0 1 3 1 2 1 3 2 0 3 1 1 2 3 1 1 1 3 0 1 0 0 0 2 1 2 3 0 0 1 0 1 0 2 1 1 1 2 1 3 0 3 1 1 0 0 0 0 1 0 1 0 0 1 1 2 1 1 1 1 0 2 3 0 2 2 0 1 2 0 2 1 0 1 1 2 3 1 1 1 2 0 2 2 2 1 1 2 3 1 0 1 1 2 1 1 2 1 3 3 1 2 2 1 0 4 3 0 0 0 0 2 5 1 0 3 0 0 0 2 1 0 1 6 2 1 1 0 2 3 1 2 1 1 2 1 1 2 0 0 3 1 3 3 2 1 0 1 2 1 1 0 1 1 0 1 2 0 2 1 1 1 1 1 1 1
2 1 3 0 1 1 3 0 1 1 1 0 1 2 1 2 1 0 0 0 3 1 3 3 3 0 1 3 2 0 2 0 2 1 1 1 3 1 2 3 0 2 1 1 0 1 2 1 3 2 3 2 1 1 1 0 0 3 1 1 0 1 1 0 2 1 1 1 2 1 2 1 0 1 1 2 1 2 1 1 0 1 1 2 2 0 1 1 1 1 0 1 1 2 0 5 0 3 3 0 1 1 0 1 0 1 1 2 2 1 2 1 0 1 0 3 0 1 2 1 1 1 0 2 1 1 3 0 0 1 0 1 0 1 3 1 1 0 1 0 2 1 1 6 1 1 2 2 0 2 2 2 2 0 1 0 0 1 2 1 1 2 3 3 0 5 0 0 2 1 0 0 1 2 3 1 1 3 1 3 1 0 1 0 3 1 0 2 2 1 0 1 2 1 4 1 1 0 1 1
1 0 0 0 0 7 0 1 1 1 1 2 1 1 2 2 0 1 0 2 4 1 0 1 0 2 0 2 3 1 0 1 0 3 2 1 0 1 2 0 1 4 0 1 2 1 0 1 1 1 0 2 2 1 1 1 0 1 3 0 1 0 1 1 1 0 2 3 3 3 1 2 2 0 1 1 1 1 0 0 1 1 1 1 3 2 0 0 1 0 0 3 2 1 1 4 0 0 2 2 1 1 1 1 2 4 1 0 1 1 1 0 0 2 4 3 0 2 3 1 2 0 2 1 1 1 1 0 0 0 2 2 2 1 0 3 0 1 2 0 1 1 1 2 0 1 1 2 3 2 4 1 2 3 0 0 3 1 1 1 0 2 1 0 0 1 2 0 3 2 1 1 0 2 0 2 3 1 1 0 2 1 0 1 1 0 0 1 1 4 3 2 1 0 2 1 0 0 0 3
1 3 4 0 1 3 0 0 1 1 1 2 1 0 0 1 0 0 0 3 0 2 0 2 1 0 12 1 1 1 1 0 1 2 2 2 1 1 2 2 1 1 2 1 1 2 1 0 3 4 1 1 2 0 0 1 2 1 2 2 1 3 1 1 1 2 2 1 0 1 1 0 1 0 4 1 2 2 2 2 3 2 0 2 1 0 0 5 2 1 1 1 0 2 0 1 3 0 1 0 1 2 1 0 1 0 1 2 1 2 0 1 1 5 0 1 5 2 1 0 0 1 2 2 0 2 1 0 1 1 1 0 2 0 0 0 1 0 1 2 0 1 2 0 1 3 1 0 2 1 2 3 0 1 2 1 1 0 1 1 3 0 1 1 2 1 1 0 1 0 0 0 1 1 1 0 1 0 0 0 1 0 1 0 1 3 1 0 1 0 1 1 2 0 0 0 0 0 1 0
1 1 0 2 2 0 0 0 1 0 0 0 2 2 1 0 0 2 2 2 0 2 0 2 1 0 0 1 4 0 1 0 1 2 2 2 0 1 1 2 3 1 1 1 1 0 0 1 0 2 2 1 0 1 1 1 1 1 0 1 0 3 2 1 1 1 1 1 2 1 1 2 0 2 2 1 0 1 1 2 0 1 0 0 1 1 1 1 1 2 1 0 0 1 2 0 0 0 0 2 1 1 3 1 0 1 0 2 0 0 2 1 2 0 4 1 1 1 3 0 1 2 1 3 1 1 0 3 0 2 1 1 6 0 1 1 1 2 2 3 0 3 2 0 0 3 1 3 1 0 1 2 0 1 1 0 0 1 0 1 0 0 3 1 2 1 1 2 0 0 2 0 1 2 1 1 0 0 1 0 1 3 1 1 0 1 1 2 2 4 6 0 0 0 1 0 1 2 1 1
2 0 0 1 1 0 2 1 2 1 2 2 0 1 0 1 0 1 0 1 1 0 2 5 2 0 5 0 0 3 3 1 3 1 2 1 2 1 0 2 0 1 0 0 1 1 0 1 0 2 1 1 2 1 0 0 1 0 1 2 2 0 2 0 0 1 4 1 4 1 0 5 4 2 0 0 0 3 3 1 1 2 0 1 0 1 1 2 3 0 1 0 2 2 0 0 0 2 1 2 1 1 0 2 2 0 2 4 3 0 1 1 0 1 1 1 2 1 0 1 0 0 2 0 1 1 1 1 1 4 2 2 3 0 2 2 0 1 2 1 2 0 1 1 1 2 1 0 0 1 0 2 1 1 0 1 0 1 1 1 0 2 1 2 0 1 1 0 0 0 0 4 1 2 1 1 1 2 1 1 0 1 0 3 1 0 1 2 3 2 1 1 0 1 2 1 0 2 3 1
2 1 0 0 1 0 1 2 3 0 2 1 0 3 1 1 2 2 2 2 0 1 0 0 4 1 4 1 1 1 1 1 4 2 2 0 1 1 3 1 3 2 1 2 1 1 0 2 1 0 1 1 0 1 2 0 1 1 3 3 2 0 1 0 1 1 0 2 0 3 6 2 1 1 2 1 1 1 1 1 0 1 2 1 3 0 0 2 1 1 1 1 0 0 1 1 1 2 2 2 1 1 1 0 1 0 1 1 3 1 1 0 2 3 2 0 1 1 2 3 2 4 3 2 1 1 2 1 0 0 1 3 1 0 2 2 0 1 0 1 3 1 0 0 0 1 2 1 1 1 4 3 0 0 3 1 3 1 2 1 0 1 1 4 1 1 1 2 2 2 1 0 0 1 1 2 1 1 0 1 1 0 0 1 1 1 0 4 0 0 0 0 1 1 1 2 0 2 2 0
2 5 1 2 1 3 1 1 0 1 2 0 0 0 1 1 0 1 1 1 3 2 1 1 0 1 2 1 0 2 2 1 2 1 4 0 1 3 0 1 0 1 2 2 1 0 0 1 0 0 1 2 1 3 1 1 1 0 2 0 1 3 1 1 0 2 0 0 0 1 1 1 3 2 0 0 4 1 1 3 2 0 2 1 2 2 0 2 2 2 0 4 1 1 2 1 0 1 0 0 3 3 1 3 0 1 1 1 1 1 1 3 1 0 0 0 2 2 0 1 0 0 5 2 2 0 1 1 1 1 2 0 1 0 2 1 4 1 2 0 1 1 1 0 1 2 2 0 2 1 4 4 0 1 2 1 1 1 2 2 2 1 1 3 2 2 3 0 2 2 0 1 1 1 2 2 1 1 1 2 1 2 1 0 2 2 4 0 0 2 2 2 1 1 2 2 2 3 2 4
1 0 3 0 2 5 2 2 2 0 2 2 1 1 1 0 1 4 2 1 2 2 1 0 3 0 1 2 2 0 2 1 2 1 1 1 1 0 1 0 3 1 1 1 1 4 1 0 2 0 0 1 1 2 1 1 2 2 1 2 2 0 3 1 0 0 1 1 0 1 1 3 1 0 2 0 1 0 2 1 1 3 0 1 6 0 3 2 0 1 0 1 1 0 2 2 1 2 1 0 2 1 0 3 2 2 1 1 0 4 1 2 1 2 0 3 0 6 0 6 1 1 1 1 2 0 0 1 2 0 2 2 1 0 1 2 1 0 2 4 2 1 0 1 3 3 1 1 1 2 4 1 1 2 0 0 0 0 0 1 2 0 2 2 2 2 1 0 1 1 1 1 1 1 1 1 1 0 1 1 0 2 1 1 2 3 0 0 0 0 2 0 4 3 4 1 1 1 1 3
1 1 1 0 0 2 2 0 0 0 1 4 0 0 0 2 2 0 1 0 1 5 0 1 0 0 0 1 1 0 0 2 1 0 6 2 2 2 1 0 1 1 2 4 1 1 2 0 1 3 0 1 0 2 2 1 2 0 1 1 1 1 0 1 1 1 2 4 3 2 0 0 0 2 1 2 1 0 2 2 0 1 1 1 1 1 0 1 1 1 1 1 0 2 3 1 1 1 1 0 0 1 3 3 1 0 2 1 2 0 1 0 2 0 0 1 0 2 2 1 1 1 2 0 3 1 1 2 0 1 2 0 2 2 0 2 1 0 0 3 0 3 3 1 3 2 3 1 1 0 1 1 0 2 1 0 0 0 2 2 1 0 3 2 1 1 3 2 0 2 3 0 4 3 3 0 0 1 1 1 1 1 4 0 4 2 0 2 0 0 1 1 0 1 1 1 2 1 0 2
2 4 2 2 4 1 2 0 4 1 2 3 1 1 1 1 1 2 1 2 3 0 1 1 0 1 1 3 1 1 1 1 0 0 2 1 4 0 3 2 0 2 1 1 1 1 1 0 1 1 1 1 7 0 3 1 1 2 0 1 1 2 1 2 2 0 0 0 1 3 2 3 3 1 0 1 2 4 2 1 2 1 0 2 2 2 1 0 5 1 1 2 1 1 1 0 0 1 2 2 2 0 3 6 0 3 2 0 0 0 1 0 0 0 0 3 1 1 2 2 1 0 2 4 1 1 2 3 1 0 0 2 12 0 0 1 1 1 3 1 1 1 0 0 2 2 3 1 2 2 3 1 1 6 1 0 3 0 1 1 1 1 1 0 0 1 0 0 0 1 2 2 4 0 1 0 2 2 0 2 2 0 3 1 6 1 0 2 2 1 0 1 2 1 1 0 0 1 1 2
6 1 0 0 1 0 1 1 0 1 0 2 1 1 0 2 1 0 1 1 0 3 1 0 1 2 0 5 0 2 0 2 1 1 2 2 0 1 2 0 0 1 2 1 1 3 2 1 1 2 0 0 0 1 1 2 3 2 2 0 2 3 0 0 1 0 1 1 1 2 2 1 0 2 0 0 2 1 3 1 0 1 1 2 0 0 1 1 0 0 1 2 0 1 0 0 0 1 1 2 1 0 2 1 0 1 1 1 1 3 1 0 2 1 0 2 0 0 3 2 2 0 3 0 0 1 2 3 0 2 2 0 0 0 1 3 3 2 1 0 1 1 1 2 0 2 1 0 0 1 1 0 3 1 0 1 1 2 1 1 2 0 1 0 1 1 2 1 3 0 0 0 1 1 0 1 0 2 1 1 0 1 2 1 0 1 0 2 0 1 1 0 2 1 2 0 0 0 1 1
0 1 2 1 2 1 0 2 1 1 0 0 1 2 0 3 3 2 5 1 2 1 1 1 2 5 2 2 2 1 0 0 0 1 1 1 0 3 1 1 1 1 1 1 0 1 2 0 1 1 1 1 0 0 0 2 1 1 3 2 1 2 3 3 0 1 2 1 2 1 2 1 0 3 0 1 12 1 0 2 0 2 1 0 0 1 1 0 1 1 0 1 1 4 1 2 1 4 2 4 1 1 1 1 1 1 2 4 0 1 0 1 3 1 1 8 0 1 2 2 1 1 0 2 2 1 2 1 1 1 1 2 1 2 3 1 1 1 3 1 1 2 0 2 3 5 0 1 0 1 2 4 0 2 1 1 9 0 0 3 2 1 2 1 0 1 0 2 1 1 2 1 1 0 1 0 1 1 2 2 2 2 1 2 0 0 1 1 4 0 2 2 0 3 1 0 0 1 2 1
0 1 0 2 0 0 1 1 0 0 3 1 2 2 0 4 0 0 0 1 2 1 0 3 1 0 0 2 2 0 2 1 1 0 2 0 1 2 4 2 1 1 0 1 1 1 0 1 2 0 2 0 0 2 3 1 1 1 1 2 0 1 0 1 2 0 5 2 1 0 0 1 0 0 4 5 2 0 1 2 1 0 0 2 1 2 1 1 2 2 2 1 1 0 2 1 1 0 0 1 2 3 1 1 0 2 0 1 2 0 0 1 3 0 1 2 1 1 0 0 2 1 3 2 1 2 1 2 0 0 0 0 3 1 1 0 2 1 2 0 3 2 2 0 1 0 0 1 1 2 1 2 0 0 1 1 0 0 0 1 0 1 1 1 2 1 0 0 3 0 1 1 0 2 0 1 3 1 1 1 1 1 0 0 0 1 1 1 3 1 1 1 3 0 2 3 2 2 1 4
2 0 1 1 1 3 3 2 0 2 2 0 0 3 0 2 3 1 2 3 0 0 1 2 0 1 3 1 1 0 2 1 1 1 1 0 1 1 5 0 0 1 0 0 2 0 1 2 2 2 1 1 1 1 2 1 1 0 0 1 1 1 1 1 2 0 4 2 2 0 0 1 0 2 0 2 2 0 0 1 0 1 1 1 2 1 1 1 1 2 0 0 2 2 0 4 2 1 1 0 0 0 1 2 1 2 0 2 1 1 2 2 0 1 2 0 2 0 1 0 2 0 1 1 1 1 1 3 1 2 3 1 1 1 0 1 1 0 1 0 0 1 6 1 1 0 3 0 0 0 1 1 1 2 0 2 2 2 1 4 2 2 2 0 1 2 1 1 1 4 0 2 0 2 1 2 2 0 0 2 1 4 2 0 1 2 1 2 4 1 1 2 1 2 0 2 0 1 2 1
0 1 1 0 3 1 1 1 0 0 2 1 2 1 2 1 1 1 2 1 0 2 1 4 1 0 1 2 3 1 2 1 2 1 2 1 2 1 0 0 1 1 0 1 1 3 1 1 3 0 2 1 1 0 1 2 1 1 0 0 0 0 1 4 1 1 2 0 2 1 2 4 1 1 2 0 2 0 1 2 2 0 0 1 2 0 0 0 0 0 0 0 1 1 1 0 1 1 2 2 0 0 0 0 1 0 1 2 2 0 1 3 1 0 0 2 1 2 0 2 2 1 1 0 4 0 0 9 1 2 3 0 1 0 3 0 1 0 1 3 3 0 1 0 2 2 1 2 2 0 0 0 1 1 1 1 1 0 2 1 0 1 0 1 1 2 1 1 1 1 2 2 1 0 2 3 0 0 1 3 1 1 1 0 0 1 2 2 1 1 0 0 0 3 2 0 1 0 0 3
1 1 2 1 1 1 4 1 0 0 1 1 0 2 1 0 1 3 2 1 1 2 5 2 0 1 0 1 1 1 1 2 1 2 0 1 0 0 1 2 2 0 1 1 1 0 1 2 4 3 2 1 0 0 4 2 3 0 0 1 2 1 0 3 2 0 2 2 3 1 0 1 2 2 3 1 2 0 0 1 3 1 2 0 0 3 3 4 1 0 3 1 2 5 1 2 1 1 0 2 2 1 0 2 5 0 1 0 1 2 1 0 0 1 0 1 0 2 0 0 2 1 1 0 2 2 4 0 1 0 1 2 1 0 3 2 1 2 1 0 0 0 1 2 2 2 1 1 1 3 0 6 1 0 1 3 1 1 0 0 1 1 2 1 2 2 2 2 0 4 2 1 2 1 0 1 0 0 1 2 1 1 0 0 1 0 0 2 1 2 0 0 0 2 0 1 0 2 0 1
1 2 0 2 0 1 5 1 2 2 1 2 0 2 0 1 3 0 1 0 1 2 0 0 0 1 1 0 0 1 2 0 0 3 1 3 2 1 1 1 1 1 1 0 2 2 3 1 2 0 0 0 0 2 3 0 1 0 0 0 1 1 0 0 2 1 3 0 2 1 0 1 1 1 2 0 1 1 1 1 4 2 1 1 3 2 0 0 1 2 2 0 3 1 2 0 2 1 0 0 0 0 0 2 0 1 1 1 1 0 3 1 2 0 1 1 0 1 2 1 7 2 1 0 0 2 1 3 1 1 1 2 1 0 0 1 1 1 1 1 1 0 2 2 2 0 0 3 2 1 2 1 2 2 3 0 1 0 2 1 0 0 1 1 1 1 2 3 1 1 2 1 3 0 0 2 2 2 2 0 1 0 0 0 2 2 2 3 1 1 1 0 1 2 1 0 2 0 1 1
0 2 0 1 2 1 2 2 2 0 0 0 1 3 2 1 0 3 1 3 1 0 1 1 0 1 0 1 2 0 2 2 0 0 2 1 1 1 1 0 2 1 0 0 0 2 1 1 2 2 1 0 0 1 0 0 0 1 0 0 0 2 0 1 1 1 1 1 3 2 0 1 2 1 1 2 0 0 0 1 1 0 1 3 1 0 1 1 0 1 3 0 0 0 1 0 0 1 0 1 2 2 2 1 1 1 1 3 1 1 0 0 2 0 0 4 1 2 1 2 1 0 2 1 2 2 1 2 0 2 0 0 0 5 2 1 1 2 3 1 1 0 2 1 0 1 2 1 1 0 0 0 3 1 0 0 1 1 1 2 2 1 1 3 2 1 0 1 0 3 1 0 0 1 0 1 1 0 1 0 1 1 0 1 1 3 2 2 1 0 1 1 2 1 2 0 0 1 0 2
1 0 3 1 1 3 0 1 0 2 2 1 0 1 1 1 1 1 3 2 0 2 1 2 1 1 2 2 0 0 2 4 0 2 1 0 3 4 1 1 1 1 2 0 1 2 2 2 1 2 1 0 0 1 1 2 2 0 2 0 1 1 1 1 2 1 1 3 1 2 1 0 0 1 1 1 0 2 2 1 2 0 2 0 1 1 0 1 1 4 2 0 0 2 3 2 3 1 1 3 0 1 3 2 0 2 1 4 1 2 0 2 3 0 1 1 1 1 2 1 3 3 2 1 0 1 0 4 0 1 1 2 1 1 1 0 3 4 2 2 3 1 1 0 1 0 0 0 3 1 1 2 1 1 1 0 0 2 1 1 1 1 1 0 1 1 1 1 2 2 2 1 1 2 2 0 0 1 0 0 1 1 3 0 1 1 0 4 3 2 2 1 1 4 1 3 1 1 2 0
