150
89 40 80 62 134 70 28 149 16 37 94 39 103 32 38 151 89 60 60 107 131 56 1 110 69 108 27 92 80 84 125 110 49 123 107 117 136 106 65 138 85 104 65 6 22 82 93 122 129 9 67 119 86 3 34 129 64 62 1 109 146 40 142 75 64 64 47 103 97 120 78 113 48 72 59 136 48 78 134 71 27 103 142 6 41 145 108 97 73 80 24 47 79 128 143 143 76 77 60 47 83 37 62 17 9 117 10 79 9 16 118 143 19 97 5 98 87 8 126 87 90 87 70 1 149 69 129 75 36 41 98 136 29 7 109 89 48 43 61 105 139 115 16 49 40 65 100 51 89 51
0 1 0 0 0 0 0 1 2 0 1 0 0 0 0 2 0 0 0 1 0 1 0 1 0 1 1 3 2 0 0 2 1 0 0 1 0 1 2 1 0 1 0 0 0 1 1 1 0 0 1 0 0 1 0 0 1 0 0 1 0 0 1 0 0 1 0 0 0 0 0 0 1 0 1 0 2 1 0 1 0 1 1 0 1 2 0 1 0 1 1 1 1 1 1 1 0 0 0 0 1 0 2 2 2 0 0 1 2 0 0 2 1 1 1 0 0 0 1 1 1 2 1 2 1 0 0 0 0 1 1 1 1 0 1 0 0 0 1 0 0 1 0 1 2 0 0 1 0 1
1 0 1 0 1 2 0 1 1 1 0 2 0 0 2 0 2 0 0 0 1 0 1 0 1 0 0 2 1 0 0 0 0 1 0 0 0 0 1 0 0 1 1 0 0 0 1 0 3 0 0 0 0 0 1 0 0 1 0 2 0 1 0 0 0 1 0 0 1 1 0 0 0 1 0 2 1 1 0 0 0 0 0 1 0 0 0 1 1 0 0 1 2 0 2 1 1 0 0 1 0 2 0 0 0 0 1 0 1 0 2 0 1 1 0 0 0 1 2 0 2 1 1 2 1 1 3 0 1 0 1 1 1 1 1 0 0 0 0 2 0 1 0 1 1 0 1 1 2 1
0 1 0 0 1 0 0 2 0 1 1 0 1 0 1 0 0 1 0 0 1 1 1 0 2 1 2 1 1 1 0 0 0 0 0 1 1 0 0 0 0 0 1 1 1 0 1 1 1 0 0 0 0 1 1 1 1 0 1 0 1 0 0 0 1 0 0 0 0 0 1 0 0 2 2 1 1 1 1 0 1 0 1 2 1 0 2 0 0 0 1 1 2 1 1 0 0 1 0 0 1 1 1 0 0 0 0 1 1 1 0 0 0 0 1 0 0 0 1 1 0 0 1 1 0 1 0 0 0 0 1 1 0 1 0 0 2 1 1 0 1 0 1 1 2 0 0 0 0 1
0 0 0 0 0 0 0 2 1 1 0 0 1 1 0 2 1 1 1 2 0 1 0 0 0 1 0 2 0 1 0 0 1 0 1 0 0 1 0 1 1 0 1 0 1 0 0 1 0 1 0 0 1 0 1 1 1 1 1 0 0 0 0 1 1 0 2 1 1 0 1 2 1 1 0 0 0 1 1 1 0 0 1 0 1 1 2 1 0 0 1 2 1 2 1 1 2 0 0 0 1 0 0 2 3 0 0 0 0 0 2 0 0 1 0 0 0 0 1 1 1 1 2 0 2 0 0 0 1 0 2 1 0 1 1 2 1 0 1 0 1 0 2 0 1 0 0 1 0 0
0 1 1 0 0 0 0 0 1 2 1 2 1 1 0 1 0 0 0 0 3 1 0 0 2 1 0 1 0 0 0 2 2 1 1 0 1 1 2 0 1 1 0 0 0 0 0 1 0 0 1 1 1 2 1 1 1 0 1 0 0 2 2 1 1 1 0 2 1 0 1 0 1 1 0 0 0 1 1 0 1 0 0 0 0 0 1 2 1 1 2 1 2 0 0 0 0 2 0 1 2 0 0 0 2 1 1 1 1 0 1 1 1 1 1 0 2 1 0 0 0 1 0 1 0 1 0 1 1 0 0 1 0 0 0 0 1 0 2 0 1 1 1 1 0 1 0 0 1 0
0 2 0 0 0 0 1 2 2 0 2 0 0 0 0 2 1 0 0 1 1 2 1 0 1 0 1 0 1 1 1 1 0 0 1 1 2 1 0 0 0 1 0 1 0 1 0 0 0 2 1 1 0 0 2 2 0 3 1 1 0 0 0 2 2 0 2 1 1 1 1 0 0 2 0 1 1 1 0 1 1 0 0 0 0 0 0 0 2 0 0 1 1 0 1 1 1 0 0 0 1 1 0 0 0 0 0 1 0 0 1 1 0 0 0 0 0 1 0 1 0 1 0 0 1 0 0 0 1 2 1 0 0 0 0 0 0 0 0 2 1 2 0 3 1 0 0 2 3 0
0 0 0 0 0 1 0 0 0 0 1 0 0 0 0 0 0 0 0 3 1 1 0 0 1 1 1 2 1 0 0 1 1 1 1 2 0 1 1 0 0 1 1 0 2 0 0 1 1 0 0 1 0 1 0 0 0 0 1 1 0 1 2 1 0 0 1 0 0 0 0 1 1 2 2 1 1 2 0 2 1 1 1 1 1 1 1 0 2 3 0 2 1 1 0 1 0 1 0 1 0 0 1 0 1 1 1 2 0 1 1 0 1 1 2 1 0 2 0 1 2 0 1 1 0 1 1 0 1 1 0 0 0 1 0 1 0 0 0 2 1 1 2 2 0 2 1 2 0 1
1 1 2 2 0 2 0 0 0 1 0 1 2 0 0 1 0 2 1 1 0 0 0 0 2 0 1 1 0 1 0 0 0 1 1 0 1 2 0 1 1 1 2 1 0 1 0 1 0 1 3 0 0 2 0 0 0 0 0 0 0 0 0 1 0 0 1 0 0 0 1 0 1 0 2 1 0 2 1 0 0 1 0 1 2 1 0 2 1 0 1 0 1 0 1 1 1 0 0 0 2 0 0 0 3 0 0 0 0 1 0 0 2 1 2 0 1 1 2 2 1 1 1 1 1 1 2 1 1 1 0 0 1 0 1 0 0 0 1 2 1 0 1 0 0 1 0 2 1 0
2 1 0 1 1 2 0 0 0 0 1 1 0 0 0 2 0 0 1 0 2 1 0 0 1 1 1 1 0 0 0 0 1 0 0 1 1 1 1 0 0 0 1 1 1 0 0 0 1 3 0 1 1 1 1 1 2 0 1 0 1 2 0 2 1 0 0 1 0 0 0 0 1 1 0 1 0 0 0 2 2 0 1 0 0 1 1 1 0 1 0 0 2 3 2 0 0 1 0 1 1 2 2 1 2 0 1 1 2 1 1 0 2 1 2 0 1 0 0 0 0 0 0 0 0 0 0 0 1 1 1 0 0 0 1 0 1 1 1 0 0 0 0 1 0 0 0 0 1 2
0 1 1 1 2 0 0 1 0 0 1 0 2 1 0 0 1 1 1 1 0 0 0 1 1 2 1 1 0 1 1 0 0 1 0 2 0 1 0 1 1 1 1 0 0 0 1 0 0 0 1 0 0 0 0 0 1 1 1 0 1 0 2 1 0 1 3 1 0 2 1 2 0 2 3 0 0 0 0 1 1 0 1 1 1 0 0 0 0 2 0 0 1 1 0 0 2 1 2 1 0 1 0 0 1 0 0 0 0 1 0 1 0 1 0 1 0 2 1 0 0 1 1 1 1 0 0 1 0 0 0 0 0 1 2 0 0 1 3 1 0 0 1 0 1 0 0 1 0 1
1 0 1 0 1 2 1 0 1 1 0 1 0 0 0 1 0 0 1 1 0 0 0 0 0 0 1 1 0 1 0 1 1 0 0 2 1 1 0 1 0 1 2 0 1 2 2 0 0 1 2 2 0 0 1 0 0 0 0 0 0 1 0 0 1 1 2 1 0 0 0 1 2 2 1 0 1 0 1 0 0 0 0 2 0 0 0 0 0 2 0 0 0 1 0 1 2 0 0 0 0 1 1 0 0 1 1 0 0 1 2 2 0 2 0 2 0 1 0 2 0 2 1 0 0 0 1 1 1 0 0 0 2 1 1 0 1 1 0 0 1 0 1 0 1 0 0 0 0 1
0 2 0 0 2 0 0 1 1 0 1 0 0 1 1 1 1 2 0 0 0 1 0 0 0 1 1 0 0 0 1 1 1 1 0 0 0 0 2 1 0 2 1 2 1 1 0 2 1 0 0 2 1 2 0 0 0 1 1 1 1 0 1 1 0 0 2 2 1 0 2 0 2 1 0 1 2 0 1 0 1 2 0 2 0 0 0 0 1 1 0 0 0 0 0 0 1 1 0 0 0 1 1 2 0 3 0 0 2 0 1 0 2 1 0 1 0 1 0 1 0 0 2 1 1 1 1 0 2 1 2 1 0 1 2 0 1 1 0 0 2 0 1 0 1 2 0 1 1 1
0 0 1 1 1 0 0 2 0 2 0 0 0 0 0 1 0 0 0 2 1 0 1 2 0 1 0 1 0 2 1 0 1 0 0 0 1 1 1 0 0 0 1 0 0 1 0 1 1 0 2 0 1 0 0 1 1 0 0 0 1 0 1 1 2 0 0 0 0 1 0 2 1 0 0 2 1 0 1 0 1 2 0 0 1 0 1 0 1 0 1 1 0 1 0 1 2 1 2 0 0 0 0 2 1 1 0 0 0 0 2 1 0 0 1 0 0 1 0 0 0 0 0 0 1 0 0 0 1 1 1 1 0 0 0 1 0 0 1 0 0 1 0 0 1 0 0 0 0 1
0 0 0 1 1 0 0 0 0 1 0 1 0 0 2 0 1 0 1 0 1 0 0 0 2 0 1 0 1 1 3 0 0 0 1 2 1 1 2 0 1 0 0 2 1 0 0 0 1 2 1 0 2 1 0 0 0 1 0 1 1 0 1 1 1 2 0 1 1 2 1 2 1 0 0 0 1 1 1 2 2 0 0 1 1 0 1 0 2 2 1 2 2 1 1 0 0 0 0 0 2 1 1 0 1 0 0 1 1 0 1 1 0 2 0 1 2 2 0 0 2 1 0 1 0 1 0 2 1 1 1 0 1 1 2 0 0 1 0 2 2 2 2 1 0 1 0 2 2 1
0 2 1 0 0 0 0 0 0 0 0 1 0 2 0 0 0 0 0 1 1 1 0 1 1 0 0 2 1 0 1 0 0 1 0 0 1 0 1 1 2 1 0 1 0 3 0 0 0 2 0 0 0 1 0 2 1 1 1 1 1 1 1 0 1 0 1 0 0 0 1 2 1 0 0 0 0 1 0 2 1 1 1 0 3 0 2 1 1 2 1 0 0 1 0 1 2 0 1 1 0 0 2 1 0 0 1 0 1 1 0 0 1 1 1 0 1 0 0 1 0 0 1 1 0 1 1 1 1 0 1 1 0 0 1 2 0 1 1 0 0 0 1 1 0 0 0 0 2 0
2 0 0 2 1 2 0 1 2 0 1 1 1 0 0 0 0 1 1 0 0 0 1 1 0 0 2 0 1 1 0 0 0 0 0 0 0 0 1 1 2 1 1 0 1 0 0 0 0 0 2 1 0 0 0 0 0 0 1 0 1 0 1 0 0 1 0 2 0 2 0 1 1 1 1 0 0 1 1 1 0 0 1 0 3 1 1 0 0 0 1 2 1 2 0 1 0 0 1 1 0 1 1 0 1 1 1 1 1 0 0 0 0 0 1 0 2 0 1 1 1 1 1 0 1 2 0 2 1 2 0 0 0 0 0 1 1 1 1 0 0 0 1 1 0 0 2 1 1 0
0 2 0 1 0 1 0 0 0 1 0 1 0 1 0 0 0 0 1 0 1 1 1 0 0 1 0 0 0 1 1 2 3 1 0 1 0 1 1 1 1 0 1 1 1 0 0 1 0 0 0 0 1 1 1 1 0 1 0 1 0 2 0 1 0 0 0 0 1 1 1 1 1 0 1 1 1 2 2 1 0 0 1 2 0 1 1 1 1 0 1 2 1 0 1 1 0 1 0 0 0 1 2 1 1 0 0 0 0 0 2 0 2 1 0 0 0 1 0 0 1 0 2 1 0 1 0 2 1 1 1 0 1 0 0 2 1 1 1 0 0 0 0 1 2 0 1 1 0 1
0 0 1 1 0 0 0 2 0 1 0 2 0 0 0 1 0 0 0 0 1 1 0 0 1 1 0 0 1 0 0 0 1 3 2 1 0 0 1 1 1 0 0 1 1 0 1 0 0 1 0 1 1 2 0 0 1 1 0 2 1 0 2 1 0 0 0 1 0 0 0 1 2 0 0 0 1 0 0 0 1 0 1 1 2 0 1 0 1 0 2 2 0 0 2 1 0 0 0 0 0 0 2 0 0 3 1 0 1 0 0 0 0 2 1 1 0 0 1 3 1 1 0 2 1 0 1 0 0 0 0 0 0 0 0 1 1 1 0 0 1 0 0 0 1 0 0 1 0 1
0 0 0 1 0 0 0 1 1 1 1 0 0 1 0 1 1 0 0 1 0 1 0 0 1 3 1 2 1 0 0 0 0 0 1 0 0 0 0 3 1 1 1 0 1 1 2 0 0 1 1 0 2 1 1 1 0 0 1 2 0 1 1 0 0 0 1 1 1 1 1 0 1 0 0 2 1 0 0 1 0 0 1 0 1 1 0 1 2 0 2 0 1 0 0 1 1 1 0 1 1 1 0 0 0 1 0 0 1 1 0 1 1 0 0 0 0 1 1 0 0 1 2 1 0 1 0 1 2 0 1 0 2 0 1 1 0 1 1 0 0 0 1 0 0 0 0 1 0 1
1 0 0 2 0 1 3 1 0 1 1 0 2 0 1 0 0 0 1 0 0 2 0 0 1 0 1 0 1 2 0 0 0 1 0 2 0 0 0 2 1 0 1 2 1 0 0 0 0 2 1 1 1 1 1 0 1 1 1 0 1 0 0 2 1 0 0 1 0 2 1 1 2 0 1 1 1 1 0 0 1 0 0 0 0 2 0 1 0 2 1 0 0 0 1 0 0 0 0 0 0 1 1 0 1 1 0 2 0 0 0 1 3 1 1 1 1 0 1 2 1 0 0 0 0 0 0 0 0 0 0 1 0 1 0 0 0 1 2 1 0 1 0 0 0 1 1 1 0 0
0 1 1 0 3 1 1 0 2 0 0 0 1 1 1 0 1 1 0 0 0 1 2 1 1 1 0 2 1 0 1 1 1 0 0 1 1 1 0 0 2 2 2 0 1 1 0 0 0 0 0 2 3 0 2 2 1 0 1 0 0 0 0 0 0 0 2 2 0 2 0 0 0 0 0 0 1 1 1 0 1 1 0 1 0 2 1 0 1 0 1 0 2 0 0 0 0 0 1 2 2 0 0 1 1 1 0 1 0 1 1 0 0 1 3 0 2 0 0 0 0 0 1 0 0 0 1 1 0 0 0 1 1 0 1 1 1 1 0 0 3 0 1 2 1 0 1 1 0 1
1 0 1 1 1 2 1 0 1 0 0 1 0 0 1 0 1 1 1 2 1 0 0 2 1 0 0 1 1 0 1 1 0 0 1 1 0 2 1 2 0 0 1 1 0 1 0 0 0 0 1 1 1 1 0 0 1 2 0 0 1 0 0 1 1 0 1 1 1 2 0 2 1 1 1 0 0 0 1 0 1 0 2 1 0 1 0 1 1 1 0 0 1 0 2 0 1 0 0 0 0 1 1 0 1 0 0 1 0 3 1 0 1 2 0 0 2 1 1 1 0 1 0 1 0 1 0 2 0 0 0 0 0 2 1 2 0 1 2 0 2 2 1 1 0 0 0 0 1 2
0 1 1 0 0 1 0 0 0 0 0 0 1 0 0 1 1 0 0 0 2 0 0 0 0 0 1 1 0 0 0 0 1 1 0 0 0 1 2 1 1 0 2 1 0 1 0 0 2 0 0 0 2 0 1 1 2 1 2 0 1 0 0 3 1 0 2 1 1 1 0 0 1 0 0 0 0 1 0 3 1 0 0 0 0 1 0 1 0 0 0 1 1 0 0 1 0 1 1 1 0 0 3 1 2 0 0 1 0 0 1 1 0 0 1 0 0 0 1 2 2 0 1 0 1 1 1 0 1 0 0 1 0 0 0 1 0 1 0 0 2 0 0 0 0 1 1 1 0 0
1 0 0 0 0 0 0 0 0 1 0 0 2 0 1 1 0 0 0 0 1 2 0 0 1 0 1 0 1 1 1 1 0 0 0 1 1 2 1 0 2 1 1 0 2 0 0 1 0 1 0 0 2 0 1 0 1 2 1 2 2 0 1 1 1 1 2 1 1 0 2 2 1 0 0 2 0 0 1 1 1 1 0 2 0 0 0 0 0 1 0 0 0 2 1 0 0 1 2 0 0 0 1 0 0 2 1 0 0 0 1 1 1 0 1 1 0 1 0 1 0 1 0 1 0 1 0 1 1 1 1 0 0 2 0 2 1 1 0 1 0 2 2 1 0 1 1 2 0 0
0 1 2 0 2 1 1 2 1 1 0 0 0 2 1 0 0 1 1 1 1 1 0 1 0 0 1 1 1 3 1 1 1 1 1 0 0 0 1 2 2 1 0 0 1 1 1 0 0 0 0 0 0 0 0 1 1 1 0 2 0 2 1 1 0 1 0 1 2 1 1 1 1 1 0 0 0 0 1 0 0 2 0 0 1 1 1 0 1 1 0 0 1 0 1 0 0 0 0 0 1 1 0 0 1 1 0 0 0 0 1 0 0 0 1 2 1 0 0 0 0 1 1 1 1 0 2 2 1 0 0 0 0 0 1 0 0 0 0 0 2 0 1 1 1 0 2 0 0 1
1 0 1 1 1 0 1 0 1 2 0 1 1 0 0 0 1 1 3 0 1 0 0 0 0 0 3 0 0 1 1 1 1 0 0 0 2 2 1 0 2 2 0 0 0 0 1 0 0 1 0 1 1 0 1 0 1 1 0 2 0 1 0 0 0 2 0 0 1 1 0 0 0 1 1 0 0 1 1 1 1 1 0 0 1 2 0 1 0 1 0 0 0 0 0 1 1 1 1 2 0 0 0 1 0 0 1 0 0 2 0 0 0 0 1 0 2 1 2 0 0 1 1 1 1 0 1 0 1 1 1 1 0 1 1 0 0 0 1 0 0 2 0 0 2 0 1 1 0 0
1 0 2 0 0 1 1 1 1 1 1 1 0 1 0 2 0 0 1 1 0 0 1 1 1 3 0 2 0 0 0 0 0 0 2 1 0 0 1 0 0 1 1 0 1 0 0 1 1 2 1 1 0 1 0 1 1 0 1 0 2 0 0 0 2 0 0 0 1 1 0 2 2 1 1 2 0 1 1 1 0 1 0 1 0 0 0 2 0 0 0 0 1 0 0 0 1 0 1 1 1 0 0 0 1 0 1 1 1 1 1 0 3 1 0 1 1 0 1 1 1 0 0 0 1 0 1 0 1 0 0 0 1 1 1 0 0 0 0 0 0 2 0 1 0 0 0 0 1 0
3 2 1 2 1 0 2 1 1 1 1 0 1 0 2 0 0 0 2 0 2 1 1 0 1 0 2 0 0 0 0 1 0 0 0 2 0 0 1 0 1 1 0 0 1 0 1 1 0 1 1 2 1 0 0 0 0 0 0 0 1 0 0 0 1 0 0 0 0 1 0 0 0 0 0 1 1 1 1 0 0 1 1 0 0 2 0 0 0 0 1 1 1 0 1 0 0 0 0 0 1 0 0 1 1 0 0 0 0 0 0 0 0 2 0 1 2 0 0 0 0 1 0 1 1 0 0 1 1 0 1 1 0 1 1 0 1 0 0 0 1 1 1 1 0 1 1 0 2 0
2 1 1 0 0 1 1 0 0 0 0 0 0 1 1 1 0 1 1 1 1 1 0 1 1 0 0 0 0 0 1 0 0 0 1 0 1 1 0 1 1 1 0 1 2 1 0 0 1 0 1 0 0 1 1 0 0 0 0 2 0 1 0 0 1 0 1 1 0 1 0 0 1 0 1 1 0 0 1 2 0 0 0 0 1 0 0 0 1 1 1 1 0 1 1 1 0 0 1 1 0 0 1 2 0 0 0 0 1 0 1 0 0 1 1 0 1 2 1 1 3 0 1 0 0 0 0 0 2 1 1 0 0 0 1 0 1 1 1 2 1 0 1 2 0 2 2 0 1 0
0 0 1 1 0 1 0 1 0 1 1 0 2 1 0 1 1 0 0 2 0 0 0 1 3 1 0 0 0 0 0 0 0 1 1 1 1 1 1 1 1 2 2 0 1 0 1 1 2 0 0 0 3 0 2 2 0 0 1 1 1 0 0 0 0 2 0 0 0 3 0 1 0 1 3 1 1 0 0 1 1 1 2 1 3 1 1 0 1 1 0 2 1 0 0 1 1 1 1 0 1 1 1 1 2 0 0 0 1 0 1 1 1 0 1 1 2 1 0 0 0 0 1 1 0 1 2 0 2 0 0 1 1 3 1 1 0 0 0 1 1 0 1 0 0 1 0 2 0 0
0 0 0 0 0 1 0 0 0 1 0 1 1 3 1 0 1 0 0 0 1 1 0 1 1 1 0 0 1 0 0 0 0 0 0 1 0 1 0 0 1 0 0 0 0 1 0 1 1 0 0 0 0 1 0 0 0 0 0 2 1 0 0 0 2 0 0 0 0 0 1 1 0 0 1 1 0 0 1 1 0 0 2 0 2 1 1 0 1 1 1 0 0 0 1 1 0 1 0 0 2 2 0 0 0 0 1 0 0 1 0 0 1 0 0 0 0 0 0 2 0 0 2 1 1 1 0 0 0 0 1 1 0 1 0 0 0 1 0 0 0 0 0 0 0 1 0 2 2 0
2 0 0 0 2 1 1 0 0 0 1 1 0 0 0 0 2 0 0 0 1 1 0 1 1 1 0 1 0 0 0 0 1 1 1 1 2 1 0 1 1 0 2 1 0 0 0 0 0 2 0 2 0 0 1 0 0 1 1 1 0 1 2 1 1 1 0 0 0 1 1 0 1 1 1 0 2 1 0 0 2 0 0 1 0 1 0 0 0 0 1 1 1 2 0 0 2 1 2 1 0 0 1 0 2 2 1 1 1 0 0 2 1 0 0 1 1 1 0 1 1 1 1 0 2 0 1 1 1 0 1 0 1 0 1 1 0 0 0 0 0 1 1 0 1 1 1 0 0 0
1 0 0 1 2 0 1 0 1 0 1 1 1 0 0 0 3 1 0 0 1 0 1 0 1 1 0 0 0 0 0 1 0 0 0 1 1 0 1 0 2 0 0 1 2 0 0 0 0 2 1 0 0 1 0 0 0 1 0 1 0 0 1 0 0 0 1 1 0 1 0 0 1 1 0 2 1 0 0 2 0 1 1 0 2 0 2 0 0 0 1 0 0 0 0 0 0 0 0 0 1 1 1 0 1 0 1 0 0 1 0 0 0 1 0 0 0 0 1 1 0 0 0 1 2 1 0 0 1 0 0 0 1 0 1 1 1 0 0 0 1 0 0 0 0 0 1 0 2 1
0 1 0 0 1 0 1 1 0 1 0 1 0 0 1 0 1 3 0 1 0 0 1 0 1 0 0 0 0 1 0 1 0 0 1 0 1 0 0 0 0 1 0 1 1 1 0 1 2 1 0 0 2 0 0 0 2 0 0 0 1 0 2 0 0 0 1 1 1 1 2 0 0 0 0 3 0 0 1 2 0 1 1 0 1 0 0 0 1 0 0 1 1 0 0 1 1 0 2 1 2 0 1 0 1 0 1 1 1 1 0 0 1 0 1 0 0 1 0 1 0 0 0 1 0 0 1 0 0 0 2 0 0 1 2 0 0 1 0 0 1 1 2 0 1 0 1 1 0 2
0 0 0 1 1 1 1 1 0 0 0 0 0 1 0 0 0 2 1 0 0 1 0 0 1 0 2 0 1 1 0 1 0 1 0 1 0 0 1 0 0 0 1 0 1 0 1 1 2 1 1 1 0 0 0 0 0 1 2 1 2 0 1 0 1 1 0 1 0 1 1 1 1 1 0 1 0 0 3 1 1 0 1 0 1 1 0 0 1 2 0 1 0 1 0 0 1 1 0 1 1 1 1 0 1 0 1 2 0 1 2 1 0 0 0 1 1 0 1 1 1 1 0 2 0 1 1 1 1 1 1 0 0 1 0 1 0 1 2 0 2 0 0 0 1 0 0 0 2 0
1 0 1 0 0 1 2 0 1 2 2 0 0 2 0 0 1 1 0 2 1 1 0 1 0 0 1 2 0 1 1 1 1 0 1 0 0 0 0 0 1 0 1 0 1 0 0 0 1 0 0 0 0 1 0 1 1 0 0 0 1 0 0 1 0 0 0 0 0 0 0 0 2 0 0 1 0 0 0 0 1 0 0 2 0 1 0 2 0 1 0 0 1 0 1 2 0 1 0 1 1 1 0 1 0 2 0 1 0 3 1 0 0 1 0 0 0 2 2 0 0 1 0 1 1 1 1 0 1 0 0 0 1 0 0 1 1 0 3 0 0 0 0 0 0 0 1 0 1 1
0 0 1 0 1 2 0 1 1 0 1 0 1 1 1 0 0 0 0 0 1 0 0 1 0 2 0 0 1 1 0 2 1 1 0 0 0 0 1 1 0 0 2 1 1 0 0 1 0 2 2 0 0 0 1 1 1 1 0 1 1 1 1 0 2 0 1 1 0 1 3 0 1 0 1 2 2 0 1 0 0 2 1 1 0 1 0 1 0 1 0 0 1 0 1 1 1 2 1 1 0 0 0 1 0 1 0 1 0 0 1 1 1 0 1 1 0 0 0 0 1 1 1 0 0 2 0 0 0 0 1 1 0 0 1 1 0 0 2 1 0 1 0 0 1 0 3 1 0 1
1 0 0 1 1 1 1 2 1 1 1 0 1 1 0 0 1 0 0 0 1 2 1 2 0 2 0 0 1 1 1 1 0 0 0 0 0 0 0 1 0 0 1 2 0 1 1 1 1 1 1 0 0 2 1 1 0 0 0 0 3 2 0 1 1 1 0 1 0 1 1 0 1 2 0 0 2 1 0 2 1 1 1 0 2 0 0 1 0 2 0 0 1 1 0 1 0 0 0 0 0 1 1 0 2 1 0 1 1 1 0 0 1 0 1 0 1 2 0 0 1 1 0 0 1 1 2 2 0 0 1 0 1 0 1 0 1 0 0 0 2 1 0 0 0 0 0 1 0 1
2 1 0 0 2 0 1 0 1 0 0 2 1 2 1 1 1 1 0 0 0 1 2 1 1 1 1 1 0 1 0 0 1 0 1 0 1 0 0 1 2 1 2 1 1 1 1 1 0 0 1 1 2 0 0 0 0 0 1 1 1 0 0 0 1 2 1 0 0 1 2 1 0 1 0 0 2 1 1 0 1 1 1 0 0 1 0 0 0 0 1 0 0 1 0 2 1 1 1 0 1 2 1 2 1 1 0 1 0 0 1 1 0 2 0 1 1 1 0 0 1 0 0 1 3 0 0 0 0 0 0 2 0 0 0 1 1 1 0 0 1 1 1 0 1 1 1 0 0 0
1 0 0 1 0 0 0 1 0 1 1 1 0 0 1 1 1 1 3 2 0 2 1 0 2 0 0 0 1 1 0 1 0 0 0 0 1 1 1 0 0 0 1 2 2 0 1 2 1 1 1 0 0 0 0 1 1 1 0 0 0 1 1 0 0 1 0 1 0 0 1 0 1 0 1 1 1 1 0 2 1 1 1 0 2 0 0 0 0 0 1 0 0 1 2 0 0 1 2 1 0 0 0 0 1 0 0 0 1 1 0 0 0 0 2 1 0 1 1 1 1 1 0 0 1 0 1 0 1 2 0 0 0 0 1 0 0 2 1 0 0 0 1 1 0 1 1 1 1 1
0 0 0 1 1 0 0 1 0 1 0 0 0 1 2 2 1 1 1 1 2 0 1 2 2 2 0 1 1 1 1 1 2 0 0 1 0 0 2 0 0 0 0 1 1 1 1 1 0 1 2 0 0 0 0 0 2 2 1 0 0 0 1 1 0 0 1 0 1 0 1 0 0 0 2 1 0 1 0 0 1 0 0 1 1 0 0 0 2 1 1 1 0 0 0 1 0 0 0 0 1 1 0 1 0 1 1 1 2 1 1 0 1 1 1 0 0 0 0 1 1 1 1 0 1 1 2 2 1 2 1 2 0 0 1 1 0 0 1 0 0 1 0 1 1 4 1 0 1 1
1 1 0 0 1 1 1 1 0 1 1 2 0 0 1 1 0 0 1 0 2 0 0 1 1 2 1 1 1 2 0 0 0 1 0 0 0 0 1 0 0 0 0 0 0 1 2 0 0 0 1 0 0 2 0 1 0 1 0 0 0 0 0 0 0 2 1 0 0 1 1 2 0 2 0 2 2 1 1 2 0 0 1 0 0 1 1 2 0 0 0 1 0 1 0 2 0 0 0 1 1 3 0 1 0 1 0 0 1 1 1 2 0 1 0 0 0 0 0 1 1 0 1 1 0 0 2 0 1 0 0 0 2 0 1 0 0 2 0 1 0 0 0 0 0 0 1 1 1 1
0 1 1 1 0 0 1 2 1 1 2 1 1 0 0 1 1 0 1 1 2 1 2 1 0 0 1 0 0 2 0 2 0 0 1 1 2 1 2 1 0 0 0 0 1 1 0 1 0 0 0 1 2 1 0 1 0 3 0 1 0 1 1 0 1 1 1 0 0 0 1 1 1 0 0 0 0 1 1 1 1 0 0 0 1 1 1 0 1 1 2 0 0 0 2 1 1 0 1 1 0 0 0 0 0 0 2 1 1 1 0 1 1 1 0 1 0 0 0 1 1 1 1 1 0 0 1 1 0 0 1 0 0 0 1 0 0 1 0 2 1 1 1 1 1 1 0 0 1 0
0 0 1 0 0 1 0 1 1 0 0 2 0 2 1 0 1 1 0 2 0 1 1 0 0 0 0 0 1 0 0 1 1 1 0 0 1 2 1 2 1 0 0 0 1 1 1 0 1 1 1 3 1 0 2 2 1 0 0 0 1 1 0 1 0 1 0 1 0 2 1 0 0 0 0 0 2 1 1 0 1 1 0 0 0 1 0 1 1 0 1 1 0 2 0 1 1 0 1 0 1 1 2 0 0 0 1 0 0 1 0 1 0 0 2 0 2 0 1 0 0 0 0 1 0 0 0 1 1 1 0 2 0 2 0 1 1 1 1 2 0 1 0 1 0 0 1 0 0 0
0 0 1 1 0 0 2 0 1 0 1 1 0 1 0 1 1 1 1 1 1 0 0 2 1 0 1 1 2 1 0 0 2 1 1 1 1 0 1 2 1 0 1 1 0 2 0 0 1 1 0 0 0 1 0 1 0 0 0 0 1 1 2 1 1 1 2 2 1 0 1 1 0 1 0 1 1 0 1 0 0 1 0 1 1 1 0 0 0 0 0 1 0 0 1 0 2 0 0 0 0 0 3 0 0 1 0 1 1 1 0 2 0 1 0 1 1 1 0 1 0 0 2 0 0 0 0 2 1 2 0 0 2 0 0 0 1 0 2 3 0 0 1 2 0 0 0 1 1 1
1 0 0 0 0 1 0 1 0 0 2 1 1 0 3 0 0 0 1 0 1 1 1 0 1 0 0 0 1 0 1 0 0 1 0 0 0 1 1 0 1 1 1 1 2 0 0 2 0 1 1 0 0 0 0 2 0 1 1 1 0 1 1 0 1 1 1 0 1 0 2 1 0 0 0 1 0 0 1 0 1 0 1 2 0 1 2 1 0 0 2 1 1 0 1 0 2 1 0 0 0 0 0 1 1 0 0 1 0 2 1 0 0 1 2 2 1 0 1 0 1 0 1 2 0 0 1 0 1 1 1 2 0 1 0 0 1 0 0 2 1 0 1 0 0 1 0 0 0 0
1 1 1 0 0 0 0 0 0 1 2 0 0 0 0 0 0 1 2 0 0 0 0 0 1 1 0 1 0 1 0 0 0 0 1 0 0 1 1 1 1 2 0 1 0 0 0 0 1 2 0 0 0 3 0 1 0 0 0 0 0 2 0 0 0 0 0 0 1 0 0 1 0 1 0 0 0 2 1 1 1 1 1 1 2 2 1 1 1 0 2 1 1 1 1 0 2 1 1 2 1 1 1 2 0 2 0 0 1 1 0 1 0 1 1 0 0 0 0 0 0 0 0 0 0 0 1 2 0 0 1 1 1 0 2 0 1 1 2 0 0 1 1 0 0 0 1 1 0 1
1 0 1 1 1 0 1 1 0 0 0 2 1 0 0 0 1 0 0 0 0 0 0 1 0 0 1 1 0 1 1 0 0 1 1 0 1 1 1 2 1 0 1 0 0 2 0 0 1 0 1 1 0 0 1 0 0 1 0 0 1 1 1 0 0 2 0 1 1 1 1 0 0 0 1 0 2 0 0 0 0 0 1 1 0 0 0 0 0 1 1 0 1 0 1 1 0 0 0 0 0 0 0 0 0 0 1 1 0 2 1 1 0 2 0 1 1 0 0 0 0 1 0 0 0 0 0 1 0 0 1 0 0 2 0 0 1 0 1 1 2 1 0 0 0 0 0 0 0 2
0 3 1 0 0 0 1 0 1 0 0 1 1 1 0 0 0 0 0 0 0 0 2 0 0 0 1 0 1 2 1 0 0 2 2 1 0 1 0 1 0 0 0 1 1 0 1 1 0 0 2 0 1 0 0 1 0 0 1 0 0 0 0 0 0 0 0 0 1 0 0 1 0 0 0 0 1 0 2 1 0 0 0 0 0 2 1 0 1 1 0 1 1 1 2 0 1 1 1 1 1 2 0 0 1 1 2 2 0 1 0 1 1 2 0 0 0 1 0 0 0 2 2 0 1 1 1 0 0 0 1 0 0 0 1 1 1 1 1 1 2 0 1 0 2 1 0 1 0 0
0 0 0 1 0 2 0 1 3 0 1 0 0 2 2 0 0 1 1 2 0 0 0 1 0 1 2 1 0 0 0 2 2 1 1 0 2 1 0 1 1 0 0 1 1 1 2 0 0 0 1 0 0 0 1 0 0 2 0 1 1 0 0 2 0 1 1 0 0 0 0 1 0 0 0 1 1 0 0 0 1 0 0 1 1 0 1 1 2 0 1 0 1 0 1 2 1 0 0 1 1 0 2 3 2 0 1 1 0 1 0 0 0 0 1 0 0 0 0 1 0 1 1 0 1 1 0 0 1 1 1 0 1 1 2 2 1 0 1 0 0 1 0 0 0 2 0 0 1 0
1 0 0 0 1 1 0 3 0 1 2 0 2 1 0 2 0 0 1 1 0 1 0 0 0 0 1 1 1 0 0 0 1 0 1 0 2 1 1 1 2 1 0 1 0 1 0 1 2 1 0 0 0 1 1 0 0 0 0 0 2 2 3 0 1 1 0 0 1 0 1 1 2 0 1 1 1 1 1 0 0 0 0 0 1 1 0 2 0 1 0 1 1 1 0 1 1 2 0 1 0 2 1 0 0 0 2 0 0 0 1 1 1 1 1 0 1 3 1 0 2 1 0 2 0 0 0 0 1 1 0 0 0 1 0 0 1 0 0 0 1 0 1 0 1 1 0 1 0 0
0 0 0 0 1 1 1 0 1 0 2 2 0 0 0 1 0 1 0 1 2 1 0 0 0 1 1 2 0 0 0 2 0 0 1 0 0 0 1 0 0 0 1 3 0 0 0 1 0 0 0 0 1 1 1 0 1 0 0 1 1 0 0 1 1 0 1 1 1 1 0 1 0 2 1 1 0 1 1 1 0 1 1 0 1 1 0 0 0 2 1 2 1 2 0 0 1 1 0 1 1 0 0 1 2 0 0 2 0 1 2 0 1 0 1 1 0 0 0 2 0 0 0 0 1 0 1 3 1 1 1 0 1 0 1 0 0 1 0 2 0 1 0 0 0 1 0 0 1 2
0 0 0 1 1 0 0 0 1 0 0 1 1 2 0 0 1 1 2 1 3 1 2 2 0 1 0 1 0 3 0 0 0 2 0 0 0 0 2 0 0 0 2 1 0 0 0 0 1 0 0 1 0 1 1 2 1 0 0 0 1 0 1 1 0 0 2 0 1 0 0 0 1 0 0 0 1 2 0 1 1 1 1 0 0 0 1 0 1 1 1 1 1 1 1 0 0 0 1 1 0 1 0 3 1 0 1 0 1 1 1 0 1 1 0 0 1 1 0 0 0 3 0 1 0 1 1 1 0 0 1 1 1 1 1 2 1 0 1 1 1 0 1 1 0 1 1 1 1 1
1 0 1 0 2 0 1 2 1 0 0 2 0 1 1 0 1 2 1 1 0 1 0 0 0 0 1 0 1 0 1 0 1 0 0 1 0 2 0 0 0 2 1 0 1 0 3 0 0 0 1 1 1 0 1 0 2 0 0 1 1 1 1 0 1 1 1 1 1 0 1 0 0 0 1 0 0 0 1 0 0 0 0 0 1 1 1 1 0 1 1 1 1 1 0 0 0 2 0 0 0 2 1 2 1 0 0 0 1 0 2 0 1 1 1 2 1 1 0 0 1 0 0 0 0 1 0 0 1 0 0 1 2 1 0 0 0 1 1 0 0 1 0 0 0 1 1 0 0 1
0 1 1 1 1 2 0 0 1 0 1 0 0 0 0 0 1 0 1 1 2 0 1 1 0 1 0 0 1 2 0 1 0 0 0 0 1 1 0 0 0 0 0 2 0 0 0 1 0 1 1 1 1 1 0 1 0 2 1 1 0 1 1 0 1 1 1 0 1 1 0 1 0 0 1 1 1 1 0 0 2 0 1 1 1 1 2 2 1 0 1 1 0 0 1 1 0 0 1 1 0 1 0 0 0 1 0 1 1 0 1 1 1 0 0 1 0 0 1 1 1 0 0 2 0 1 1 1 2 1 1 1 0 1 0 0 0 1 0 1 1 1 1 1 0 0 0 0 1 0
0 0 1 1 1 2 0 0 1 0 0 0 1 0 2 0 1 0 1 0 2 0 1 0 1 0 1 0 0 2 0 0 0 0 0 1 1 1 0 1 0 1 1 2 1 2 1 0 1 0 0 0 2 0 1 0 1 2 0 1 1 0 0 2 1 0 0 0 0 0 0 1 0 1 0 2 0 1 0 0 0 0 1 0 0 0 0 1 3 1 0 1 0 0 0 0 1 0 1 1 1 1 1 1 2 0 1 0 1 0 0 0 0 0 1 2 0 1 1 0 0 1 0 1 2 1 0 1 1 0 1 1 0 1 1 0 0 0 0 1 1 0 0 0 1 2 1 1 0 0
1 0 1 1 1 0 0 0 2 1 0 0 1 0 1 0 0 1 0 1 1 1 2 1 1 1 1 0 0 0 0 0 0 2 0 1 1 0 0 1 2 0 0 1 0 0 0 0 0 0 0 1 1 2 0 1 0 1 1 0 1 2 0 1 1 2 0 1 2 1 2 2 3 0 2 1 0 1 2 1 1 1 0 1 2 1 2 0 1 1 0 3 0 1 1 0 1 1 0 1 1 0 0 0 1 1 0 0 1 0 0 1 1 1 1 0 2 2 1 0 1 1 2 1 1 0 1 1 0 2 2 0 2 0 0 2 2 0 1 2 1 2 0 2 0 1 1 0 0 1
0 1 0 1 0 3 0 0 0 1 0 1 0 1 1 0 1 1 0 1 0 2 1 2 1 1 0 0 0 0 0 1 1 0 1 0 1 0 0 1 2 1 3 0 0 1 0 1 0 2 0 0 0 0 2 2 1 0 1 2 0 0 0 0 1 0 2 0 0 1 2 2 1 1 0 1 0 0 1 0 0 1 1 0 0 0 0 0 1 0 0 0 2 1 3 1 0 1 1 1 1 1 1 0 1 2 1 1 0 0 0 2 0 1 1 1 0 2 1 1 0 1 0 2 1 0 1 2 1 1 1 0 0 2 2 0 0 1 1 1 1 2 1 0 1 1 2 2 0 0
0 0 1 1 1 1 1 0 1 1 0 1 0 0 1 1 0 0 1 1 1 0 2 1 0 0 1 0 0 1 0 1 0 0 2 0 0 0 1 0 1 0 0 0 0 1 0 0 1 0 0 0 0 0 1 0 1 1 0 0 2 0 0 1 0 1 1 2 1 1 1 1 1 0 0 0 0 0 0 0 1 0 1 0 0 1 1 0 0 0 0 1 1 1 1 0 2 0 0 0 1 3 1 0 0 0 0 0 1 1 0 0 0 0 1 1 0 0 1 1 2 1 0 1 2 1 0 0 1 0 1 0 0 1 2 1 0 0 1 2 0 0 1 1 0 0 0 0 0 0
1 2 0 0 0 1 1 0 0 0 0 1 0 1 1 0 1 2 2 0 0 0 0 2 2 2 0 0 2 1 2 1 1 0 1 0 1 0 1 0 0 0 1 0 0 1 0 0 0 1 0 1 0 1 1 1 0 2 0 0 0 1 0 1 0 2 0 2 0 1 0 1 1 0 0 2 0 0 0 2 0 0 1 0 1 1 0 0 1 1 1 0 0 1 0 0 1 1 0 0 1 1 0 0 0 1 0 0 0 2 0 0 1 1 0 0 1 0 0 1 0 1 2 1 2 0 0 0 0 1 0 1 0 1 0 0 0 1 1 0 0 0 1 0 0 1 0 1 1 0
0 0 1 0 0 0 0 0 1 1 0 1 1 1 1 1 0 1 0 1 0 1 1 2 0 0 2 1 0 1 1 0 0 1 2 1 1 3 1 0 0 0 0 1 1 0 0 1 0 1 2 1 1 1 0 1 1 0 2 0 0 1 1 1 1 1 0 1 2 1 1 3 1 0 1 0 1 1 0 3 2 2 0 1 1 0 0 0 0 0 0 0 0 1 2 0 0 1 1 1 1 1 0 1 0 0 3 1 1 0 1 0 0 1 0 1 0 0 0 0 1 1 2 0 0 2 2 0 0 0 0 0 0 1 0 0 1 2 0 1 2 2 1 0 0 1 0 1 0 0
0 1 0 0 2 0 1 0 2 0 1 0 0 0 1 0 2 0 1 0 0 0 0 0 2 1 0 0 1 0 0 1 0 0 0 0 1 2 0 1 0 0 1 1 1 1 2 1 0 0 2 0 0 1 1 0 2 0 0 1 1 0 2 1 1 1 0 1 1 1 1 0 0 0 0 1 1 1 1 2 1 1 1 1 0 0 1 0 2 0 1 2 1 1 0 2 0 1 1 2 1 1 0 1 0 0 1 0 1 0 0 1 0 1 0 0 1 0 0 1 0 1 0 2 0 1 1 1 1 0 1 0 1 0 1 1 0 1 0 0 0 0 0 1 0 1 0 0 0 0
1 0 0 0 2 0 2 0 0 2 0 1 1 1 1 1 0 2 1 0 0 0 0 1 1 0 0 0 0 0 0 2 1 2 1 0 1 0 0 1 1 0 1 0 2 1 0 1 0 0 3 0 1 1 1 0 0 0 0 0 1 2 0 2 0 0 0 0 1 0 1 1 0 1 1 1 0 1 0 2 0 0 0 0 0 2 1 0 0 1 0 2 1 1 1 0 1 2 0 0 1 1 3 1 1 0 0 0 0 0 1 0 2 0 0 0 0 0 1 3 3 0 0 1 1 1 1 1 2 0 1 0 1 1 0 0 1 0 0 1 2 0 0 1 0 1 2 0 0 2
0 0 0 1 1 2 1 1 2 1 0 1 1 1 0 0 1 1 0 2 0 1 3 1 1 0 0 0 0 0 0 1 0 0 0 1 0 1 0 0 1 0 0 1 1 0 0 0 0 2 0 1 1 0 0 2 1 0 1 1 1 1 2 0 1 1 0 1 0 0 1 0 0 1 0 0 1 0 2 1 0 0 0 0 0 0 0 0 0 0 1 0 0 0 1 1 1 1 1 1 0 0 0 0 1 1 2 0 2 2 0 1 0 1 1 2 1 1 1 0 0 1 1 0 0 1 1 1 1 0 0 0 0 0 0 0 0 2 1 2 1 0 1 2 1 0 1 1 1 0
0 0 1 1 1 2 0 0 1 0 1 0 2 1 1 0 0 0 0 1 0 1 1 1 0 0 2 1 1 0 2 1 0 0 1 0 2 1 1 0 0 0 1 0 1 1 0 0 0 0 1 1 0 1 1 1 1 1 0 0 1 1 0 1 0 1 1 1 0 0 0 0 0 0 0 1 1 0 1 0 0 1 1 3 0 0 0 1 1 1 0 2 0 1 0 1 0 0 1 2 1 1 1 2 0 0 0 0 1 0 1 1 0 0 1 0 0 0 0 0 1 0 2 0 0 0 1 1 1 0 0 1 0 0 0 0 1 0 1 1 1 0 0 1 1 1 0 1 0 0
1 1 0 0 1 0 0 0 0 1 1 0 0 2 0 1 0 0 0 0 0 0 0 1 1 2 0 0 0 2 0 1 0 0 1 0 0 1 2 1 0 2 1 1 1 1 0 2 0 1 1 0 0 1 1 0 2 0 1 2 1 1 0 1 1 0 0 1 1 0 1 1 0 0 0 0 0 3 1 0 2 2 1 1 1 2 0 1 2 0 1 1 1 0 0 0 1 1 1 1 1 0 0 2 0 0 0 0 0 2 1 2 1 0 1 0 0 0 2 2 0 3 0 1 0 0 1 0 2 1 1 0 0 2 0 2 2 1 1 0 0 0 0 1 0 0 0 1 0 1
0 0 0 2 0 2 1 1 0 3 2 2 0 0 1 0 0 0 1 0 2 1 2 2 0 0 0 0 1 0 0 0 1 1 0 0 1 0 1 0 1 1 1 0 2 1 0 0 0 1 0 1 2 1 1 0 0 2 1 0 0 0 0 0 1 0 0 3 0 1 2 0 0 0 0 0 0 1 1 0 1 1 0 0 1 1 0 1 0 2 1 3 0 0 0 0 1 1 0 0 0 0 0 0 1 1 1 0 0 0 1 2 1 0 0 1 2 1 0 0 0 2 0 0 2 1 1 0 0 1 1 1 1 2 1 0 1 0 0 1 0 0 0 1 0 3 1 1 0 1
0 0 0 1 2 1 0 0 1 1 1 2 0 1 0 2 0 1 1 1 2 1 1 1 1 0 0 0 1 0 0 0 1 1 1 0 1 1 0 1 0 0 0 1 2 0 0 1 0 0 0 1 0 1 0 0 1 0 2 2 1 1 0 1 1 1 3 0 1 0 0 0 0 0 2 2 0 0 2 0 1 1 1 0 0 1 2 0 1 2 0 0 0 1 1 0 0 0 1 3 0 0 0 0 0 1 1 0 1 0 1 1 0 1 1 0 0 0 1 0 1 0 2 1 1 1 1 0 0 1 0 0 0 1 1 0 1 0 0 0 0 0 1 1 2 0 1 0 0 1
0 1 0 1 1 1 0 0 0 0 0 1 0 1 0 0 1 0 1 0 0 1 1 1 2 1 1 0 0 0 0 0 0 1 0 0 0 0 0 0 1 0 0 0 1 1 1 1 1 0 1 1 1 1 1 0 2 0 1 0 2 1 1 0 0 1 0 1 0 0 2 0 2 0 2 0 0 0 2 1 0 1 0 0 0 1 1 2 1 2 0 1 1 0 0 1 1 0 0 0 0 2 0 0 0 0 1 0 0 0 0 0 0 1 0 1 0 1 2 0 2 0 0 0 1 0 0 1 1 2 1 0 0 1 1 0 0 0 2 0 0 2 0 1 0 2 0 1 0 1
0 1 0 0 0 1 0 0 0 2 0 0 1 2 0 2 1 0 1 2 2 2 1 0 1 1 1 1 1 3 0 1 1 1 1 0 1 1 1 0 0 1 0 2 0 0 0 1 0 0 0 1 0 0 1 0 1 1 1 1 1 1 0 0 0 0 1 0 0 0 0 0 1 2 1 1 0 0 0 0 0 1 0 0 1 1 0 0 1 1 0 0 0 2 1 0 0 0 1 0 1 0 1 0 0 1 1 0 0 1 0 0 2 0 0 0 1 1 1 1 0 0 0 1 0 0 1 0 0 1 1 0 0 1 1 0 0 1 1 1 1 0 0 0 1 1 1 3 0 0
0 0 1 1 1 1 0 1 0 1 0 2 0 1 1 0 1 0 1 1 0 0 0 2 1 0 0 0 0 0 1 1 0 2 1 0 3 1 2 1 1 1 1 1 1 2 0 1 0 0 1 0 0 1 0 0 2 2 1 0 1 1 1 1 0 1 2 0 2 0 0 2 0 1 1 0 0 0 1 1 0 1 0 0 1 1 1 0 0 0 0 1 0 1 0 0 0 0 2 1 0 1 0 0 0 0 0 0 0 0 1 0 1 1 0 1 0 2 1 0 1 0 1 1 1 1 0 0 1 2 0 1 1 1 1 0 1 1 1 1 0 1 0 1 2 0 0 0 0 1
0 0 0 2 0 0 1 0 0 2 1 0 2 2 2 1 1 1 0 1 0 2 0 2 1 0 2 0 0 1 1 0 0 0 1 0 0 0 1 0 0 2 1 0 1 1 1 0 1 1 1 1 0 0 1 1 2 2 1 1 3 0 1 0 0 1 0 0 0 0 2 0 2 0 1 0 2 1 1 1 1 1 0 2 0 0 2 0 0 0 1 2 2 0 2 0 0 0 0 0 0 0 0 0 0 2 2 0 0 2 2 0 1 0 0 1 2 2 0 1 0 1 0 1 0 0 2 2 0 1 1 2 1 0 1 0 0 2 2 2 0 0 0 1 0 0 2 0 2 1
1 0 0 1 1 0 1 1 1 0 2 2 1 1 1 1 1 2 1 2 0 1 1 1 1 0 2 0 1 0 0 1 1 0 1 2 1 1 0 1 0 0 1 0 0 0 0 0 0 0 2 0 1 0 0 0 3 1 1 1 1 0 0 0 0 0 0 0 2 1 0 2 0 1 0 0 0 0 1 1 1 2 0 1 1 1 0 1 0 0 0 0 1 0 0 1 1 0 0 1 0 1 0 2 1 1 0 0 1 1 0 1 0 1 1 0 0 1 1 1 1 0 1 0 1 2 0 0 1 1 1 0 1 0 2 2 1 1 0 1 0 0 0 1 2 0 1 0 1 0
0 1 2 1 1 2 2 0 1 2 2 1 0 0 0 1 0 0 0 0 0 1 0 0 1 1 1 0 0 1 0 1 1 0 1 0 0 2 1 0 0 2 0 0 1 0 1 0 0 0 0 2 0 0 0 1 0 1 0 0 0 0 1 1 0 0 0 0 0 2 1 0 1 0 1 1 0 0 0 0 0 0 1 0 1 0 1 1 1 1 1 1 0 0 1 0 2 0 1 0 0 0 1 0 1 0 1 2 0 1 1 1 1 2 0 1 1 2 0 1 1 2 1 0 1 2 1 2 1 0 0 0 1 0 0 0 0 0 0 0 1 1 1 0 0 0 1 2 0 2
1 0 2 0 0 0 2 2 0 3 1 0 0 0 0 1 1 0 0 1 0 1 0 0 0 1 1 0 1 3 1 1 0 0 0 0 1 0 0 1 2 0 0 0 0 0 0 1 0 0 1 1 0 1 1 0 2 0 0 0 1 0 1 0 0 0 0 2 2 1 1 1 0 1 0 1 2 0 1 1 1 2 0 1 0 1 1 1 3 1 0 1 0 1 0 0 1 0 0 0 0 0 1 1 0 1 2 0 1 1 3 1 1 0 0 0 1 0 1 0 1 1 0 0 1 0 0 0 0 2 0 2 0 1 1 1 1 1 0 1 1 1 0 1 0 1 0 2 0 2
0 2 1 0 0 1 1 1 1 0 0 1 2 0 0 0 1 0 2 1 0 0 0 2 0 0 2 1 1 1 1 0 2 3 1 1 2 0 0 1 1 2 0 0 1 1 0 0 0 1 1 1 0 0 1 2 1 1 0 2 0 1 1 0 1 0 0 2 0 1 0 0 0 1 1 0 0 1 1 0 1 1 1 0 0 0 0 0 1 0 0 0 0 2 2 0 0 1 1 0 0 1 1 0 0 1 1 0 1 0 4 0 2 2 2 0 0 3 2 1 2 0 0 2 0 0 1 0 2 0 3 1 1 1 1 0 1 0 0 0 1 1 0 0 0 1 1 1 0 1
2 1 1 0 0 1 1 0 0 0 1 2 1 1 0 0 1 1 1 1 1 0 0 0 0 0 0 1 0 1 0 2 1 0 0 0 2 2 2 1 0 2 0 2 1 0 0 2 1 1 1 0 1 0 1 0 0 0 0 0 1 1 0 1 1 0 0 0 0 0 0 2 0 0 2 0 0 0 1 1 1 0 0 1 0 1 0 2 0 1 2 0 1 1 3 0 1 1 1 0 1 1 0 0 0 0 0 1 0 0 2 1 0 1 0 0 0 2 1 0 0 0 2 0 1 1 0 1 1 1 0 0 0 0 0 2 0 1 1 0 0 0 1 0 1 0 1 0 1 1
1 1 1 1 1 1 2 2 0 0 0 0 0 1 1 1 2 0 0 1 1 0 1 0 0 1 1 1 0 0 0 1 0 0 0 0 0 1 1 1 1 1 1 1 0 0 2 0 0 0 1 1 2 0 1 1 1 0 0 0 1 1 1 0 0 3 1 0 0 0 0 1 0 0 0 1 0 0 1 0 1 0 1 1 1 1 0 2 1 0 0 1 0 0 0 0 0 2 0 1 1 0 0 2 1 1 0 1 1 1 0 1 0 0 2 0 1 0 1 2 1 1 0 0 2 2 0 0 0 1 0 0 0 2 0 0 3 0 0 0 1 1 1 0 0 1 0 1 0 1
0 0 1 1 1 0 0 1 0 0 1 1 1 1 0 1 2 0 0 0 1 1 0 1 1 1 1 1 1 0 1 0 0 1 3 0 1 0 1 0 0 1 1 1 1 1 1 0 2 0 1 1 0 1 0 0 2 1 0 0 0 1 0 2 1 1 1 2 2 0 1 1 1 0 1 1 1 1 0 1 0 0 1 0 1 1 0 0 1 0 1 1 1 2 0 0 0 0 2 2 1 0 0 1 0 0 1 0 0 2 1 1 0 0 1 2 3 0 1 0 2 1 1 0 1 0 1 0 0 0 1 0 0 1 0 0 1 1 0 1 1 0 1 2 2 2 2 1 0 2
1 0 0 1 0 1 2 0 2 1 0 0 0 2 2 1 1 0 1 0 0 0 3 1 0 1 1 0 2 1 1 0 2 2 1 0 0 2 0 2 0 2 1 0 0 0 1 0 1 0 0 1 1 0 0 0 1 0 0 2 3 2 2 1 0 0 0 0 1 0 1 1 1 0 1 0 1 0 1 0 1 1 1 1 0 0 0 1 0 0 1 1 0 0 0 1 0 0 0 1 1 0 2 2 0 0 0 1 0 0 0 0 1 2 0 0 0 1 1 0 2 1 0 0 0 1 1 1 0 1 0 1 2 1 1 0 1 1 0 1 1 0 0 2 1 1 0 0 0 1
0 0 1 0 1 1 1 0 2 1 0 1 1 2 1 0 0 1 0 1 1 1 1 1 0 1 0 0 0 1 0 2 0 0 1 1 0 1 1 1 1 0 1 1 0 1 1 0 0 1 0 0 1 0 2 0 1 0 1 0 2 1 0 0 0 2 1 1 0 0 0 1 1 0 1 1 1 1 0 1 0 0 1 1 1 1 2 2 0 1 0 0 0 3 1 1 0 0 0 0 2 1 1 0 1 0 0 0 2 1 0 1 0 1 2 0 0 1 1 1 1 1 1 1 0 0 0 0 1 1 1 2 1 1 2 0 1 0 0 2 1 3 1 1 0 1 0 1 1 0
1 0 0 0 0 0 1 1 0 0 0 2 2 0 1 0 0 0 0 0 1 0 0 1 2 1 1 1 0 1 0 0 1 1 0 0 2 1 1 1 0 0 0 1 1 0 1 0 0 0 0 1 1 0 0 0 1 1 0 0 2 1 0 0 1 2 1 1 1 1 1 1 2 0 2 1 0 0 0 1 0 0 1 1 0 2 0 1 1 0 1 1 1 1 0 0 1 0 0 2 0 1 0 0 1 0 0 0 0 0 1 0 1 0 0 2 1 0 1 0 1 1 1 2 1 0 1 1 1 0 0 0 0 0 0 1 0 2 1 0 2 0 0 1 0 0 1 1 0 1
1 0 1 1 0 0 1 0 1 1 0 0 0 0 1 1 1 1 1 0 0 2 0 0 0 0 0 1 0 2 2 0 1 1 1 0 1 1 1 1 0 1 0 0 0 1 1 1 0 0 0 1 1 0 1 1 0 1 1 1 0 1 0 0 1 1 0 1 0 0 0 0 0 1 0 1 0 1 1 1 1 1 0 0 1 0 0 1 0 1 0 0 0 0 1 1 1 2 0 1 0 0 0 1 0 0 1 0 0 0 1 1 0 0 1 0 2 2 2 1 1 1 0 0 1 0 0 1 1 0 0 0 2 0 0 0 1 0 0 0 1 1 0 2 0 0 1 0 0 0
0 1 2 0 0 0 1 1 0 1 2 2 0 1 0 0 2 1 0 0 1 1 0 2 0 0 1 0 0 1 0 1 0 0 0 2 1 0 0 0 1 0 0 0 1 2 1 1 0 1 0 0 0 0 1 0 1 0 0 0 1 1 0 0 3 1 0 0 0 0 0 2 1 0 1 0 1 1 0 1 1 1 0 0 0 1 2 1 2 1 0 1 1 0 0 1 1 1 1 1 1 1 1 0 0 0 0 0 1 2 0 0 1 1 0 0 0 0 0 1 0 1 0 2 0 1 0 0 1 0 1 0 0 0 1 0 0 1 2 1 0 0 1 0 0 0 1 1 0 1
1 0 1 1 0 0 1 2 0 1 0 0 1 1 3 3 0 2 1 0 0 0 0 0 1 1 0 0 1 3 2 0 2 1 1 0 0 2 0 2 1 0 1 0 1 0 2 0 0 1 1 1 0 1 1 0 2 0 0 1 1 0 0 0 0 1 1 0 0 1 1 0 1 1 0 0 0 1 1 0 1 0 1 0 0 0 0 1 0 2 0 1 0 0 1 0 0 2 1 2 1 0 0 1 1 0 1 0 1 1 0 0 1 0 0 1 0 0 0 1 1 0 2 1 1 1 1 1 1 2 0 0 1 1 0 1 0 1 0 1 0 1 0 1 1 0 0 0 1 0
2 0 0 1 0 0 1 1 1 0 0 0 0 0 0 1 1 0 1 2 2 1 1 0 1 2 0 2 0 1 1 1 0 0 1 1 1 0 1 0 0 1 1 1 1 1 2 0 2 0 1 1 0 1 1 0 1 0 1 1 0 0 2 0 0 2 1 1 1 1 1 0 1 0 1 0 1 1 1 0 1 2 0 1 0 0 0 0 1 0 0 1 0 0 1 0 0 0 0 0 0 0 1 0 1 0 2 0 1 0 0 1 0 1 0 1 0 0 1 0 0 1 0 0 0 0 0 1 1 0 0 0 2 0 0 0 0 0 1 2 0 2 0 0 0 1 0 0 2 0
0 0 2 2 1 0 1 0 1 0 0 0 1 1 2 1 1 1 0 0 1 0 0 0 1 0 0 0 0 1 1 0 2 0 0 0 0 0 0 0 0 1 1 0 0 2 1 0 1 1 0 0 1 1 2 0 2 0 1 0 0 1 1 0 0 0 0 2 1 0 1 2 0 1 1 0 0 0 0 0 2 0 0 2 0 0 0 1 0 0 0 2 1 0 0 1 2 1 1 1 0 1 1 0 1 0 1 0 0 1 0 1 0 2 0 0 0 0 1 0 0 2 0 3 0 2 1 0 1 1 0 1 0 2 0 0 1 1 0 1 0 1 0 0 0 1 0 0 0 2
1 1 0 1 2 0 0 2 1 0 0 0 0 0 1 0 1 0 1 1 0 1 1 0 0 1 2 0 0 0 0 0 0 0 0 2 1 1 0 0 0 2 0 1 0 1 1 0 0 1 2 0 0 1 2 1 0 0 0 0 0 0 0 0 1 1 1 0 2 0 0 0 1 1 1 0 2 2 0 1 2 1 1 1 1 0 1 0 1 0 1 1 0 0 1 2 1 1 0 1 1 1 0 1 0 1 1 1 1 0 1 0 0 1 1 0 1 0 0 3 3 0 0 0 0 1 0 0 0 2 0 0 1 1 0 0 0 0 1 0 0 1 0 1 0 0 1 1 0 1
0 1 0 0 1 2 2 1 0 0 0 1 1 2 1 0 1 1 2 0 1 1 0 0 1 0 0 0 1 1 1 0 0 1 1 0 0 0 0 0 2 0 1 1 0 0 1 0 1 2 0 0 1 0 1 3 1 1 0 1 0 2 0 0 1 2 0 1 1 1 0 0 0 1 3 1 0 1 1 0 0 1 0 2 0 1 0 1 0 0 2 1 1 1 1 0 0 1 0 0 0 0 0 0 0 0 0 0 1 0 0 0 0 3 0 0 0 2 0 1 0 1 1 1 0 1 0 1 1 2 1 1 0 1 0 0 0 0 0 2 0 0 0 0 0 1 1 0 1 1
1 0 0 0 1 0 3 0 1 2 2 1 0 2 2 0 0 0 0 2 0 1 0 1 1 1 0 0 1 1 1 0 0 0 2 1 1 2 0 0 1 0 1 0 0 0 0 1 1 0 1 2 1 1 0 1 1 0 0 1 0 0 1 0 1 0 2 2 2 1 0 0 0 1 1 0 1 0 0 0 1 0 1 1 2 0 0 0 0 0 0 0 2 1 2 0 0 2 0 1 1 2 2 0 1 0 1 1 1 1 1 1 0 2 1 0 0 0 1 1 0 3 1 0 1 1 1 1 1 1 2 0 1 2 0 0 1 0 2 0 2 0 0 1 2 0 1 0 0 1
1 0 1 1 2 0 0 1 0 0 0 0 1 1 1 1 1 2 2 1 1 0 0 0 0 0 0 1 1 0 1 1 1 0 0 0 0 0 1 1 1 0 2 1 0 2 2 1 0 1 0 1 1 1 1 0 0 0 0 1 0 1 0 1 0 1 1 0 0 0 0 1 0 1 0 0 2 0 1 1 0 1 0 0 0 0 0 1 2 0 0 0 2 1 2 1 0 1 0 0 0 1 0 1 0 0 0 0 1 0 0 1 0 0 0 1 2 2 0 1 1 1 1 1 0 1 1 0 0 0 1 1 0 0 0 1 1 0 1 2 2 0 1 1 1 0 3 1 1 2
1 1 1 2 1 1 2 0 0 0 0 0 1 2 0 2 2 2 0 0 0 0 1 0 0 0 0 1 1 2 0 1 0 1 1 0 0 0 0 0 1 1 0 1 1 1 1 0 1 0 1 2 1 1 1 1 3 0 1 0 0 2 2 0 2 1 3 0 1 0 1 2 0 1 1 0 0 1 1 1 0 1 0 1 1 1 2 1 1 0 0 0 1 0 0 1 0 2 0 0 0 0 2 0 0 1 1 0 1 0 1 2 1 1 0 1 0 1 2 0 1 1 0 1 0 0 0 0 3 0 0 0 0 2 1 0 1 0 1 1 1 1 0 0 1 1 0 1 1 0
1 2 2 1 2 1 1 1 2 1 0 0 0 2 0 1 1 0 1 0 2 1 1 0 1 0 1 1 0 1 0 1 0 1 0 1 1 1 0 0 0 0 0 0 0 1 1 1 1 1 1 1 1 1 0 0 0 2 1 0 0 1 1 0 0 1 0 0 1 0 0 2 1 0 0 0 1 0 1 0 0 1 0 1 0 0 1 0 1 2 2 1 0 2 1 1 0 1 0 0 0 0 0 0 2 0 1 1 0 1 1 1 0 0 1 1 0 0 1 1 0 1 0 0 1 1 1 1 1 1 0 2 0 1 0 1 2 1 2 0 0 1 0 1 1 1 0 0 1 2
1 0 1 2 0 0 1 0 3 1 1 0 1 1 1 2 0 0 0 0 0 0 0 2 0 0 0 0 1 0 0 2 0 0 1 0 0 1 1 1 0 1 0 2 0 0 1 0 1 0 1 2 1 1 0 0 1 1 1 1 1 1 1 0 1 0 0 1 0 2 1 0 0 0 1 2 1 0 2 0 3 1 0 0 0 0 0 0 1 1 1 0 2 0 2 0 2 0 0 0 0 1 0 1 1 0 1 0 1 1 0 0 1 1 0 1 2 2 1 1 1 1 1 1 0 1 0 1 0 0 0 0 0 1 3 1 0 1 0 1 1 1 0 1 0 0 0 1 2 0
1 2 1 1 0 1 0 1 2 0 0 0 0 1 0 0 1 2 0 1 0 2 0 1 1 0 0 1 1 0 1 0 0 0 0 1 1 0 0 2 0 0 2 0 1 1 1 1 2 1 0 0 1 0 1 0 1 3 1 0 2 0 1 1 0 0 0 1 0 1 0 2 0 1 0 2 3 0 0 0 1 0 1 0 1 1 0 1 1 2 2 0 1 2 0 0 0 2 0 0 0 0 2 0 1 0 2 0 0 0 1 2 0 1 0 0 1 0 1 1 0 1 1 1 0 0 1 1 0 1 2 1 0 0 1 0 0 3 0 0 0 1 0 1 0 1 1 0 1 1
1 1 0 1 0 1 1 1 0 0 1 0 1 0 1 1 1 1 1 0 0 0 1 0 0 1 0 0 1 1 1 0 0 1 0 2 1 1 2 0 1 2 1 1 0 0 0 1 0 2 1 0 0 0 1 0 0 1 0 0 0 2 0 1 1 0 0 0 1 0 0 0 1 0 0 0 0 0 0 1 1 0 1 1 0 0 1 2 0 0 1 1 1 0 0 0 1 1 1 1 0 0 2 0 2 1 0 0 0 1 2 1 1 0 0 1 0 0 0 0 2 1 0 0 1 1 0 1 1 1 0 1 0 0 1 1 0 0 1 0 2 0 1 0 1 0 0 0 0 3
0 1 0 2 0 1 0 1 0 2 2 1 2 0 2 0 0 0 1 0 0 1 0 0 0 1 1 0 0 1 0 2 0 1 1 0 1 0 1 0 0 0 1 1 2 2 2 0 1 1 1 1 0 0 0 1 1 0 2 1 0 0 1 1 0 1 1 0 1 0 0 0 1 2 1 0 1 0 0 0 0 1 1 1 0 0 2 1 0 0 0 0 0 2 0 1 0 0 2 0 1 2 0 1 1 0 0 1 0 2 2 0 1 1 0 1 0 1 0 1 2 2 0 0 1 1 1 1 1 0 0 1 1 1 0 0 1 0 0 0 0 3 0 2 0 0 2 1 1 1
0 0 1 0 2 0 1 0 1 1 0 1 1 0 0 0 1 0 1 0 0 0 1 1 0 1 0 0 0 1 1 1 0 0 1 1 2 0 1 1 0 0 0 0 0 1 1 0 1 0 2 1 0 2 0 0 1 1 0 1 1 1 2 1 0 1 1 0 0 0 0 0 0 0 0 1 1 2 0 0 0 0 2 1 2 0 1 1 1 2 1 2 1 0 2 1 0 0 0 1 1 2 0 0 0 1 0 1 2 1 1 0 0 1 2 0 2 1 0 0 1 0 0 0 2 0 0 1 1 2 0 1 0 2 2 1 1 1 1 2 0 2 2 1 1 0 0 1 0 1
0 0 0 0 0 0 0 0 0 2 0 0 2 0 1 1 0 0 0 0 1 0 1 2 0 1 1 0 1 1 0 2 0 2 0 0 1 0 1 2 0 0 1 1 0 0 1 0 1 0 0 0 1 0 1 1 0 1 0 0 1 1 0 1 1 1 0 1 0 1 2 0 0 1 0 1 1 0 2 0 0 0 0 1 1 0 1 0 0 0 0 0 0 0 0 1 2 0 0 0 1 0 2 0 1 1 0 1 0 1 0 1 1 2 0 1 1 2 1 0 0 0 0 0 2 0 0 0 0 2 0 1 2 0 1 0 1 2 0 1 1 0 1 1 0 1 0 1 0 1
0 1 0 0 1 0 1 0 1 1 0 0 0 0 1 1 0 0 1 0 2 0 1 0 0 2 1 0 1 0 0 1 0 1 1 1 1 0 0 1 0 1 1 0 0 0 2 0 1 1 1 1 1 0 1 1 1 1 0 0 1 2 0 1 2 1 0 3 0 0 1 0 1 0 0 0 0 1 2 1 0 2 1 1 2 0 1 1 0 1 0 0 0 0 0 1 0 1 0 0 2 0 1 1 0 1 0 0 1 1 0 1 0 1 0 2 1 2 0 1 2 1 0 0 2 1 0 2 0 0 0 0 1 0 1 0 3 1 1 0 0 1 2 1 2 1 1 0 0 0
1 0 1 1 2 1 0 2 1 0 0 0 0 2 0 0 0 0 1 0 2 0 0 0 1 0 1 1 0 1 2 0 1 2 1 1 0 0 1 0 1 1 0 1 0 0 1 0 1 1 0 1 0 0 0 1 1 1 1 1 1 1 1 0 1 1 0 0 0 1 0 0 0 0 0 0 1 1 1 1 2 0 0 1 1 0 0 1 0 1 0 0 0 0 0 0 1 1 1 2 0 2 0 1 0 0 1 1 0 0 1 0 1 1 0 0 0 1 0 1 0 0 1 1 0 0 0 0 0 1 2 1 0 0 0 1 1 1 2 0 0 0 1 0 1 0 1 0 1 2
0 2 1 0 0 1 0 0 2 1 1 1 0 1 0 1 1 0 1 1 0 1 0 0 1 0 0 0 0 1 2 0 1 0 1 1 0 1 2 0 1 3 0 1 0 0 1 0 2 0 2 0 1 2 1 1 0 1 3 1 1 1 1 0 1 0 0 0 2 0 1 0 1 0 0 1 1 0 0 0 1 1 0 1 0 0 1 1 0 2 1 0 0 1 0 0 2 2 0 0 2 0 1 0 1 1 0 0 1 0 0 0 1 0 1 1 1 0 0 0 0 0 1 0 0 0 1 1 0 1 0 0 0 0 0 0 1 1 1 1 0 2 1 1 0 1 3 0 1 0
2 0 1 0 0 0 1 0 2 0 1 1 0 1 2 1 2 2 0 1 0 1 3 1 0 0 0 0 1 1 0 1 1 1 1 0 0 1 1 0 0 0 0 2 3 0 1 0 0 2 1 0 0 1 0 1 0 1 1 0 0 0 3 0 1 0 0 0 0 1 0 0 0 1 1 1 0 0 0 2 1 0 0 1 0 1 1 0 0 2 0 2 0 0 2 2 0 0 2 1 0 1 0 1 1 0 0 0 1 1 1 1 0 0 0 0 0 0 0 0 1 0 0 1 0 0 0 2 2 0 2 1 2 0 2 0 1 0 1 2 2 1 0 0 0 1 0 0 1 0
2 0 0 2 0 0 0 0 1 0 0 2 2 0 1 0 1 0 0 0 1 0 1 0 0 1 0 1 2 1 0 0 0 0 0 1 1 0 2 0 1 1 0 0 0 1 2 0 0 3 0 1 3 2 0 1 0 0 0 0 1 1 1 0 2 2 0 0 0 0 0 0 2 0 1 0 0 2 1 2 0 0 1 0 1 0 0 1 0 0 1 0 0 1 0 0 1 0 0 1 1 0 1 0 0 1 1 2 0 0 1 0 0 3 0 0 1 1 0 1 2 0 1 2 0 1 1 1 2 0 0 0 0 1 0 0 1 0 1 2 2 1 0 0 0 0 1 0 0 0
2 0 0 3 2 0 1 3 2 1 0 0 1 1 0 1 1 0 0 1 1 1 2 0 1 0 1 1 0 2 0 2 1 1 1 0 0 2 1 1 0 0 0 0 0 1 0 0 1 2 0 2 1 1 0 2 1 1 0 0 0 0 1 1 0 0 1 0 0 0 0 0 1 1 0 0 0 1 0 0 1 1 0 0 1 1 1 0 0 1 0 0 2 1 1 2 1 0 1 0 0 1 1 0 0 0 0 0 0 1 2 0 0 1 1 0 0 0 0 1 1 1 0 1 0 0 0 1 1 2 1 0 1 1 0 1 2 0 0 1 1 0 1 1 2 0 1 1 1 2
0 0 0 0 1 0 1 0 0 0 1 3 1 0 0 1 0 3 1 1 1 0 0 2 1 0 0 0 0 0 0 2 0 0 0 2 1 1 1 0 1 1 0 0 1 0 2 0 1 0 0 0 0 0 1 0 1 2 0 1 0 0 0 1 0 0 1 1 0 1 0 2 1 0 1 1 0 1 0 0 0 0 0 0 0 0 0 1 0 0 0 1 0 0 0 1 0 1 1 1 0 1 0 1 0 0 1 0 0 0 0 1 0 0 1 1 0 0 1 1 0 3 1 2 1 2 1 0 0 1 1 1 2 0 0 1 0 0 0 0 0 0 0 1 0 0 1 1 1 1
0 1 0 0 1 0 1 0 1 0 1 0 0 0 1 1 0 1 0 0 0 0 0 1 0 1 1 0 0 0 1 1 1 1 1 0 0 0 0 0 1 0 2 1 0 0 0 1 2 1 2 0 1 0 0 1 0 1 0 0 3 1 0 2 0 0 1 1 1 1 0 2 0 1 2 1 0 0 1 0 0 0 1 0 1 2 1 1 0 1 0 1 1 1 2 0 0 0 0 0 1 0 0 1 0 1 0 1 0 0 0 0 1 0 1 0 0 1 1 2 0 1 1 0 0 2 1 1 0 0 1 2 1 0 0 2 0 1 2 0 2 1 1 0 3 0 0 4 1 2
1 0 1 0 1 1 2 0 1 0 0 0 0 1 0 1 0 0 0 2 1 1 1 0 0 0 1 0 0 0 0 1 0 1 2 1 1 1 1 0 1 0 1 0 1 1 0 1 2 1 0 2 0 0 1 0 0 1 0 0 1 0 0 0 0 0 0 0 0 0 0 0 0 2 0 0 1 1 0 1 0 0 0 0 0 0 0 1 0 1 0 0 1 0 0 0 1 1 1 0 1 0 0 2 0 0 1 0 1 0 1 1 1 0 0 1 1 0 0 1 0 1 2 1 1 1 3 0 0 0 0 2 0 0 1 0 0 2 1 1 0 2 0 1 1 2 1 2 0 2
2 1 1 0 1 0 0 0 2 0 0 2 0 1 1 1 0 1 1 0 0 0 0 0 0 0 1 0 1 1 0 1 0 1 0 0 0 1 0 1 2 1 1 0 1 0 1 0 0 0 0 0 1 1 1 1 1 0 1 0 1 1 0 2 1 0 0 1 0 0 0 0 1 0 1 1 0 1 0 0 2 0 0 1 1 1 0 1 1 1 1 1 0 1 0 0 0 2 0 1 0 1 1 0 0 0 0 1 0 0 0 1 2 1 0 0 1 1 1 0 1 1 1 2 1 1 0 0 0 0 0 2 0 1 0 0 1 0 1 0 2 0 0 1 1 0 1 2 1 2
0 0 1 0 0 0 1 1 1 1 1 0 0 0 1 0 0 0 1 0 1 3 0 0 0 2 1 0 0 0 1 0 1 1 1 3 0 1 0 1 1 1 1 1 1 2 1 2 1 1 0 1 1 0 0 0 0 0 1 2 0 0 0 2 0 2 0 0 0 1 0 2 1 1 1 0 0 1 2 0 1 0 0 2 1 0 1 0 0 1 0 0 1 1 0 1 2 1 1 1 0 0 1 0 1 0 0 0 0 0 0 0 1 0 0 0 1 0 1 0 1 1 0 1 0 0 0 1 0 0 2 1 0 0 0 1 0 0 0 0 0 1 0 0 0 1 3 1 1 0
0 2 0 2 1 1 1 0 1 0 2 1 2 1 0 0 2 0 0 0 1 1 1 1 1 0 1 0 1 1 0 0 0 0 2 1 1 0 1 0 1 1 0 0 0 1 0 1 0 0 1 2 1 2 1 0 0 0 0 0 1 0 1 0 1 1 1 1 0 0 1 2 0 1 3 4 2 0 1 0 0 1 1 0 0 0 0 1 0 1 0 1 1 0 1 2 2 1 0 0 1 0 1 1 2 0 0 1 0 0 0 0 0 0 2 1 0 0 2 2 1 1 1 0 3 0 1 0 1 0 2 0 1 0 0 0 0 1 0 0 1 0 0 1 0 0 1 1 0 0
2 0 0 0 1 1 0 0 0 1 2 0 1 1 0 0 0 0 1 1 0 0 1 1 0 0 0 0 0 1 0 2 0 0 1 0 1 0 1 0 0 2 1 1 2 0 1 1 1 0 1 0 0 0 1 0 1 2 0 0 0 1 0 1 1 2 2 1 0 0 0 0 1 1 1 0 1 1 1 0 1 0 1 0 0 1 1 0 0 1 1 2 1 0 2 1 0 0 1 1 0 0 1 0 0 1 0 1 1 0 0 0 1 2 0 0 0 0 1 0 0 0 2 0 0 1 0 1 1 0 1 1 0 1 1 0 0 2 1 1 0 1 0 0 0 0 1 1 3 1
1 1 0 0 1 0 1 2 2 0 0 2 0 0 1 0 2 0 1 3 0 1 0 1 0 0 3 0 0 1 1 1 0 1 0 0 1 1 0 0 1 0 1 0 0 0 0 0 1 0 1 1 1 1 1 0 1 0 0 1 0 0 2 0 0 1 1 0 0 2 1 1 0 1 1 2 0 0 0 1 0 1 0 1 1 0 0 0 0 0 0 1 0 1 0 1 1 0 1 0 1 1 0 0 0 0 1 1 2 1 0 1 0 0 0 0 1 0 0 2 1 3 0 0 1 1 0 1 1 1 1 0 0 1 1 1 0 1 1 0 0 0 1 0 0 0 1 0 0 1
1 1 0 1 1 0 1 1 1 1 2 1 0 2 1 0 1 2 0 1 1 2 0 0 0 0 1 2 1 0 0 0 1 0 0 1 0 0 2 0 1 1 1 0 1 1 1 2 2 0 1 0 1 1 0 0 1 1 0 1 1 1 0 1 0 0 0 1 1 0 1 0 1 2 0 2 1 0 0 2 1 0 0 1 0 1 2 1 3 2 0 1 0 1 1 0 1 1 2 1 1 0 0 3 1 0 0 0 1 0 0 2 0 0 0 0 2 2 0 0 0 1 1 0 1 0 1 1 1 1 1 1 1 0 0 0 1 2 0 0 0 0 0 0 2 1 1 0 0 1
1 0 1 0 1 0 2 2 2 0 0 0 1 0 1 1 0 1 0 1 3 0 1 1 1 1 0 0 1 1 0 0 0 1 0 0 1 1 0 2 1 0 0 2 0 2 1 0 0 1 1 1 0 1 0 1 1 1 1 0 0 0 0 1 1 1 0 1 0 0 0 0 1 0 0 2 0 2 1 0 2 0 1 0 0 0 0 1 0 1 0 0 1 0 0 0 0 2 0 0 0 1 0 0 1 1 1 0 0 0 2 0 0 0 0 1 0 1 0 0 0 0 2 0 2 0 1 3 1 1 2 1 0 1 0 1 2 0 1 0 3 1 0 0 1 0 1 2 1 0
0 0 0 0 0 0 1 0 0 1 2 1 0 1 0 0 0 1 0 1 0 0 0 1 2 0 1 1 0 1 0 1 0 0 1 0 1 0 1 1 0 0 1 0 1 2 0 1 0 0 0 1 0 2 1 2 0 1 1 0 1 0 0 2 0 0 1 0 1 0 1 1 0 1 0 0 0 0 2 0 0 2 0 0 1 1 0 0 0 0 1 1 1 1 0 1 1 0 1 2 0 1 0 0 0 1 0 1 0 0 1 0 0 0 1 0 0 1 1 0 1 1 0 0 0 2 1 0 0 1 0 0 1 1 0 0 1 0 1 1 2 0 1 2 0 1 1 0 0 1
0 0 0 0 2 0 0 1 1 0 0 0 0 2 1 2 0 0 0 1 2 2 0 0 1 2 1 2 1 2 0 1 0 0 1 0 0 1 1 0 0 0 0 2 1 1 0 1 0 0 1 0 1 1 0 0 2 0 0 1 0 1 0 1 0 0 2 0 0 1 0 2 0 1 1 0 0 1 3 0 0 1 2 0 0 0 0 1 0 0 2 0 0 2 1 0 0 2 1 1 0 1 0 1 0 0 0 1 1 1 0 0 1 2 0 0 0 1 0 0 1 1 2 1 0 1 1 1 0 0 0 0 1 0 0 0 0 0 1 1 0 1 1 1 0 1 0 1 0 0
0 1 0 0 1 1 2 1 0 2 1 1 1 2 0 0 1 0 1 0 0 1 0 1 0 1 0 0 2 1 0 1 0 1 0 2 0 2 1 1 0 0 0 0 1 0 0 0 1 0 3 0 1 1 0 1 2 2 0 0 0 0 0 1 0 0 1 0 1 1 2 2 1 2 0 3 2 0 0 1 1 0 2 0 0 0 0 0 2 0 2 1 0 2 0 0 1 1 2 2 1 0 0 1 0 0 1 0 1 0 0 0 0 2 1 1 1 0 0 2 1 0 2 0 1 0 0 1 1 1 1 2 0 0 1 1 0 0 0 0 1 0 1 1 0 2 0 0 0 0
1 2 1 1 0 0 0 2 0 1 0 0 0 0 0 1 0 1 1 1 0 1 1 0 0 2 1 0 1 0 0 0 1 0 1 2 0 0 0 1 0 0 0 1 0 1 0 0 0 0 1 0 0 0 1 1 1 1 1 0 0 0 1 1 0 2 0 1 2 1 1 0 1 0 1 2 1 1 1 1 1 1 2 0 0 1 1 0 0 1 0 2 1 1 1 0 0 0 1 0 0 0 0 0 0 1 1 0 1 1 2 1 0 0 0 1 0 0 0 0 2 1 0 0 0 0 1 0 1 0 0 0 0 0 0 0 0 2 0 0 1 0 2 2 0 1 0 1 1 0
1 0 1 1 0 1 1 2 0 0 2 1 0 0 1 1 0 3 0 2 0 1 2 1 0 0 1 0 1 0 2 1 1 1 1 0 0 0 0 1 1 1 1 0 1 0 0 0 0 1 0 2 0 0 1 0 0 1 1 1 0 1 3 0 0 2 0 0 0 1 0 1 1 1 0 1 0 2 0 0 1 0 1 1 1 0 0 3 1 1 1 0 1 1 1 0 1 0 0 1 1 0 0 1 1 1 2 1 0 0 2 0 2 0 0 0 0 2 0 0 1 1 1 1 1 0 1 1 0 0 0 1 1 0 2 0 0 1 0 3 1 0 1 1 0 1 1 1 0 1
1 2 0 1 0 0 2 1 0 0 0 0 0 2 0 1 1 1 0 1 0 0 2 0 0 0 1 0 3 0 0 1 0 0 1 0 1 1 1 1 1 1 1 0 0 1 0 0 0 0 2 0 0 1 1 0 1 0 2 0 1 0 3 0 1 0 0 1 2 0 1 0 1 1 1 2 0 1 2 2 1 1 1 0 1 0 0 3 0 0 1 1 0 1 0 2 2 1 0 2 0 0 1 2 1 0 0 0 1 1 1 0 1 0 0 1 1 1 2 1 0 0 0 0 1 1 0 0 0 0 2 0 0 0 1 1 2 1 1 1 1 0 1 2 1 1 0 0 1 2
2 1 0 1 1 1 0 1 0 1 2 0 0 1 0 1 0 1 1 0 0 1 0 1 1 1 0 1 0 0 0 1 0 0 1 1 1 1 0 1 1 0 1 0 0 0 0 1 2 1 1 0 3 0 0 1 1 1 1 1 1 1 0 1 0 3 2 0 0 0 0 1 0 2 1 0 0 1 1 1 1 1 1 1 0 1 2 0 1 3 1 1 1 1 1 1 2 0 0 1 0 0 0 0 1 3 1 1 1 1 1 0 3 1 0 1 1 0 1 1 0 0 1 0 1 0 1 1 0 2 0 1 0 0 1 1 0 0 2 0 1 0 0 1 0 2 1 1 0 0
1 1 1 2 0 0 1 1 0 1 1 2 0 0 1 1 2 0 2 0 1 0 1 0 1 1 0 0 1 1 2 1 0 0 0 0 1 0 0 0 1 1 1 0 2 1 0 0 2 1 0 0 0 0 0 0 2 0 0 2 2 0 0 1 2 0 0 2 0 0 1 0 1 1 0 0 2 0 1 0 1 1 0 0 2 0 0 0 1 1 1 0 0 1 1 0 0 0 0 0 1 1 0 1 0 1 1 2 1 0 1 2 0 1 2 0 2 2 0 1 0 1 0 0 0 0 0 0 0 3 0 0 1 1 0 0 0 1 0 1 0 0 2 0 0 0 0 1 0 0
2 2 1 0 1 0 1 1 0 1 0 1 0 1 1 0 1 2 1 0 0 1 0 1 1 1 0 1 0 1 1 0 1 1 2 1 0 0 1 0 0 1 1 1 0 2 0 0 0 0 2 0 1 0 2 1 1 2 1 1 0 2 1 0 0 1 0 1 0 1 1 1 0 0 0 2 0 0 0 0 1 2 0 2 1 0 3 0 1 0 1 1 0 1 1 0 0 0 0 0 1 0 1 2 1 2 0 1 2 1 0 0 0 0 0 0 1 0 0 1 0 0 0 0 1 1 0 1 0 1 1 1 0 1 1 0 1 0 0 1 0 0 2 0 0 0 0 0 0 0
1 1 0 2 0 1 0 1 0 1 0 1 1 0 0 1 0 1 0 0 0 0 1 0 1 1 1 1 0 0 1 2 2 0 0 1 0 1 3 1 1 0 0 0 0 0 0 0 1 1 0 1 0 0 0 2 1 1 2 2 0 0 1 0 0 0 2 1 1 0 1 0 1 1 1 0 1 2 1 0 0 1 1 0 1 0 0 0 0 1 0 0 1 0 0 1 1 2 2 2 0 0 0 0 0 1 0 1 1 0 3 0 1 1 2 0 0 1 0 1 1 1 0 1 0 1 1 1 1 0 1 3 2 0 1 0 2 0 1 0 0 1 1 1 2 1 0 1 2 0
0 1 1 0 1 0 1 1 0 0 0 1 0 1 1 2 1 0 1 0 0 1 1 1 0 0 0 0 0 1 1 0 1 0 1 1 2 1 0 0 1 0 0 0 0 0 0 0 1 1 0 0 1 1 1 1 0 0 1 0 2 1 1 1 0 0 1 1 0 0 1 0 2 2 0 0 1 2 0 1 0 0 0 1 1 0 2 1 1 1 1 0 1 1 0 1 1 0 0 1 0 0 0 1 0 2 2 1 1 0 0 1 1 0 0 2 1 0 0 0 1 0 0 1 1 0 0 0 0 1 0 0 1 0 1 0 0 2 1 0 2 0 0 1 0 0 1 0 1 0
0 3 0 0 0 0 1 2 0 0 1 1 0 0 1 0 0 1 0 0 1 0 1 0 2 1 1 0 0 2 0 1 0 1 1 1 0 2 0 1 2 2 1 0 0 1 1 0 1 0 0 1 1 0 1 0 1 1 0 0 2 1 1 1 1 1 1 1 0 1 0 2 0 1 0 1 0 0 1 1 0 1 0 0 1 0 1 0 0 1 1 0 1 0 1 0 1 0 0 0 0 1 0 1 0 1 1 3 0 0 1 0 0 1 1 1 1 0 1 1 0 1 0 0 1 0 0 0 1 0 1 0 2 2 0 0 1 1 0 0 0 1 1 0 0 1 0 0 1 0
0 0 0 0 1 0 0 1 0 1 1 0 0 2 1 2 2 0 1 0 1 2 0 1 2 0 0 1 0 0 0 1 0 0 1 0 0 2 0 0 2 0 1 1 2 0 2 1 0 0 0 3 1 0 1 1 1 2 0 0 0 1 1 1 1 0 0 0 1 0 0 2 0 2 0 0 1 0 0 1 0 1 1 0 1 1 0 0 1 1 0 0 1 1 1 1 1 1 0 2 0 1 2 1 1 0 1 0 0 1 0 1 1 1 3 0 1 1 0 1 0 1 0 1 1 0 0 0 1 1 0 0 0 1 1 0 0 1 1 0 1 2 1 0 0 0 0 0 0 1
0 1 0 1 1 1 1 1 1 0 1 2 1 1 1 1 1 0 2 0 0 0 1 1 1 1 1 1 2 2 0 1 1 0 1 1 0 0 0 1 1 1 0 1 1 1 0 0 0 1 1 1 0 1 2 1 0 1 1 0 0 1 2 1 1 2 0 0 1 0 1 0 1 1 0 2 1 0 0 0 1 1 1 1 1 1 1 0 1 1 0 3 1 0 0 1 1 1 0 0 0 0 2 2 1 0 0 0 0 0 1 1 1 1 1 0 0 1 1 0 0 0 0 0 1 0 1 1 0 0 1 0 0 1 0 0 0 0 2 0 0 0 1 2 1 0 1 2 2 0
1 0 0 0 0 2 1 1 1 0 0 1 1 1 0 2 1 0 0 0 0 0 0 1 0 1 0 0 1 0 0 0 0 0 1 0 0 0 0 2 2 0 0 1 2 1 0 0 0 1 1 1 0 0 1 0 2 1 0 1 0 0 0 0 0 1 1 1 2 1 2 1 1 0 2 0 1 1 0 1 1 0 0 0 2 0 1 2 2 1 0 0 1 0 1 1 0 2 2 0 1 1 0 0 2 1 0 0 0 0 0 0 1 1 1 1 0 1 0 0 0 2 3 1 0 1 0 1 0 0 1 0 1 1 2 0 0 2 1 0 0 1 1 0 0 0 1 0 0 1
1 1 1 2 0 1 0 0 1 0 0 2 1 1 1 0 1 0 1 0 0 0 0 1 0 1 0 1 1 0 1 1 0 2 1 0 1 1 0 0 1 0 1 0 0 1 1 1 1 1 0 1 1 0 1 1 2 1 1 0 0 1 1 0 0 1 1 0 1 1 0 1 1 0 0 3 0 0 1 0 1 0 0 1 0 0 0 0 1 2 1 0 0 0 2 0 0 0 0 0 2 0 2 0 1 1 1 0 0 2 2 1 1 1 2 0 0 1 0 0 2 0 0 1 1 0 1 0 1 1 0 2 2 0 0 1 0 1 1 0 0 1 0 0 0 1 0 0 1 2
1 1 1 1 1 0 0 0 0 0 0 1 1 0 1 0 0 0 0 1 1 0 1 0 0 1 0 1 0 1 1 0 0 0 0 0 1 0 2 0 2 0 0 2 0 2 1 0 0 0 0 0 1 1 1 1 0 0 0 1 0 0 0 0 1 0 1 0 0 0 1 2 0 0 2 1 0 0 0 1 2 0 0 0 0 0 1 0 1 0 1 0 2 0 1 1 1 1 1 0 1 0 1 0 0 1 2 2 2 1 0 1 0 1 1 0 0 2 0 1 0 1 0 1 3 0 0 0 0 0 2 0 0 2 0 1 0 1 0 2 0 1 0 0 1 2 2 0 0 0
1 1 0 0 0 0 0 1 0 0 2 0 0 1 0 0 1 0 2 0 1 0 0 0 0 0 1 0 0 1 0 1 1 0 0 1 0 1 0 0 0 2 0 0 2 0 1 0 0 1 0 1 1 2 0 0 2 0 0 0 0 1 1 0 0 0 1 0 0 0 1 1 1 1 0 1 0 0 0 2 1 0 2 0 1 2 0 1 0 1 0 0 0 0 0 0 1 0 2 1 0 0 2 0 1 2 1 0 0 0 1 0 0 1 0 1 1 0 0 1 0 0 1 0 2 1 2 0 0 1 2 0 0 1 1 0 1 1 1 0 0 0 1 1 0 0 2 0 0 0
0 1 1 1 0 0 1 0 0 1 1 1 0 1 0 0 0 0 0 1 0 2 0 2 0 1 1 1 0 3 1 0 0 1 1 0 0 0 0 0 0 0 0 2 0 1 0 2 0 1 1 0 1 1 1 1 0 2 1 1 1 0 1 0 0 2 2 1 1 1 1 0 0 0 1 1 0 2 1 1 1 0 0 0 1 0 2 1 1 2 0 2 1 1 0 0 1 2 0 0 0 0 0 1 1 0 0 0 1 0 0 1 1 0 1 1 0 0 0 0 0 0 1 1 0 0 2 1 1 1 0 2 1 0 0 0 0 1 0 0 1 0 0 2 2 0 0 2 1 0
1 1 0 1 0 0 0 1 1 2 1 2 0 2 1 0 0 0 1 0 1 1 0 0 1 1 1 1 1 1 0 1 1 2 0 0 1 1 0 1 1 1 1 0 0 0 2 0 1 2 0 1 1 0 0 1 0 2 2 0 0 1 0 0 0 0 1 1 1 1 1 1 2 0 1 1 0 0 0 1 2 0 0 1 0 0 0 0 0 0 0 1 0 3 1 1 0 2 1 1 0 0 2 0 0 0 0 1 0 0 0 1 1 0 0 0 0 1 0 2 1 1 0 1 1 1 0 1 0 2 0 0 1 0 0 1 1 1 2 1 2 3 0 1 1 1 2 1 0 1
0 0 0 2 0 0 1 0 0 0 0 0 1 0 2 1 2 1 1 0 1 2 1 2 0 0 0 0 0 1 0 1 1 0 1 1 1 0 1 0 1 0 0 1 0 0 0 0 1 2 0 0 2 0 0 0 2 0 1 0 0 1 0 0 0 2 0 0 0 0 0 0 2 0 1 0 2 0 0 0 0 1 0 0 1 0 0 0 0 0 1 0 1 1 0 1 0 1 0 0 1 0 0 0 1 1 2 0 0 1 0 0 1 0 1 0 0 1 0 0 1 1 0 0 0 0 0 0 0 0 1 1 0 0 1 0 0 0 1 1 0 1 0 1 0 0 0 0 1 0
0 0 2 1 1 0 0 0 1 0 1 1 0 0 0 1 1 1 0 0 1 0 0 1 0 0 0 1 1 0 0 0 1 0 0 1 0 1 1 0 0 0 0 1 1 1 1 1 1 1 1 0 1 0 0 0 2 0 0 0 1 0 1 0 1 2 1 1 0 0 1 0 1 0 1 1 0 3 1 1 1 0 1 0 0 0 1 0 0 1 1 1 2 0 0 0 1 1 1 3 1 1 1 1 2 0 0 0 1 0 0 0 0 1 2 1 0 0 0 0 2 0 0 1 2 0 1 0 0 0 0 0 1 0 1 0 0 2 1 0 0 1 2 1 1 0 0 0 1 0
0 0 1 0 0 0 0 0 1 1 1 1 0 1 1 1 1 1 1 1 1 1 1 1 0 0 0 0 1 0 1 0 0 1 1 0 0 0 1 2 0 2 1 1 0 0 1 0 1 0 0 1 0 1 1 0 0 1 0 1 2 1 0 2 0 1 0 0 0 1 1 2 1 0 1 0 1 0 1 1 0 2 0 1 1 0 1 0 0 0 0 0 1 1 3 0 0 1 2 1 1 1 0 0 0 0 1 2 0 0 1 2 1 2 0 0 0 0 2 1 1 0 1 0 0 2 1 1 0 2 1 1 1 1 1 0 2 0 0 2 1 1 1 0 0 0 0 2 2 1
1 0 1 1 2 0 0 1 1 3 0 0 1 0 1 1 1 0 1 2 0 2 0 0 0 1 0 0 1 0 0 0 0 0 2 3 2 0 0 1 1 0 0 1 2 0 2 1 1 1 0 0 1 1 0 0 1 1 1 1 0 0 0 1 1 1 0 0 2 1 1 2 0 0 0 0 1 0 0 0 0 1 0 2 0 1 0 1 0 2 1 1 2 0 0 1 0 1 0 1 2 1 1 1 0 0 2 1 1 0 0 1 1 0 1 1 1 0 0 0 1 2 0 0 1 1 0 1 2 1 1 0 1 0 2 1 1 0 0 2 0 0 1 1 0 1 0 1 2 1
0 2 0 0 0 2 2 2 0 1 0 0 0 2 0 0 0 0 0 1 0 0 0 1 0 0 0 0 2 1 0 0 0 0 0 0 1 0 0 0 0 1 2 2 3 2 0 1 1 0 0 2 1 0 1 1 2 1 2 0 1 0 1 2 1 0 1 0 0 1 1 2 1 0 1 0 0 0 1 1 2 0 0 1 1 2 1 0 2 0 2 1 0 1 0 0 0 2 1 0 0 1 2 2 1 0 0 1 0 0 0 1 0 0 0 1 1 0 0 3 1 0 1 1 0 0 0 0 0 0 0 2 0 0 1 1 0 2 2 0 1 1 0 0 0 1 0 1 0 1
0 0 1 1 1 1 1 1 0 0 1 2 0 2 0 0 0 1 0 0 3 2 2 0 2 0 0 1 1 1 0 0 1 1 2 0 0 2 1 0 0 0 1 0 0 1 0 2 2 0 1 0 1 0 1 1 1 1 0 0 2 0 2 1 1 0 0 0 0 1 0 0 0 1 1 1 0 1 1 1 1 2 1 0 0 0 0 0 0 2 2 1 0 1 0 2 0 0 1 0 0 0 2 2 1 0 2 0 2 0 1 0 0 0 3 2 0 1 1 1 1 1 0 0 0 2 0 1 0 0 0 0 0 1 2 0 0 1 0 1 0 1 0 0 0 1 0 2 0 0
1 1 0 0 1 2 1 0 0 0 0 0 1 2 0 0 0 0 0 1 0 2 0 2 0 2 2 1 0 0 0 1 0 1 0 0 1 1 1 0 1 0 1 1 0 0 1 1 0 1 0 1 0 1 1 0 2 2 0 0 2 0 0 0 0 0 0 0 2 0 1 0 0 1 1 1 0 1 0 0 3 0 1 0 1 2 1 1 0 0 0 1 1 1 1 0 3 2 0 1 0 2 1 1 0 0 1 2 0 1 0 1 0 0 1 0 1 0 0 0 0 0 0 0 1 0 1 2 0 1 1 1 0 0 3 1 1 1 0 1 1 0 1 1 1 0 1 1 1 0
0 0 1 2 1 0 2 1 0 1 1 1 0 2 1 1 0 0 1 0 1 1 0 2 1 0 0 1 1 1 0 1 0 2 0 0 0 0 1 1 0 0 1 0 1 1 1 0 1 0 1 0 1 0 1 0 0 1 1 1 1 0 0 1 0 0 0 1 0 0 0 0 0 1 0 0 1 1 1 0 1 0 0 1 0 0 0 0 0 0 1 0 0 0 0 1 0 2 1 2 1 1 0 0 1 0 1 0 0 0 0 0 1 0 0 1 1 1 2 1 1 0 2 2 1 0 1 1 1 1 0 0 1 0 0 0 2 1 1 0 0 1 0 1 0 1 0 0 0 1
1 1 1 0 1 3 2 0 1 0 0 0 0 1 1 1 1 0 0 0 2 1 0 1 1 0 1 1 2 0 0 0 0 0 0 0 0 0 0 1 1 0 1 1 2 0 0 0 0 0 0 0 1 0 1 0 2 0 1 0 0 1 1 2 1 1 1 1 1 0 1 1 1 0 1 0 0 0 2 2 1 1 2 0 1 0 0 1 0 1 1 0 1 1 1 0 2 1 1 1 0 1 0 0 1 1 0 1 1 0 1 0 0 0 0 2 1 1 2 1 2 1 0 0 1 1 0 0 2 0 0 0 1 2 1 1 1 0 1 0 0 1 1 0 1 1 0 0 0 0
2 1 2 1 0 1 0 0 0 1 1 1 1 0 0 0 2 1 0 0 1 0 0 0 1 2 0 0 0 0 0 1 0 1 1 0 1 0 1 0 1 0 1 0 0 0 0 0 2 0 1 0 0 0 0 1 0 1 0 0 0 0 0 1 1 0 0 2 0 1 2 0 2 0 0 0 1 0 2 1 0 0 0 0 1 0 0 0 0 2 1 1 1 0 0 1 0 1 0 2 1 0 0 0 2 0 3 1 1 0 0 0 0 2 1 0 0 0 0 0 1 0 0 0 2 0 0 0 1 0 0 1 0 2 1 0 1 0 0 0 0 1 0 1 0 0 0 2 2 0
0 0 0 0 1 0 2 1 0 0 0 2 0 1 0 0 0 0 0 1 0 0 1 1 0 0 0 1 2 1 1 1 0 0 0 0 0 0 1 1 4 0 1 0 0 1 0 0 1 2 1 1 1 1 0 2 1 1 0 1 1 1 1 0 1 0 3 0 2 1 0 0 0 0 1 1 0 1 2 1 1 0 0 0 0 1 1 0 1 0 0 1 1 0 1 0 0 0 1 1 0 1 1 0 0 0 0 2 0 1 0 0 0 1 0 1 1 2 1 1 1 2 0 0 1 0 1 0 0 0 1 2 0 0 1 0 0 0 1 1 1 0 1 1 0 0 1 1 1 2
0 1 0 0 0 0 1 0 0 0 0 0 0 0 0 2 1 0 0 1 1 0 1 1 2 1 0 1 2 0 0 1 1 1 0 1 3 0 1 1 1 1 0 1 0 0 1 0 0 0 0 0 1 1 0 1 1 2 0 0 0 0 2 1 0 0 1 1 0 1 0 2 1 1 0 1 1 0 2 0 0 1 1 1 0 0 0 1 1 1 3 0 0 0 1 0 2 0 0 1 1 3 0 1 1 1 0 1 1 3 1 1 1 1 1 1 0 0 0 1 0 1 0 0 0 1 0 0 1 1 0 2 2 0 2 0 0 0 0 0 0 1 0 0 0 1 0 0 1 1
1 1 0 1 0 2 2 2 0 1 0 1 0 2 0 1 1 1 1 1 1 0 1 2 0 1 0 0 0 2 2 0 0 1 0 0 1 1 0 1 0 1 0 0 1 0 1 0 1 0 1 0 1 0 0 1 0 2 0 1 1 0 0 1 1 1 1 0 1 3 0 0 0 2 2 1 0 1 1 0 1 1 0 1 0 0 0 1 0 0 1 1 0 1 0 0 1 1 1 0 0 0 0 0 1 1 4 2 2 1 1 1 0 0 2 0 1 0 1 1 0 1 1 0 1 0 0 0 2 0 0 0 0 2 1 0 0 2 1 1 2 1 0 0 2 1 0 0 0 1
0 2 0 0 1 3 0 1 1 0 0 1 0 2 2 1 0 0 0 0 0 1 0 0 0 0 1 2 1 0 2 0 2 0 2 1 0 0 0 1 1 1 1 0 1 0 0 0 0 1 0 1 1 0 1 0 0 0 0 1 0 0 0 1 0 0 0 0 0 0 0 2 1 0 0 0 1 0 0 0 1 0 0 0 1 2 0 0 1 0 1 1 1 2 1 0 1 0 0 0 1 1 1 0 1 1 1 0 1 1 0 3 0 0 1 0 0 0 1 0 1 0 0 0 2 1 1 0 2 0 1 0 0 1 0 1 1 2 2 0 0 1 0 0 2 1 1 0 0 1
1 1 1 0 0 0 1 0 2 1 1 1 1 1 0 0 1 1 1 0 1 2 0 0 1 0 0 0 0 0 0 0 1 2 0 1 1 1 0 1 1 1 0 0 1 0 1 2 0 0 0 2 1 1 0 0 1 0 0 0 0 0 2 0 0 1 1 1 1 0 1 1 0 2 2 1 1 1 2 1 0 1 0 1 0 0 2 1 1 1 2 0 2 0 1 3 1 1 1 0 2 0 0 0 2 1 2 2 2 0 0 1 1 1 0 1 0 0 0 1 2 0 0 0 0 0 0 1 0 1 2 0 0 0 1 0 0 1 1 1 0 0 1 0 0 2 1 1 1 0
