150
146 53 106 134 150 70 140 120 88 114 53 93 80 104 129 31 128 130 130 119 3 135 91 40 147 115 149 123 32 87 108 64 16 123 98 136 67 98 119 6 139 133 8 100 62 78 49 121 78 76 55 90 86 70 46 37 18 92 97 31 40 77 144 92 89 120 9 5 83 117 55 53 9 72 120 62 11 112 32 54 87 53 119 46 37 38 29 36 98 98 13 81 96 6 5 103 76 142 144 35 124 138 57 32 52 70 125 16 125 91 140 111 14 81 90 146 8 93 110 144 99 44 67 69 96 102 58 53 27 128 55 115 138 1 94 42 124 30 71 18 97 84 100 98 116 108 25 30 44 89
0 0 0 1 0 0 4 1 1 2 0 0 1 1 2 1 4 1 2 0 0 2 1 1 1 1 2 1 0 5 1 1 3 1 0 2 2 0 0 1 1 1 1 0 1 0 0 2 1 0 1 0 1 0 1 0 1 2 0 0 0 1 1 1 0 1 2 1 3 2 1 1 1 2 0 0 0 1 1 2 0 0 0 1 1 1 2 4 0 0 2 1 1 2 1 1 1 2 0 0 2 0 0 0 0 3 2 0 1 0 0 1 1 1 0 0 0 1 1 2 0 1 0 1 1 0 0 1 0 1 3 4 0 1 0 1 1 2 1 0 0 1 1 0 3 2 1 1 1 4
0 0 1 0 0 1 0 0 0 1 2 0 1 1 0 1 2 3 1 1 1 0 4 0 0 2 0 1 1 0 2 2 0 3 1 1 1 2 2 0 0 1 0 2 1 1 0 1 1 1 1 0 0 1 3 0 2 0 1 0 0 1 4 1 0 1 1 2 0 1 1 0 1 1 0 1 1 1 1 0 2 0 1 1 2 3 1 0 1 2 1 0 0 1 0 0 2 1 0 0 1 1 1 0 2 0 1 0 1 1 0 0 0 1 2 0 1 1 1 0 0 1 1 0 0 1 1 0 0 2 0 1 1 1 2 0 1 0 1 0 1 1 1 1 1 0 1 1 3 0
0 1 0 0 1 2 1 1 1 0 1 2 2 0 4 0 0 1 1 1 1 1 3 2 3 1 1 0 1 0 1 0 0 2 1 2 2 1 0 0 1 1 3 2 0 0 0 1 1 4 2 2 1 1 0 1 1 1 0 1 1 2 1 1 0 0 2 0 2 2 2 1 1 0 0 0 0 1 1 1 0 4 0 2 1 2 2 1 1 0 3 0 1 2 1 1 1 2 1 1 0 3 1 0 1 1 1 0 1 1 0 2 1 1 1 1 1 1 0 0 0 1 3 1 2 2 0 1 1 0 0 2 0 2 1 2 0 1 0 0 1 3 2 0 0 0 1 0 1 0
1 0 0 0 1 0 0 0 3 0 2 1 2 3 2 2 2 1 1 1 0 1 1 0 1 1 1 1 0 2 2 0 2 1 0 1 1 1 1 1 0 1 1 1 4 0 2 0 1 1 2 0 1 0 1 0 0 2 1 1 0 1 0 2 2 0 1 4 1 2 0 0 0 0 2 0 0 0 1 1 1 1 1 1 0 4 0 1 0 0 1 0 1 2 0 0 2 2 4 0 1 1 0 0 1 0 0 1 0 0 0 0 2 1 3 1 0 1 2 1 2 0 0 0 3 1 3 0 2 0 1 1 1 2 0 0 0 1 0 1 1 0 0 2 0 0 0 0 5 2
0 0 1 1 0 0 1 1 2 1 1 0 0 4 2 2 0 1 0 3 3 0 0 0 1 0 2 0 2 2 1 0 0 0 1 0 0 0 0 0 0 0 0 0 2 2 2 1 2 0 2 2 3 1 1 1 0 1 1 1 0 1 2 0 0 1 0 1 0 0 0 2 2 0 0 2 0 1 0 1 1 0 0 1 1 1 1 1 1 1 2 2 1 4 2 2 1 2 0 2 0 2 0 0 0 1 1 1 0 0 2 0 0 0 0 1 0 0 0 2 1 0 2 1 1 1 2 2 0 2 0 0 0 2 1 0 1 2 0 1 0 1 3 1 0 2 0 2 0 1
0 1 2 0 0 0 0 2 0 2 1 0 0 1 0 2 1 0 0 0 0 1 0 1 2 0 0 0 0 0 0 1 0 1 1 0 1 0 1 3 1 0 1 1 1 1 2 0 1 1 0 0 2 2 0 1 0 0 1 2 1 0 5 0 2 1 0 1 2 0 0 0 0 1 1 0 3 0 1 2 2 1 1 3 1 1 0 1 1 1 2 1 1 2 0 2 1 0 1 0 1 0 1 1 2 1 0 1 2 0 0 1 1 0 1 0 0 1 0 0 0 3 1 0 2 1 2 1 0 1 0 1 0 5 0 3 0 0 0 0 0 0 1 2 0 3 0 1 2 0
4 0 1 0 1 0 0 1 2 1 2 5 1 0 1 0 2 0 0 0 1 0 1 1 1 0 2 0 1 1 1 2 0 1 1 0 1 0 1 3 0 1 0 1 1 2 2 1 0 1 1 2 3 1 0 0 0 1 0 1 2 1 1 1 0 0 0 1 3 2 0 2 0 3 3 0 1 0 1 1 1 0 2 1 1 0 5 1 0 0 1 0 0 1 0 1 1 0 1 1 0 1 0 0 0 1 0 1 0 0 2 0 0 0 1 0 1 0 0 1 0 0 1 0 2 3 0 1 1 3 0 1 0 0 1 1 1 0 2 0 0 1 1 1 0 1 1 1 1 2
1 0 1 0 1 2 1 0 2 0 0 0 0 0 0 0 1 2 0 3 1 0 0 2 3 0 3 2 1 2 4 0 0 0 1 2 1 0 0 1 1 2 2 3 0 0 3 0 1 0 1 1 4 2 1 1 0 1 1 0 0 3 0 0 2 1 0 0 0 1 0 0 1 0 0 1 0 0 0 1 0 0 2 1 0 2 1 1 2 0 1 1 0 0 1 1 0 1 1 1 1 0 0 1 1 2 3 0 0 2 1 1 3 1 0 2 0 0 1 1 0 0 1 0 1 1 0 1 0 2 0 0 2 1 1 1 1 0 1 1 0 3 3 0 1 1 0 1 1 0
1 0 1 3 2 0 2 2 0 0 0 0 1 1 1 0 0 3 1 1 0 2 1 2 0 0 0 1 0 0 0 3 0 2 0 1 0 2 1 1 3 1 2 0 2 3 2 0 2 0 0 2 0 2 3 0 3 1 2 0 0 2 0 0 0 0 2 0 1 2 1 2 0 1 1 0 1 1 0 1 2 1 0 0 2 0 0 0 3 0 2 0 1 0 2 1 2 0 0 1 0 1 0 1 1 0 0 0 2 0 0 1 1 0 0 1 0 3 0 1 1 1 0 0 1 1 0 1 1 0 2 2 0 2 0 1 1 0 1 0 0 0 1 2 1 0 2 1 0 1
2 1 0 0 1 2 1 0 0 0 1 2 1 1 1 3 0 0 0 0 0 2 0 1 0 1 2 0 2 0 1 0 1 0 3 2 0 2 0 1 1 0 1 1 2 2 0 1 1 0 1 1 1 0 3 0 1 1 1 0 1 0 1 2 0 1 2 2 3 0 1 1 1 0 2 2 1 1 3 4 2 0 1 2 1 2 0 1 1 0 1 0 2 0 1 1 0 1 1 0 2 0 1 1 0 2 1 1 1 2 2 1 0 0 1 1 2 1 0 0 4 1 2 0 1 0 0 2 0 1 0 0 0 0 1 1 0 1 1 0 0 1 4 1 1 1 0 0 0 1
0 2 1 2 1 1 2 0 0 1 0 0 0 1 0 0 0 0 0 2 1 1 0 0 2 1 2 0 1 1 1 0 0 1 1 0 0 0 2 1 1 0 0 0 1 0 0 1 1 0 0 2 1 1 1 2 2 3 1 1 0 0 1 0 2 0 1 0 3 3 2 0 1 1 1 1 4 0 1 4 1 1 0 0 0 0 2 4 0 2 1 0 1 1 2 0 0 1 0 1 1 1 0 1 2 1 0 1 0 0 2 1 3 0 0 0 0 0 0 4 2 1 2 0 0 0 1 3 4 0 0 1 1 1 1 2 0 1 3 2 0 0 3 1 1 2 0 2 2 0
0 0 2 1 0 0 5 0 0 2 0 0 2 2 1 3 0 1 0 1 1 1 1 0 1 0 1 2 0 0 2 0 0 0 1 2 0 2 0 1 1 1 1 1 2 2 0 1 1 2 4 2 2 1 0 1 1 0 1 0 2 1 0 3 2 0 0 1 1 1 2 2 0 1 1 2 2 1 1 2 0 0 0 2 4 1 2 0 0 0 1 0 0 3 0 2 0 0 0 1 0 1 1 1 0 2 0 1 0 1 0 2 2 1 3 0 0 1 0 0 1 0 3 3 0 0 0 0 1 1 2 4 3 1 0 0 1 1 0 0 1 2 1 1 0 4 1 1 0 2
1 1 2 2 0 0 1 0 1 1 0 2 0 1 0 3 5 1 0 1 1 1 1 2 0 1 0 1 2 1 2 6 0 1 0 1 2 2 0 0 2 1 2 1 0 2 3 0 1 1 0 1 0 1 1 0 2 0 1 4 1 0 0 0 2 1 0 0 0 1 0 1 2 0 1 1 1 0 3 1 0 2 2 1 2 0 1 0 0 3 0 1 1 1 2 2 1 0 0 2 0 1 1 0 0 0 2 0 3 0 3 0 1 0 1 1 2 1 0 0 0 1 2 0 0 1 0 2 2 2 1 1 1 0 1 1 0 0 0 1 0 3 0 0 0 0 0 2 0 0
1 1 0 3 4 1 0 0 1 1 1 2 1 0 1 0 1 2 0 2 2 2 1 1 1 2 0 1 2 1 0 0 1 1 0 0 0 1 0 2 1 1 0 0 1 0 0 1 1 3 1 3 1 0 0 2 1 1 2 1 0 4 0 0 1 0 0 1 0 0 2 2 1 2 1 2 0 2 0 2 1 0 1 1 2 0 0 0 3 2 2 0 0 0 1 0 1 1 1 2 1 1 1 1 1 0 0 1 2 1 0 1 0 0 4 2 2 3 1 1 1 1 2 0 2 0 0 1 0 0 0 0 0 2 1 1 1 3 1 1 2 0 1 1 2 0 0 1 0 0
2 0 4 2 2 0 1 0 1 1 0 1 0 1 0 0 2 1 0 0 1 2 1 4 2 0 1 3 1 0 0 0 2 0 3 0 3 0 2 1 2 0 0 1 1 0 1 0 2 1 0 1 0 4 0 1 3 1 1 1 1 2 0 2 1 0 2 1 1 3 0 2 0 1 1 1 2 2 1 1 0 1 1 1 2 2 2 2 0 2 1 0 1 0 1 2 0 2 1 1 1 1 0 0 0 1 2 1 1 2 0 4 2 1 0 1 1 0 2 1 2 2 1 1 1 3 1 0 0 0 1 2 2 0 0 0 1 2 0 0 1 0 4 0 1 1 1 3 2 1
1 1 0 2 2 2 0 0 0 3 0 3 3 0 0 0 1 1 0 0 1 1 2 1 1 2 1 1 4 0 1 0 0 1 0 1 2 2 2 0 0 3 1 2 1 0 1 2 1 0 4 0 0 0 1 0 1 1 2 1 1 0 0 5 0 1 1 2 0 1 3 1 1 1 1 1 2 1 0 0 0 2 1 1 1 0 1 0 0 1 1 2 0 0 0 0 0 2 0 2 2 1 1 0 1 1 0 0 0 2 1 1 1 1 0 2 0 1 0 2 0 1 0 1 0 1 1 0 0 0 2 0 0 0 1 2 1 0 0 0 0 1 0 2 1 2 1 0 1 0
4 2 0 2 0 1 2 1 0 0 0 0 5 1 2 1 0 4 1 0 0 1 2 0 1 2 1 0 0 0 1 2 3 0 2 1 4 1 1 0 2 0 2 2 4 2 2 2 2 2 1 1 2 0 3 0 0 3 0 1 3 1 0 1 1 1 1 1 2 1 2 0 1 1 2 3 2 1 2 0 1 2 1 2 3 0 2 2 0 0 0 3 1 2 0 1 1 0 1 3 1 1 0 1 1 1 0 0 0 1 0 0 1 1 2 1 1 2 2 0 1 2 1 2 0 1 0 1 1 1 3 0 0 1 0 1 1 0 0 0 0 1 0 0 0 0 4 1 2 1
1 3 1 1 1 0 0 2 3 0 0 1 1 2 1 1 4 0 2 2 0 0 0 2 2 1 1 2 0 0 1 0 0 1 0 1 0 2 1 0 0 1 1 0 0 1 0 1 1 2 2 1 1 0 2 1 0 0 0 1 1 0 0 0 1 1 0 1 0 0 0 2 2 0 0 1 2 1 0 1 1 2 3 0 0 0 2 2 1 2 2 2 1 1 1 1 0 0 1 1 0 0 0 3 0 3 0 0 0 2 1 2 0 1 0 1 2 1 1 1 1 1 0 2 0 0 1 1 2 4 1 0 1 0 0 1 2 1 3 0 0 0 0 1 1 4 1 1 1 0
2 1 1 1 0 0 0 0 1 0 0 0 0 0 0 0 1 2 0 4 1 0 0 0 2 3 0 1 0 0 1 0 1 1 1 1 2 2 1 0 0 2 3 0 2 1 1 0 1 1 0 0 0 0 1 1 1 2 3 0 3 0 1 1 0 2 1 0 0 0 1 0 1 0 0 0 2 3 3 1 1 0 1 1 1 1 1 0 1 0 3 1 1 3 1 1 1 0 0 0 0 2 0 1 1 4 1 0 0 0 1 0 0 0 4 2 0 3 0 1 2 0 3 2 2 2 2 0 1 4 1 2 2 1 2 1 2 0 2 1 1 2 1 2 1 2 1 3 1 0
0 1 1 1 3 0 0 3 1 0 2 1 1 2 0 0 0 2 4 0 2 2 2 0 2 2 0 1 1 2 0 0 2 2 2 2 3 0 1 1 1 0 0 1 1 2 2 0 1 1 0 0 0 1 1 0 1 1 0 1 0 1 0 1 1 1 1 0 0 1 1 1 0 0 1 0 4 1 0 1 2 1 2 1 1 0 1 0 0 2 0 0 2 1 0 1 1 0 1 0 1 5 1 1 2 3 0 0 0 1 1 0 0 1 0 1 1 0 2 3 1 1 0 0 0 2 0 2 0 2 2 0 0 1 1 1 0 0 1 1 0 2 0 1 2 0 1 0 0 1
0 1 1 0 3 0 1 1 0 0 1 1 1 2 1 1 0 0 1 2 0 0 0 1 0 2 1 1 0 2 1 1 1 3 0 1 1 1 1 1 1 0 2 6 1 2 1 0 1 0 1 2 0 0 2 2 2 1 2 2 1 1 1 1 0 1 3 2 1 1 0 0 0 3 3 0 0 0 1 3 2 1 2 0 1 3 1 0 2 1 1 2 0 1 0 0 0 2 1 2 1 0 1 0 2 1 2 1 1 1 1 0 0 0 0 1 1 0 0 2 2 1 1 0 1 1 1 0 1 0 2 0 0 0 1 0 1 1 0 1 1 0 3 3 0 1 0 0 1 1
2 0 1 1 0 1 0 0 2 2 1 1 1 2 2 1 1 0 0 2 0 0 1 1 0 0 0 2 1 1 2 2 0 1 0 1 1 1 1 2 2 0 0 0 1 2 0 5 1 0 1 1 2 1 0 2 1 1 1 0 0 1 0 3 2 2 1 1 0 0 4 1 0 5 0 0 0 0 2 1 2 2 2 2 2 1 0 1 2 2 2 3 1 0 0 0 1 2 0 2 1 0 1 1 1 0 1 0 0 0 1 0 1 1 1 0 1 1 0 1 1 6 0 1 2 1 1 0 0 1 0 0 2 1 1 0 0 1 1 2 0 0 2 2 1 1 0 2 0 0
1 4 3 1 0 0 1 0 1 0 0 1 1 1 1 2 2 0 0 2 0 1 0 1 1 0 0 1 0 0 1 1 0 3 1 0 0 2 0 1 0 1 4 0 2 1 0 0 0 1 0 3 2 1 3 1 1 1 1 1 0 0 0 0 2 0 2 1 1 1 4 0 0 0 1 0 0 2 1 0 0 1 1 2 1 0 2 1 0 0 1 1 3 0 1 1 0 1 2 2 2 1 0 0 2 2 0 0 1 2 2 2 0 1 1 1 0 1 1 0 1 2 0 1 1 2 1 1 0 1 2 0 2 3 1 1 1 1 0 0 2 1 1 0 1 2 0 2 0 2
1 0 2 0 0 1 1 2 2 1 0 0 2 1 4 1 0 2 0 0 1 1 1 0 4 1 1 0 0 1 1 1 0 1 1 0 0 0 1 2 2 0 0 1 0 1 2 1 1 0 1 0 0 0 1 1 0 1 0 1 2 2 1 0 1 1 0 1 1 2 1 1 3 0 0 1 1 1 2 1 0 1 2 1 0 0 0 1 1 2 3 0 2 2 2 0 2 1 2 1 0 1 2 2 1 0 2 1 1 0 1 0 1 0 0 2 0 0 0 1 2 2 0 0 2 0 1 1 1 2 2 0 1 0 1 0 0 1 3 2 0 0 1 0 1 1 0 1 0 1
1 0 3 1 1 2 1 3 0 0 2 1 0 1 2 1 1 2 2 2 0 0 1 4 0 1 2 1 0 1 2 1 1 1 0 3 1 1 2 1 1 1 1 4 0 0 1 0 0 2 3 4 1 1 0 1 0 1 2 0 3 3 4 0 1 1 0 0 1 2 1 3 2 2 0 0 0 1 0 0 0 2 1 0 0 2 1 1 0 2 0 0 2 1 0 2 1 1 0 1 2 0 0 0 0 1 0 0 1 1 1 0 1 0 0 0 2 0 2 2 1 0 1 1 1 0 1 3 1 2 1 0 1 0 1 1 0 2 1 1 1 1 2 1 0 1 1 1 3 1
1 2 1 1 0 0 0 0 0 1 1 0 1 2 0 2 2 1 3 2 2 0 0 1 1 0 2 2 0 1 1 0 0 0 0 3 2 1 1 1 2 1 1 0 0 2 0 2 1 0 0 2 2 3 0 0 0 2 0 1 2 1 0 1 1 0 2 0 5 0 1 2 0 1 0 0 2 0 2 3 3 1 0 0 0 0 0 0 1 1 2 2 2 0 0 0 1 0 1 1 1 1 0 1 1 1 1 0 1 1 0 1 2 1 2 3 1 1 1 2 0 0 0 0 0 0 0 2 1 3 0 0 0 1 0 0 1 1 0 3 5 1 1 1 1 2 2 1 1 1
2 0 1 1 2 0 2 3 0 2 2 1 0 0 1 1 1 1 0 0 1 0 0 1 2 2 0 1 0 2 0 2 0 2 3 1 1 1 2 0 0 0 2 0 3 1 1 0 1 1 1 3 1 1 0 0 1 2 0 1 0 0 1 1 1 1 1 0 2 0 2 1 2 1 2 1 0 2 0 0 1 0 0 1 1 0 0 2 2 3 3 1 1 0 1 0 1 0 2 1 1 1 1 1 0 1 2 0 0 2 1 0 1 0 2 2 1 2 0 0 1 0 1 0 1 1 1 0 0 2 0 1 1 1 0 1 0 2 2 4 0 1 1 2 0 2 1 2 0 0
1 1 0 1 0 0 0 2 1 0 0 2 1 1 3 1 0 2 1 1 1 2 1 0 1 2 1 0 1 0 3 0 3 3 0 1 1 0 2 0 1 0 1 3 0 2 0 0 0 1 0 1 2 1 1 2 1 1 2 0 3 0 1 0 0 1 1 1 0 1 0 0 0 1 3 1 2 0 1 1 2 3 1 0 1 2 1 0 2 1 1 0 2 2 0 1 2 2 2 0 0 3 2 0 0 1 3 2 3 1 1 0 1 0 2 0 1 2 1 0 0 0 0 0 1 0 1 1 1 1 1 0 1 0 2 1 3 1 1 2 0 2 1 0 0 1 1 0 1 1
0 1 1 0 2 0 1 1 0 2 1 0 2 2 1 4 0 0 0 1 0 1 0 0 0 0 0 1 0 0 1 0 1 1 0 0 1 1 3 1 1 0 1 0 2 1 1 0 1 1 1 0 0 2 2 0 1 1 1 1 2 1 1 3 2 1 2 0 1 1 0 2 1 1 0 0 2 0 2 1 1 0 1 2 2 2 0 1 1 1 0 0 0 1 1 0 1 0 0 2 2 1 2 3 2 1 0 1 0 0 3 1 2 1 1 2 2 2 1 2 0 1 0 1 1 2 0 0 2 0 0 1 1 1 1 1 0 1 1 0 1 2 0 1 0 2 2 2 0 2
5 0 0 2 2 0 1 2 0 0 1 0 1 1 0 0 0 0 0 2 2 1 0 1 1 1 2 0 0 0 1 0 0 3 0 0 1 0 0 0 0 1 1 0 1 1 1 0 0 1 3 0 2 0 1 3 2 1 1 1 1 1 0 1 1 1 1 0 1 1 0 1 1 0 0 0 0 1 0 0 1 0 0 0 2 2 2 0 0 2 2 3 2 1 1 1 1 2 0 0 3 1 2 1 2 2 2 1 1 2 1 1 0 0 0 2 1 0 0 1 2 2 1 1 2 0 0 3 0 2 0 1 0 0 0 0 1 1 1 0 1 0 0 0 1 1 1 0 1 2
1 2 1 2 1 0 1 4 0 1 1 2 2 0 0 1 1 1 1 0 1 2 1 1 2 1 0 3 1 1 0 0 3 1 1 1 0 0 1 0 2 1 1 0 0 1 0 1 2 0 1 1 1 0 1 3 0 1 0 2 0 1 0 1 1 0 1 0 2 2 1 1 0 0 2 1 1 3 0 0 0 1 1 0 1 1 0 1 1 0 0 0 2 1 1 1 1 0 1 1 2 1 0 0 0 1 1 0 0 1 0 0 1 1 0 0 0 1 3 1 0 1 0 2 1 0 0 1 1 1 1 0 0 1 0 1 2 5 1 0 2 0 0 3 1 0 1 5 2 2
1 2 0 0 0 1 2 0 3 0 0 0 6 0 0 0 2 0 0 0 1 2 1 1 1 0 2 0 0 0 0 0 2 0 0 0 1 0 2 1 3 0 2 0 0 0 3 1 2 0 1 1 1 1 0 2 1 1 2 0 0 2 2 0 0 1 1 1 1 3 0 0 2 1 1 1 1 3 1 1 3 0 1 1 1 0 0 3 1 0 1 1 1 0 2 1 0 0 0 1 1 1 1 1 1 1 0 0 1 0 0 0 3 1 2 0 2 0 1 0 2 1 0 1 1 0 1 0 0 0 1 0 0 2 0 1 0 0 0 1 1 2 0 2 3 0 0 0 0 1
3 0 0 2 0 0 0 0 0 1 0 0 0 1 2 0 3 0 1 2 1 0 0 0 1 0 0 3 1 0 3 2 0 0 1 2 0 2 0 2 2 1 3 1 2 1 1 2 1 0 0 0 1 2 0 2 0 0 1 1 1 0 0 0 2 0 1 0 0 1 0 1 0 1 3 0 2 0 0 1 0 2 0 0 1 0 0 0 1 0 1 0 0 0 0 0 2 2 1 2 0 0 0 2 2 0 3 3 0 1 1 0 1 1 0 1 2 0 0 1 1 0 0 1 0 0 1 0 0 1 0 0 0 1 2 1 0 0 1 0 1 0 1 0 2 1 2 1 0 0
1 3 2 1 0 1 1 0 2 0 1 0 1 1 0 1 0 1 1 2 3 1 3 1 1 0 2 3 1 3 1 0 0 0 1 2 0 3 0 1 1 1 2 1 1 3 1 0 1 2 1 3 1 2 1 1 2 1 0 1 1 1 1 3 3 1 2 1 1 0 0 5 2 1 0 2 4 0 3 1 1 1 0 1 0 1 1 0 0 1 0 1 0 1 1 0 0 1 2 0 2 1 0 3 1 0 0 0 0 0 2 2 1 1 0 0 1 1 1 2 1 1 1 1 1 1 0 1 0 0 0 2 1 1 0 1 2 0 0 1 0 1 0 0 0 1 0 0 2 2
0 1 1 0 1 1 1 1 0 3 1 1 0 0 3 0 2 0 1 2 0 0 1 1 0 0 3 0 0 0 1 0 1 1 0 0 1 1 1 2 0 0 2 2 1 0 0 0 0 1 0 1 2 1 1 0 1 0 0 1 1 0 2 1 0 1 0 2 0 1 2 0 0 1 0 2 1 0 1 0 3 2 1 0 0 1 3 0 2 0 2 3 0 1 1 0 3 2 1 1 0 1 1 1 1 0 1 3 1 0 1 1 1 1 0 4 0 3 0 0 1 2 1 3 1 0 0 1 0 0 2 1 0 0 2 0 3 0 1 2 2 0 3 1 2 1 0 1 1 3
2 1 2 1 0 0 0 2 1 2 0 2 1 0 0 1 1 1 1 2 1 1 0 0 3 3 1 1 0 0 1 0 2 2 0 0 0 1 0 1 1 1 1 1 0 1 2 0 2 0 1 2 0 2 3 0 1 1 0 0 0 0 3 2 1 0 0 2 0 0 0 2 0 1 3 1 0 2 0 1 3 1 1 0 0 2 2 1 0 1 1 1 3 0 0 1 1 0 1 1 0 1 1 0 1 2 1 3 0 0 1 1 1 0 1 2 0 1 3 1 1 1 0 1 1 1 0 1 0 0 2 0 0 1 2 2 2 0 2 2 0 0 0 1 1 2 2 1 1 0
2 1 2 1 0 1 1 1 0 0 0 0 2 0 3 2 4 0 2 3 1 1 0 0 1 2 1 1 1 1 0 1 0 0 1 0 0 1 0 1 1 3 2 0 0 2 0 0 1 1 1 0 2 1 2 0 3 1 1 2 1 2 0 0 0 0 1 1 1 0 0 0 0 3 4 3 0 2 1 3 0 2 0 3 0 0 1 0 2 1 0 2 0 0 0 1 3 1 2 1 2 0 1 1 0 0 2 0 2 1 1 2 0 0 0 0 2 1 1 0 2 1 1 0 2 2 0 0 1 0 0 0 0 0 0 0 1 2 1 2 0 0 1 0 4 1 0 0 2 1
0 2 1 1 0 0 0 0 2 2 0 2 2 1 0 2 1 2 2 0 1 1 2 0 1 1 1 0 1 0 0 0 2 3 1 1 1 0 5 2 2 1 0 0 1 1 1 0 1 0 2 1 0 0 0 1 2 2 0 1 1 1 2 0 0 1 1 0 0 1 0 1 2 0 1 0 2 6 1 1 2 2 1 1 0 3 1 1 1 1 2 2 1 1 0 3 1 1 1 4 1 2 1 1 1 1 0 2 1 0 1 0 0 2 2 3 0 1 0 0 1 1 0 1 1 3 1 0 0 0 0 0 2 1 0 2 0 2 0 2 0 2 0 0 3 1 1 1 1 1
0 2 0 1 0 1 1 0 1 0 2 0 0 0 2 2 1 1 1 1 1 1 0 1 2 1 2 2 3 0 1 2 0 0 1 0 0 5 0 1 0 3 1 3 0 1 1 2 0 0 2 2 0 0 0 0 1 2 2 0 1 1 1 1 0 0 0 0 0 1 3 1 1 0 0 1 2 1 0 0 2 0 1 4 3 0 0 3 1 2 1 0 1 1 3 1 0 0 0 0 1 1 1 0 1 0 0 1 0 1 1 1 3 0 1 0 0 1 1 1 1 0 1 2 3 3 0 1 1 0 1 0 0 1 1 0 1 1 0 0 1 0 1 1 2 1 1 3 0 0
1 0 0 1 0 3 3 1 1 1 1 1 0 2 1 0 0 0 0 1 1 2 1 2 1 1 0 0 1 0 0 1 2 1 2 1 1 2 1 0 1 2 1 1 2 1 1 0 0 1 1 0 2 1 3 1 1 0 1 0 0 1 1 1 0 1 1 1 1 1 2 0 3 0 2 0 0 1 1 1 2 0 3 2 1 1 0 1 0 1 0 2 2 3 4 0 3 1 1 2 3 2 1 1 1 1 1 0 2 2 0 0 1 1 1 2 0 0 0 0 2 3 0 1 0 1 0 0 0 1 3 2 0 1 1 0 2 0 1 1 1 1 1 0 2 0 1 2 1 1
1 0 1 0 0 1 0 1 3 1 1 1 2 1 2 0 2 0 0 1 1 2 0 2 1 2 0 1 1 0 2 3 2 1 0 1 1 2 0 1 0 1 1 1 0 0 0 2 2 0 0 1 1 1 2 1 1 4 0 2 0 1 0 0 0 1 1 0 0 1 1 1 1 1 2 0 2 1 0 2 0 0 2 2 1 0 1 1 1 0 1 2 0 1 0 1 1 1 2 1 0 0 0 0 0 0 2 2 1 1 1 1 0 0 1 1 1 1 2 2 1 1 0 4 1 1 1 0 0 2 1 0 1 1 2 2 0 1 0 0 2 3 1 2 3 2 1 1 0 0
1 1 1 1 0 0 1 2 1 0 0 1 1 1 0 3 0 1 2 0 0 0 1 0 1 1 0 0 0 1 1 0 1 1 0 1 3 1 3 2 1 0 3 1 0 1 2 1 1 0 1 0 1 1 0 2 2 0 2 1 0 1 0 0 2 1 0 1 2 1 0 2 0 1 0 1 0 1 0 0 2 0 1 1 0 0 1 1 1 2 1 1 1 0 1 1 0 0 2 1 1 0 2 1 0 1 2 1 1 1 0 2 1 0 0 0 0 1 0 0 2 2 3 2 1 1 1 0 1 0 2 1 0 4 3 0 2 1 1 1 3 0 1 2 0 2 0 2 0 2
1 0 3 1 0 1 0 2 2 1 0 1 2 0 0 1 2 1 3 0 2 0 4 0 1 1 2 1 1 1 1 2 3 2 2 1 2 0 1 1 1 3 0 2 0 0 1 0 0 1 2 1 0 1 0 0 1 1 2 1 0 1 0 0 0 0 0 2 0 0 1 1 3 1 0 0 0 2 1 0 1 1 1 0 0 1 0 1 3 0 1 2 0 0 2 5 0 1 0 1 1 1 0 3 0 3 1 2 0 1 2 0 0 0 1 1 1 0 0 1 0 2 1 2 2 0 0 2 0 0 2 1 0 1 0 2 1 1 1 3 0 0 0 2 0 1 0 1 0 0
0 2 2 1 0 1 1 3 0 1 0 1 1 0 1 2 2 0 0 1 6 0 0 1 4 0 0 3 0 0 0 0 1 1 2 1 0 0 3 1 1 1 2 0 0 1 3 0 1 2 0 0 0 0 2 1 0 1 2 1 1 1 2 2 1 1 0 2 2 0 1 0 0 1 3 0 1 0 0 3 0 2 3 0 1 0 0 4 1 1 0 1 0 1 1 0 0 1 0 0 1 0 3 0 1 1 2 1 3 1 0 1 3 1 1 2 1 1 2 0 1 1 1 0 2 0 0 1 3 1 2 2 1 2 0 2 1 1 2 1 0 1 1 0 3 0 1 1 0 0
1 1 0 4 2 1 1 0 2 2 1 2 0 1 1 1 4 0 2 1 1 1 2 0 0 0 3 0 2 1 0 0 2 1 1 0 0 1 0 2 0 0 0 0 0 0 3 1 2 5 3 1 1 1 1 2 2 2 1 1 1 0 0 0 1 1 0 1 1 0 0 0 1 0 1 2 2 2 1 0 1 1 1 2 1 2 0 2 2 1 3 0 2 1 0 1 0 0 0 0 1 2 2 1 0 2 2 1 1 0 0 1 1 1 2 1 1 1 0 2 1 1 0 3 1 0 0 2 0 0 1 0 1 1 1 0 0 0 1 1 1 1 1 1 1 1 0 3 0 0
0 1 0 0 2 1 2 0 3 2 0 2 2 0 0 0 2 1 1 2 2 2 1 1 0 2 1 2 1 1 1 0 1 3 0 1 2 1 1 1 0 1 0 1 0 0 0 0 1 1 1 0 0 0 0 1 1 0 3 0 0 0 0 0 2 0 1 0 1 2 2 0 0 2 4 1 2 1 1 1 0 2 2 0 2 0 1 1 0 0 2 2 1 0 1 1 0 2 0 1 0 1 1 0 1 1 4 2 1 1 1 0 3 0 1 1 0 0 1 0 1 2 0 1 1 0 1 0 0 2 0 2 0 0 2 2 2 2 1 1 0 1 0 2 0 0 2 2 1 0
0 0 0 2 2 2 2 3 2 0 0 0 3 0 1 1 2 0 1 2 1 0 0 2 1 0 1 0 1 1 0 3 1 1 0 2 0 1 1 1 0 2 1 3 3 0 0 1 1 1 1 1 1 7 0 3 0 0 3 0 0 0 0 0 1 1 1 1 0 2 1 1 0 1 1 1 0 0 0 0 0 0 1 1 0 0 2 1 1 2 2 1 1 3 1 2 1 0 2 0 1 3 1 0 2 2 0 1 1 0 0 1 1 0 1 0 0 2 0 1 0 1 2 1 2 1 1 1 1 1 0 0 3 0 0 2 2 1 1 1 1 2 0 3 2 1 2 2 0 1
2 1 1 0 1 0 1 0 0 1 1 1 0 1 0 2 2 1 0 0 0 5 0 1 0 2 0 0 0 0 1 1 2 0 0 0 0 0 2 0 2 1 0 0 1 0 1 0 1 0 1 0 1 1 0 1 0 3 1 3 0 1 0 1 2 0 1 0 1 1 0 0 0 2 0 0 0 0 0 3 3 1 0 1 1 3 0 1 1 1 0 1 2 0 2 0 1 3 2 0 0 1 1 1 0 3 0 0 2 2 2 1 1 2 0 0 0 1 1 1 1 1 1 1 0 0 0 1 1 1 2 1 1 0 0 0 1 2 0 1 1 1 1 1 0 0 0 1 2 2
1 1 1 1 2 1 0 1 2 1 1 1 1 1 2 1 2 1 1 1 1 1 0 1 0 1 1 0 1 0 2 2 1 1 0 2 1 1 0 0 2 1 0 1 2 1 1 1 0 0 1 1 1 0 2 2 1 0 2 2 1 0 2 2 0 1 0 1 0 1 1 1 0 2 2 2 0 1 1 1 0 1 2 0 1 0 0 4 0 1 1 2 1 0 1 3 1 2 0 2 1 0 3 3 0 1 1 2 0 0 1 2 2 3 1 1 0 3 2 0 2 2 0 1 3 1 0 0 0 0 0 0 1 1 1 1 1 1 0 1 2 2 2 1 1 0 1 0 1 1
0 1 4 1 0 1 1 0 0 0 0 2 1 3 1 0 2 2 1 1 0 0 1 0 2 0 1 1 1 1 0 0 0 2 1 0 1 0 0 1 0 0 1 2 5 1 1 0 0 0 2 4 1 1 0 2 0 0 0 0 2 0 4 1 1 3 1 2 1 2 3 1 0 0 2 2 3 0 0 1 0 0 0 0 1 0 0 0 3 0 0 2 0 1 2 1 1 1 1 1 3 0 0 1 1 0 2 1 1 1 0 1 4 1 1 1 1 0 2 0 1 1 0 2 0 2 0 2 2 0 1 2 1 2 0 0 0 1 1 0 1 0 1 1 1 0 1 2 0 0
1 1 2 2 2 0 1 1 0 1 0 4 0 1 0 4 1 2 0 0 1 1 0 1 3 0 1 0 1 3 1 1 0 1 0 1 1 2 2 1 0 1 2 0 3 1 1 1 1 2 0 0 1 2 4 1 1 1 1 0 1 0 1 0 1 1 1 1 0 1 0 2 0 0 1 1 1 2 1 1 2 1 1 0 2 0 1 0 1 1 1 0 0 1 3 4 0 2 0 1 1 1 1 2 1 0 1 1 2 0 1 1 2 1 0 0 3 1 2 0 0 1 2 1 0 1 2 0 0 0 2 1 1 0 1 0 1 3 2 0 1 3 0 1 0 3 2 0 1 0
0 0 2 0 2 0 2 1 2 1 2 2 1 3 1 0 1 1 0 0 2 1 3 0 4 2 3 1 0 0 1 1 0 3 1 2 0 1 2 0 1 0 1 0 1 0 1 0 1 4 0 0 1 1 1 0 1 0 1 2 3 1 0 1 2 1 1 0 1 0 1 1 1 1 1 0 2 0 0 2 1 1 1 1 1 2 0 1 0 2 0 1 0 1 0 1 3 0 1 1 1 3 0 1 2 1 3 0 1 1 1 1 1 1 0 1 2 0 1 1 0 1 1 2 0 0 1 2 2 1 1 0 1 1 2 0 1 0 0 2 2 2 2 2 1 1 0 0 1 0
1 0 1 1 3 2 3 4 0 1 1 2 0 1 0 0 2 1 0 0 0 2 2 0 1 2 1 2 0 2 1 1 1 1 2 0 2 0 0 2 1 1 0 0 1 0 1 1 1 1 1 1 0 0 0 0 2 2 1 0 1 2 0 2 0 0 0 0 0 2 1 0 0 0 0 1 2 0 1 1 1 0 0 1 3 1 0 1 4 2 1 2 1 2 1 3 0 1 2 1 1 1 0 2 1 0 2 0 2 1 0 0 2 0 1 0 3 3 0 1 0 0 2 2 1 1 2 1 2 0 5 1 2 2 0 0 2 0 1 1 4 1 2 1 0 1 0 1 2 1
0 1 1 0 1 2 1 2 2 0 1 1 1 0 4 0 0 0 0 1 0 1 1 0 1 3 1 1 2 0 0 1 2 2 1 2 1 0 0 1 1 1 1 0 1 0 7 1 0 1 2 1 0 0 0 1 1 0 0 1 0 4 0 1 0 2 0 0 2 1 0 0 1 1 1 1 1 0 0 1 4 0 0 1 0 1 0 1 1 2 1 2 0 1 1 1 1 1 1 1 1 3 1 0 0 1 1 1 0 0 1 5 2 0 0 1 2 1 0 2 0 1 1 1 1 1 1 1 0 0 0 1 0 2 1 1 0 1 3 2 0 0 4 2 1 0 0 1 0 2
1 3 0 1 1 0 0 1 3 3 1 0 1 0 0 1 3 2 1 1 2 0 3 1 0 0 0 1 2 1 1 0 0 1 1 3 2 0 0 3 2 0 0 2 1 0 0 0 2 0 4 1 0 0 0 2 0 0 1 0 0 2 0 0 1 1 0 1 0 0 1 2 1 0 0 0 1 1 0 0 2 1 1 1 1 0 1 0 1 0 1 2 0 1 1 0 0 1 1 0 0 0 1 0 0 2 1 1 1 3 1 1 0 2 0 0 1 2 0 1 0 1 0 0 2 1 1 0 2 1 1 0 2 0 1 0 1 0 0 2 2 2 0 2 4 0 0 1 1 0
0 0 1 0 1 1 0 1 0 0 2 1 0 2 1 0 0 1 1 0 2 2 1 1 1 0 0 2 0 3 3 2 2 1 0 0 0 1 0 1 1 2 0 1 2 1 3 1 2 2 1 0 0 1 2 0 0 1 0 2 2 1 2 0 0 0 2 1 0 1 1 2 0 0 1 0 0 1 1 1 1 0 0 2 1 1 0 0 1 1 0 1 1 1 0 0 1 0 0 1 0 1 0 2 0 0 1 1 2 2 1 1 0 1 0 0 1 1 1 0 1 0 2 2 2 1 0 0 0 1 1 2 1 1 1 1 2 0 0 1 0 1 0 0 0 4 2 0 1 0
1 2 1 0 0 0 0 0 3 1 2 1 2 1 3 1 0 0 1 1 2 1 1 0 0 0 1 1 1 2 0 1 0 2 1 1 3 2 1 1 1 2 1 0 2 1 0 0 1 0 1 1 2 1 0 0 0 1 1 1 1 2 0 0 1 1 0 2 1 0 0 0 1 0 1 2 1 0 0 2 0 2 0 2 0 0 4 1 1 0 0 0 3 0 2 0 1 1 2 1 3 2 0 1 1 2 1 0 1 2 3 2 0 0 0 0 1 1 1 3 1 1 1 0 0 0 0 0 0 0 1 0 1 1 2 0 2 1 1 0 0 0 2 1 1 0 0 2 1 0
2 0 1 2 1 0 1 1 1 1 3 0 0 1 1 1 3 0 2 1 1 1 1 1 1 2 2 1 1 1 1 1 0 1 0 1 1 2 2 0 4 0 1 1 2 0 0 3 0 0 1 0 2 0 0 1 1 0 0 2 0 1 1 2 1 2 0 1 1 2 3 1 1 1 3 0 1 1 2 2 1 0 0 3 0 1 0 2 2 2 1 0 1 2 0 2 2 0 1 1 0 1 0 0 1 1 1 2 1 1 1 1 0 4 1 1 0 0 0 2 0 1 1 0 0 0 2 1 0 1 2 1 2 2 2 0 0 0 1 5 2 0 1 1 1 3 1 1 0 1
0 1 0 1 1 1 0 1 2 1 1 1 1 2 1 2 0 0 3 0 2 1 1 0 2 0 0 2 1 1 0 2 1 0 0 0 1 0 2 1 0 2 2 2 1 3 3 1 2 0 1 1 1 0 1 0 1 0 0 1 2 0 2 1 3 1 0 1 0 2 1 0 2 0 1 2 1 2 0 0 2 0 1 0 2 1 4 1 2 0 2 0 0 0 0 0 0 0 1 0 1 2 3 0 0 2 0 0 0 2 0 0 3 0 0 4 3 0 0 0 0 1 1 0 1 1 4 1 0 4 3 1 2 0 1 1 1 2 1 3 0 0 0 0 0 0 0 2 0 0
0 0 1 1 1 2 1 0 0 0 1 0 4 1 1 1 1 1 0 1 2 0 1 1 0 1 1 0 1 1 2 0 1 1 1 0 2 1 0 0 2 1 1 1 1 0 0 3 2 0 0 2 0 1 0 2 1 2 1 0 0 1 1 1 1 0 1 0 0 2 1 0 1 1 0 1 4 2 1 0 2 2 0 1 1 2 0 0 1 1 2 2 1 0 1 1 2 0 0 1 2 0 1 0 0 2 2 0 2 1 0 2 0 3 1 1 0 0 0 2 1 2 0 3 2 1 0 0 3 1 1 1 1 2 1 1 1 1 0 2 3 1 1 1 1 0 0 4 1 0
0 0 1 0 0 1 2 0 0 1 0 2 1 0 1 1 3 1 3 0 1 0 0 2 3 2 0 3 2 1 0 0 1 1 1 0 1 1 1 0 0 0 0 1 1 0 0 0 1 2 1 3 1 0 0 2 1 0 2 0 0 0 1 0 1 0 0 1 1 1 3 4 0 0 2 0 1 2 2 0 2 0 1 0 2 2 0 1 0 1 2 2 3 1 0 0 1 0 1 1 1 0 1 0 1 0 1 1 0 1 1 3 0 1 0 0 1 1 1 0 0 0 0 1 0 2 1 0 1 0 0 1 2 2 0 0 2 1 0 2 1 0 1 0 1 1 0 1 1 3
1 1 2 1 1 0 1 3 2 0 0 1 0 4 2 0 1 0 0 1 1 1 0 2 3 1 0 0 1 1 1 2 0 1 0 0 2 1 1 1 1 1 1 1 0 0 0 1 0 0 0 1 2 4 2 1 2 1 0 1 0 0 0 1 1 2 2 2 0 2 1 1 2 0 1 2 0 0 3 1 1 0 0 1 2 1 3 2 2 1 0 1 0 0 2 1 1 0 0 0 1 0 2 0 0 1 0 0 1 2 1 1 0 1 1 0 2 1 2 0 0 0 1 0 1 2 2 1 0 1 1 2 2 0 0 0 0 1 2 0 1 0 2 1 0 1 1 0 1 0
1 4 1 0 2 5 1 0 0 1 1 0 0 0 0 0 0 0 1 0 1 0 0 1 4 0 1 1 1 0 0 2 0 1 2 3 0 2 1 1 0 0 0 2 0 0 0 0 2 4 1 0 0 0 0 2 0 1 2 1 1 0 0 1 0 1 2 1 1 1 1 0 1 2 1 0 0 1 0 1 2 5 1 0 0 0 1 1 1 2 0 0 1 1 0 4 0 0 0 0 0 2 1 0 1 0 0 1 1 1 0 1 0 0 0 2 0 1 1 2 1 0 2 1 0 2 0 1 0 0 2 0 1 0 2 0 2 1 0 1 1 0 2 1 1 0 3 0 1 2
1 1 1 2 0 0 1 0 0 2 0 3 0 0 2 5 1 0 1 1 1 3 0 0 0 1 1 0 3 1 1 0 0 3 1 2 0 0 1 1 0 0 0 2 0 0 0 1 2 1 0 1 2 1 0 0 0 2 1 1 0 1 1 0 0 1 1 0 0 1 3 1 1 0 1 3 2 1 1 2 2 0 3 0 0 1 0 1 1 1 1 1 1 1 2 3 3 2 1 0 0 0 0 0 1 2 1 1 4 1 1 1 0 0 2 0 2 0 2 1 0 0 0 2 0 2 1 1 1 1 1 2 1 1 1 0 1 1 2 0 0 1 0 2 1 1 1 2 0 1
0 0 0 2 0 2 0 2 0 0 2 2 2 1 1 0 1 1 0 1 0 2 2 1 1 1 1 0 2 1 1 0 2 3 0 1 0 0 0 0 0 2 0 1 1 2 1 2 0 1 1 2 0 0 1 0 1 1 3 1 1 1 0 0 0 1 1 0 0 0 2 0 0 1 2 1 0 0 1 1 0 0 0 1 1 1 1 1 1 4 1 0 2 2 1 0 1 1 0 3 1 3 0 1 0 0 1 1 1 5 1 2 2 0 0 0 0 2 1 2 1 2 0 0 2 2 7 1 0 1 1 2 0 1 2 1 3 0 0 0 1 1 0 1 0 0 0 2 3 3
1 1 0 0 1 1 0 1 0 1 0 0 1 0 0 1 1 1 2 1 1 2 0 1 1 0 1 1 1 1 0 1 0 1 1 0 0 1 0 1 1 1 0 1 1 0 1 0 1 3 1 1 0 2 1 0 1 2 1 0 0 2 1 1 1 0 3 1 3 1 1 1 0 0 1 0 0 3 0 1 0 0 0 0 0 0 0 3 2 1 1 1 1 0 1 1 2 0 0 0 3 3 0 2 1 1 0 0 2 1 0 1 1 1 0 2 2 2 0 0 2 4 0 0 0 0 1 3 1 1 1 1 1 0 2 0 1 1 1 0 2 1 1 1 0 0 0 0 0 3
2 1 2 1 0 0 0 0 2 2 1 0 0 0 2 1 1 0 1 1 3 1 2 0 0 2 1 1 2 1 1 1 1 2 0 0 1 1 0 1 1 0 0 0 0 1 1 1 0 1 1 1 0 0 0 2 0 0 0 1 0 2 2 1 1 3 0 1 1 2 1 1 0 1 1 0 1 1 1 0 0 0 1 1 3 3 1 0 1 1 0 0 0 4 1 1 1 0 1 0 1 1 1 1 1 1 4 2 0 2 2 1 1 2 2 1 1 0 1 2 2 0 0 0 1 0 2 0 1 0 0 0 1 0 0 1 0 0 1 1 1 0 3 1 0 0 3 2 0 0
1 2 0 4 1 1 1 0 0 2 0 1 0 1 1 2 1 1 0 0 2 1 1 1 0 0 0 1 0 0 0 1 0 1 2 2 1 0 0 1 0 1 2 2 1 0 1 0 1 2 1 0 0 0 1 1 2 1 1 0 1 2 1 0 0 1 1 0 0 2 1 2 2 1 1 2 1 0 1 0 1 1 1 0 2 0 0 2 1 2 1 2 1 1 0 2 1 2 0 2 1 1 1 0 0 0 1 0 0 0 1 1 0 3 1 1 0 0 0 1 1 0 0 2 2 0 0 0 1 1 0 0 0 0 1 0 2 0 1 1 0 1 1 1 1 4 1 2 1 1
3 0 2 1 0 2 3 0 1 3 3 1 0 0 1 0 2 0 0 0 1 0 1 1 1 5 2 0 1 1 2 1 0 1 0 0 1 0 0 1 0 2 0 2 1 1 0 1 0 1 0 1 0 2 0 0 1 1 0 0 1 0 1 0 0 3 1 0 0 0 1 1 1 1 1 1 0 1 2 0 2 0 0 0 0 0 0 1 2 1 1 0 0 5 1 1 0 1 0 0 1 0 0 0 1 1 2 2 0 0 1 1 1 0 0 0 2 2 1 1 1 1 1 1 2 0 1 2 1 0 4 2 1 2 0 1 2 3 1 0 1 0 3 1 3 0 1 1 1 0
2 1 2 2 0 0 2 1 2 0 3 1 1 0 3 1 1 0 0 1 1 0 1 2 2 0 0 1 1 1 2 3 1 0 1 0 0 1 1 1 1 1 0 0 0 2 2 1 1 2 1 0 2 1 0 1 0 2 2 2 1 2 1 1 0 1 2 2 0 0 3 0 1 0 3 0 0 1 0 0 2 1 0 1 1 0 0 1 1 1 0 0 0 0 2 0 1 0 0 0 1 2 0 1 0 0 0 1 3 0 1 1 0 1 0 3 1 2 2 2 2 0 0 3 2 1 0 0 6 2 1 3 3 1 1 1 0 1 2 0 0 1 0 1 1 1 1 1 0 0
1 1 2 0 0 0 0 0 1 1 2 2 0 2 0 3 2 0 1 1 0 4 4 1 1 1 2 0 0 0 1 0 0 0 2 0 0 0 3 2 1 0 1 1 0 2 1 0 1 3 0 1 1 0 1 1 0 3 1 1 3 1 1 3 2 1 1 1 1 3 0 1 1 1 0 0 3 0 0 0 1 0 0 2 1 1 1 0 0 0 0 1 2 1 1 1 0 1 2 1 2 0 4 1 2 2 1 2 0 1 0 0 1 0 1 0 0 0 2 0 0 1 0 1 0 0 5 0 0 1 0 1 0 2 0 5 1 2 2 0 0 2 0 2 0 1 2 3 2 2
1 0 1 0 2 0 2 0 2 1 0 2 1 2 2 1 0 2 0 1 0 1 0 1 3 2 1 0 2 1 1 0 1 5 0 2 0 1 1 0 1 2 1 0 0 0 1 0 1 1 2 1 0 0 2 2 0 1 0 0 4 1 0 1 0 1 1 2 1 0 1 0 1 0 0 1 0 0 1 1 0 0 0 2 1 0 1 2 0 1 1 1 1 1 0 2 0 3 2 2 1 3 0 0 2 1 0 0 0 1 0 0 1 0 0 1 3 1 1 2 0 1 0 2 2 2 0 0 2 1 1 1 0 1 3 1 1 1 3 1 1 0 3 3 0 1 1 3 0 1
1 1 1 0 2 0 0 1 0 1 1 0 2 1 0 1 1 2 1 0 0 0 0 3 2 0 2 0 1 1 0 2 0 2 0 0 0 2 1 3 1 0 3 0 1 0 0 0 0 0 0 1 0 1 1 0 1 1 2 1 0 2 1 1 0 0 0 2 1 1 1 1 0 0 2 1 0 2 0 0 1 0 2 0 0 1 2 0 3 0 0 1 2 2 0 1 0 3 1 0 0 0 0 0 0 1 1 1 0 0 0 0 1 0 3 1 0 0 2 2 2 0 1 1 2 0 1 0 1 0 2 2 0 1 1 0 0 3 2 2 0 0 1 1 0 0 3 2 0 0
2 1 0 0 0 1 3 0 1 0 1 1 0 2 1 1 1 0 0 0 3 5 0 0 2 1 1 1 1 0 0 1 1 1 1 1 3 0 0 0 1 1 1 1 0 2 1 2 2 0 0 1 0 1 0 0 0 1 0 1 0 0 2 0 1 0 1 1 1 0 1 0 0 0 1 0 2 3 1 1 1 0 2 0 2 0 2 1 2 0 3 0 2 0 0 0 0 2 0 1 1 1 1 1 0 1 1 2 3 0 1 0 1 2 1 1 0 0 0 0 0 0 1 0 2 0 0 1 1 1 0 1 1 1 2 1 2 0 0 1 0 1 1 3 3 2 1 0 2 1
0 0 0 2 0 1 3 0 1 2 1 1 1 1 1 1 2 0 0 1 3 0 1 0 0 0 2 3 0 0 2 1 3 0 0 3 4 1 0 2 2 0 0 3 1 4 1 0 2 2 1 1 0 1 0 1 1 3 1 0 2 1 1 1 2 1 1 1 1 3 0 0 2 1 0 1 0 0 1 0 0 0 1 1 0 1 0 2 1 2 0 0 1 0 2 1 3 1 1 1 3 1 0 0 1 0 1 1 0 1 1 1 1 1 0 1 0 1 0 1 1 1 0 3 1 0 2 2 0 1 1 2 4 0 0 1 1 2 1 0 1 1 0 1 0 0 0 0 1 1
0 1 0 0 2 0 0 1 0 2 1 2 1 2 1 1 3 1 0 0 0 0 0 1 0 0 1 1 0 0 1 1 0 2 2 1 3 0 1 0 0 1 0 0 2 1 1 0 2 2 1 0 1 1 0 0 2 0 2 1 0 2 0 3 1 0 0 2 1 0 0 1 1 0 1 0 1 1 0 0 1 0 0 2 0 0 0 0 1 0 1 1 0 2 0 0 3 2 2 0 1 0 1 2 2 1 2 1 2 3 1 2 3 2 1 0 0 2 4 0 2 1 1 1 0 0 1 1 0 4 1 4 0 0 0 0 1 1 1 2 1 0 4 0 0 0 0 1 0 1
0 1 0 0 0 3 1 0 1 1 4 2 1 0 2 2 2 2 2 4 0 0 0 1 0 2 0 2 2 0 1 1 2 4 1 0 0 2 2 0 2 0 0 1 2 2 0 0 0 3 1 2 2 1 1 0 1 1 1 4 1 0 0 2 0 0 1 1 0 0 3 0 0 2 0 1 0 2 1 1 1 1 1 0 1 1 1 1 1 2 5 0 1 1 0 1 2 1 0 4 2 0 2 0 1 0 1 2 1 0 1 3 3 0 2 0 1 1 2 2 0 0 0 2 1 1 0 4 1 0 0 0 1 2 1 1 0 0 0 1 2 1 2 0 0 1 1 1 1 0
1 1 1 0 1 0 0 0 1 1 0 1 0 2 2 1 1 1 3 1 0 0 2 1 1 0 2 0 0 1 3 3 0 0 0 2 2 6 1 1 1 1 2 0 2 1 0 0 1 0 2 0 0 0 1 1 0 1 2 2 2 0 1 1 0 3 1 0 1 1 0 0 2 3 0 1 2 0 0 1 3 1 1 1 4 0 1 1 1 1 1 1 1 1 0 2 3 0 0 1 0 0 0 0 1 0 3 0 1 0 0 1 2 1 1 1 0 1 0 1 0 1 3 0 0 1 1 4 2 1 2 1 2 2 1 0 0 0 2 1 1 0 0 2 0 1 0 1 1 2
1 1 1 1 0 1 1 0 0 3 1 1 3 0 1 0 2 0 3 0 1 2 1 2 0 2 0 1 2 0 0 1 0 3 1 0 1 1 0 1 0 0 1 0 1 1 0 0 1 0 1 0 1 0 0 1 0 2 0 1 2 3 0 1 1 0 1 1 2 0 0 1 0 1 1 0 1 0 0 3 1 1 0 1 1 0 1 2 0 1 1 1 0 3 1 2 1 1 2 0 0 0 0 4 1 2 2 1 2 0 2 3 0 1 6 0 0 3 3 0 2 1 2 0 2 0 2 1 1 1 0 0 1 0 1 1 0 2 0 0 1 1 2 0 1 2 0 0 1 1
2 0 1 1 1 2 1 1 1 4 4 2 1 2 1 0 0 1 1 1 3 1 0 1 0 3 0 1 1 0 0 1 1 1 0 1 3 1 0 1 2 0 0 3 0 1 0 3 1 1 1 2 1 1 0 1 2 2 0 0 0 1 1 2 1 1 0 0 0 0 0 1 0 1 0 0 1 1 3 0 1 1 0 2 1 1 1 0 2 1 2 2 1 0 1 1 1 2 1 1 2 0 1 1 0 1 0 1 2 0 1 1 1 2 0 2 1 1 1 0 0 1 0 1 1 2 1 1 0 3 0 1 1 1 0 0 0 0 0 1 2 1 0 1 3 2 0 1 0 0
0 2 0 1 1 2 1 0 2 2 1 0 0 1 0 0 1 1 1 2 2 2 0 0 0 3 1 2 1 1 0 3 0 1 3 3 0 2 2 2 0 2 1 0 1 0 0 3 0 0 2 1 1 4 2 1 0 1 2 2 2 1 2 2 0 0 0 1 2 2 1 0 1 1 0 1 1 3 1 1 0 1 0 1 0 1 1 1 2 0 1 1 1 1 0 2 0 0 2 1 0 0 1 2 1 2 2 2 1 1 0 1 2 2 0 1 1 0 1 2 1 0 1 0 0 0 8 0 2 1 1 0 0 0 0 2 0 1 1 0 0 2 2 1 1 0 1 0 0 1
0 0 4 1 0 1 0 0 1 0 1 0 2 0 1 2 2 2 0 1 1 2 1 1 2 1 0 3 0 0 1 0 2 1 2 1 2 2 0 0 0 0 1 2 1 2 0 1 1 0 1 1 0 0 1 0 2 0 0 2 0 0 5 0 0 0 0 1 0 1 0 0 0 0 0 0 1 1 1 1 1 0 1 1 1 4 1 1 2 1 2 1 0 2 1 2 1 1 0 1 1 0 0 0 1 0 0 0 2 1 2 3 1 0 1 1 3 0 1 4 2 0 1 0 1 0 1 4 1 0 2 0 1 1 2 1 0 1 0 1 1 0 1 1 0 1 1 3 1 0
0 1 0 1 0 1 2 2 0 1 0 0 2 1 1 1 1 3 1 2 2 2 1 2 1 0 0 1 1 0 1 1 0 0 1 1 0 1 1 3 2 1 1 3 1 2 1 0 2 0 1 1 0 0 1 0 0 0 1 0 1 0 1 3 0 0 1 1 0 0 0 0 2 2 1 0 1 1 0 0 0 1 0 1 2 0 1 3 0 0 1 2 1 0 1 0 0 2 1 1 0 1 0 1 1 1 2 0 0 1 1 2 2 1 1 0 2 1 0 0 0 2 2 3 2 2 0 0 2 1 0 1 2 0 2 1 0 0 1 1 0 1 1 1 1 0 0 0 2 1
1 1 2 1 1 3 1 1 0 2 0 2 1 1 1 1 2 0 1 1 0 2 2 1 0 0 1 0 2 0 0 1 0 1 0 0 3 1 4 2 2 1 0 0 2 0 1 1 0 0 0 1 1 1 1 2 2 3 0 1 0 1 0 0 1 0 1 0 0 1 2 2 0 0 1 2 0 1 1 2 1 1 1 0 2 0 0 1 1 1 1 2 1 1 4 3 1 0 1 2 0 0 0 0 1 0 0 0 1 1 1 0 0 0 0 3 1 0 4 2 2 1 0 0 1 0 0 1 1 3 0 1 2 1 1 1 1 0 0 2 0 0 1 1 1 0 1 0 2 0
1 2 1 0 1 1 1 0 2 1 0 4 2 2 2 1 3 0 1 1 1 2 1 0 0 0 1 1 2 2 1 1 1 0 0 0 0 0 3 1 1 0 0 1 1 2 0 1 1 1 2 1 3 0 1 1 0 0 2 1 2 2 0 0 1 0 3 2 0 1 1 1 0 2 0 0 1 4 1 1 0 1 2 2 0 2 2 1 0 0 1 2 0 2 2 1 1 0 0 1 3 1 2 1 0 2 1 1 2 1 1 0 1 1 1 0 0 0 0 1 0 1 0 2 1 2 1 2 0 2 1 1 0 0 0 1 0 1 1 1 0 0 0 1 1 1 1 3 1 1
1 3 2 4 1 1 0 2 0 2 0 1 0 0 2 0 0 0 1 0 3 1 0 0 2 0 0 2 2 2 1 0 0 1 1 2 0 3 0 1 0 0 1 0 2 0 0 3 0 0 0 2 1 1 0 1 0 1 1 2 2 1 0 1 1 0 3 0 0 0 1 0 1 0 1 0 1 0 0 1 1 4 0 0 2 0 0 1 0 0 1 0 1 1 0 0 1 1 0 2 0 0 4 0 0 0 0 1 0 2 1 1 0 0 1 0 0 1 0 3 1 0 2 0 2 0 1 1 0 0 1 1 0 0 0 0 1 0 1 1 0 1 0 1 2 0 1 0 1 1
2 1 2 0 1 0 5 1 0 0 2 2 1 0 2 1 2 2 1 1 1 0 2 0 1 0 0 1 0 2 0 0 0 1 3 2 1 1 0 0 1 1 0 0 0 1 2 0 0 0 1 0 0 0 1 0 4 0 4 0 0 3 1 0 1 0 1 0 0 0 1 1 2 2 0 0 1 1 1 1 1 1 1 0 2 0 0 0 2 2 1 2 1 0 1 0 1 1 1 0 2 2 2 0 0 0 1 2 4 1 0 0 1 0 2 1 2 0 1 2 0 2 0 0 0 1 0 0 0 1 1 2 0 2 1 1 3 0 1 2 0 0 2 2 0 1 0 2 0 1
4 0 1 1 1 1 1 1 0 1 4 0 0 0 2 0 2 2 0 0 0 1 1 1 1 0 2 0 1 0 1 3 0 0 0 1 0 1 3 1 1 1 1 4 2 1 1 1 4 0 0 1 1 1 0 0 1 2 1 0 1 2 1 1 1 3 0 2 1 1 0 2 0 1 2 0 1 1 2 0 1 1 3 1 1 1 0 0 1 1 0 1 1 0 0 0 1 0 0 2 0 3 2 1 1 0 1 1 0 0 2 1 2 1 0 1 0 1 0 0 1 1 1 2 1 1 0 1 0 0 1 0 2 1 1 1 2 0 1 2 0 0 1 0 0 1 0 1 0 0
0 1 1 0 1 1 0 2 3 1 0 0 0 3 0 0 0 1 1 0 2 2 0 1 0 1 2 2 1 0 1 1 1 0 2 0 2 1 1 0 1 1 3 1 2 0 1 1 0 3 1 0 4 1 1 1 1 2 2 1 0 2 1 1 1 2 1 1 2 1 0 0 3 2 1 1 1 1 0 2 2 2 0 1 0 0 2 1 0 1 2 0 0 1 1 1 1 1 2 4 1 4 0 0 0 0 2 1 2 1 1 1 1 1 5 1 5 0 0 0 2 1 2 0 0 1 5 0 1 0 0 1 0 0 0 0 0 1 1 1 1 1 2 2 1 1 3 1 1 0
0 2 0 0 1 1 0 0 0 0 2 0 3 2 2 1 0 2 0 2 1 2 0 2 2 1 3 1 1 2 0 0 0 1 0 1 1 1 2 1 0 2 0 1 1 0 2 1 1 0 1 2 2 2 0 1 0 2 0 1 1 1 2 1 4 1 1 2 1 1 0 1 0 0 2 0 2 1 1 1 0 1 0 1 0 0 2 1 1 0 0 0 0 1 0 0 1 0 1 1 0 2 1 1 2 0 2 0 1 1 1 1 1 1 2 0 0 1 0 0 1 2 0 2 2 1 1 0 4 1 0 2 1 0 1 2 3 0 0 1 0 2 0 1 3 0 1 2 2 2
2 1 3 1 2 2 1 1 2 1 1 1 0 2 1 1 0 2 3 0 1 2 1 3 0 2 3 1 0 2 0 1 1 0 2 1 0 2 1 0 1 1 1 0 3 2 2 0 1 0 1 0 1 1 1 0 0 1 2 2 2 0 0 1 1 1 0 1 1 0 0 1 0 3 0 1 5 1 1 2 1 2 1 1 1 1 1 0 2 0 0 0 0 2 0 3 0 0 2 2 0 1 0 1 2 2 1 1 1 2 0 1 2 1 0 2 1 0 0 0 1 4 0 0 0 1 1 0 1 0 0 0 0 1 3 0 1 0 2 3 0 0 1 1 0 2 1 0 0 2
1 0 0 0 2 1 0 1 0 0 0 0 1 0 0 2 3 2 1 0 2 3 1 0 0 2 1 0 0 3 0 1 0 1 3 1 2 2 0 2 2 1 2 1 0 2 1 1 2 2 0 1 2 2 2 1 0 0 0 2 2 1 0 1 0 1 0 2 0 0 1 1 1 0 0 1 0 1 1 2 1 1 2 2 2 0 2 1 0 0 0 0 1 3 1 1 0 1 0 2 2 0 0 1 0 1 1 0 1 0 3 1 1 1 0 1 0 0 0 1 0 0 0 0 0 0 0 1 1 1 2 1 0 0 1 0 1 1 2 3 0 4 0 0 2 1 0 1 0 0
1 0 1 1 1 1 0 0 1 2 1 0 1 0 1 0 1 1 1 2 0 1 3 2 2 2 1 2 0 2 2 1 0 0 0 3 0 1 1 2 0 1 0 0 2 1 1 2 1 0 0 0 1 0 0 1 3 1 0 1 3 0 1 1 2 1 0 1 0 0 2 1 2 2 1 0 1 1 0 1 1 0 1 1 0 1 1 1 0 0 0 1 0 2 3 0 0 1 0 0 0 1 1 1 1 1 0 1 2 2 0 1 1 1 0 1 1 1 2 0 2 2 1 0 1 3 0 0 0 2 0 0 1 0 0 0 2 2 6 3 0 1 1 1 2 1 1 1 1 1
2 1 2 2 4 2 1 0 0 0 1 3 1 0 0 0 2 1 3 1 1 0 0 2 1 0 0 2 1 1 1 0 0 1 1 0 0 1 1 3 1 0 0 1 1 0 3 0 0 1 1 1 2 1 1 1 0 2 0 0 1 0 1 1 2 0 4 1 5 0 1 1 2 0 0 2 1 1 3 0 1 2 0 1 2 1 0 0 1 1 2 3 2 0 2 1 1 1 2 2 0 1 0 1 0 1 0 3 0 1 1 2 0 0 2 0 0 1 1 0 0 0 2 1 0 0 1 2 3 2 1 1 0 2 0 2 1 2 2 1 4 2 1 2 0 1 1 2 0 1
1 0 1 0 2 0 0 1 2 1 2 0 2 1 1 0 0 1 1 0 0 0 1 2 0 0 1 0 1 1 1 2 0 1 1 0 0 0 3 4 0 1 2 1 0 1 1 2 1 2 3 0 1 1 1 0 2 0 0 1 0 2 0 2 1 1 1 0 1 2 1 0 0 0 2 0 0 0 1 1 0 1 1 4 2 0 1 0 1 0 0 1 3 2 0 0 0 2 1 1 1 0 1 0 1 1 1 1 0 0 0 1 0 2 0 0 1 0 1 1 1 0 2 1 1 2 1 0 0 2 0 0 1 1 1 0 0 0 1 2 3 1 1 1 1 0 2 1 0 2
1 0 1 0 2 2 1 1 1 1 0 2 2 0 2 0 1 1 1 1 0 0 1 0 2 0 0 1 0 1 1 1 0 0 0 1 1 3 1 0 1 1 5 0 1 1 2 0 3 1 4 1 3 1 0 0 0 2 0 1 0 1 4 3 0 1 1 2 1 0 1 2 1 0 1 0 1 2 2 1 2 2 0 3 1 0 0 0 1 0 3 1 0 1 0 0 1 1 2 0 1 1 0 0 1 1 0 0 0 1 0 0 1 0 1 3 0 1 2 1 1 2 0 0 1 0 3 2 1 3 0 1 0 0 3 1 0 1 2 2 1 0 2 1 2 1 2 1 1 1
1 2 1 2 1 1 1 0 2 0 0 0 1 1 0 0 1 0 1 1 0 1 0 2 1 1 1 2 1 1 1 0 2 0 3 1 3 1 0 3 1 0 0 0 0 0 1 1 1 1 0 3 0 1 0 1 1 2 0 2 1 1 0 3 1 2 1 1 0 1 0 0 0 0 3 3 2 3 1 1 0 1 0 1 1 1 1 1 1 1 0 0 0 1 0 1 0 0 2 0 1 3 1 1 2 0 0 0 0 0 1 2 0 0 2 2 1 0 2 0 1 1 1 2 1 1 1 1 0 1 0 1 3 2 0 1 0 1 1 1 0 0 0 2 1 1 3 0 0 0
2 1 2 2 2 0 0 1 0 1 1 0 0 1 2 2 0 0 0 0 2 2 1 1 1 0 0 2 0 2 0 0 2 1 2 0 1 1 0 1 1 0 1 1 0 2 0 3 2 1 2 0 1 1 1 0 1 0 0 0 0 0 0 2 1 0 0 2 1 0 1 3 3 2 1 2 1 0 1 2 0 1 2 0 0 1 1 0 1 0 0 1 1 1 2 1 0 0 1 0 0 0 0 0 0 1 0 1 2 3 1 0 1 2 1 1 1 1 0 1 1 2 0 0 0 2 3 2 0 1 1 1 1 1 0 3 0 0 1 1 0 1 3 1 0 0 0 0 0 0
0 0 1 4 0 1 1 1 0 1 0 0 0 1 1 0 1 1 0 1 1 0 2 2 0 1 2 2 0 0 1 0 1 2 1 1 2 1 0 1 2 2 0 0 0 0 2 2 0 1 0 1 2 1 1 0 2 1 1 0 1 0 0 1 0 0 1 0 0 0 2 2 1 0 1 2 0 0 2 1 2 0 1 1 0 0 1 0 2 1 2 0 0 2 1 2 2 1 0 0 0 1 0 0 0 2 0 0 0 2 0 0 1 2 0 2 0 0 1 0 2 0 2 1 3 0 1 1 0 0 2 3 1 0 3 1 1 0 0 1 2 1 1 0 1 0 0 0 2 0
0 0 1 0 2 0 1 1 1 0 1 1 2 2 1 2 3 1 0 0 2 2 2 1 1 1 1 0 2 0 1 1 2 0 1 1 1 4 0 2 1 1 1 0 0 1 0 0 2 1 1 1 1 1 0 1 1 1 0 1 1 0 0 0 3 0 0 2 0 0 1 2 0 1 1 0 4 1 0 1 1 1 1 2 1 2 0 2 4 1 2 2 0 2 1 0 0 0 0 0 2 0 0 0 0 1 0 1 0 1 2 3 1 0 2 1 1 0 1 1 0 1 2 1 2 0 1 0 1 1 0 0 0 3 2 1 0 1 1 2 2 2 0 0 1 2 0 1 1 1
2 1 0 1 0 1 0 1 0 2 1 0 0 1 1 2 1 0 0 1 1 1 2 0 2 1 1 0 2 3 2 1 0 2 0 0 2 1 1 3 0 1 1 1 1 0 1 0 1 3 1 1 1 1 0 0 3 0 1 2 1 1 0 0 1 3 1 1 1 1 2 1 0 1 3 1 2 0 0 2 0 1 0 0 3 0 2 0 1 0 0 2 0 0 1 1 1 0 0 2 0 1 2 1 1 0 2 1 0 0 0 1 3 0 1 0 2 0 1 1 1 1 1 0 0 1 2 0 2 0 0 1 0 1 0 1 1 0 1 1 0 2 0 2 0 1 0 2 0 0
0 1 3 1 2 0 1 0 1 0 1 1 1 1 1 1 1 0 2 5 0 0 1 1 0 1 1 3 1 1 1 1 0 1 1 1 0 2 1 2 0 0 1 0 2 1 3 1 0 0 1 3 1 3 0 1 2 1 2 0 0 0 2 0 3 3 1 1 0 2 0 3 0 1 1 0 0 0 0 0 0 0 1 0 1 0 2 3 4 2 1 0 1 1 0 1 3 0 1 0 1 0 3 0 1 3 1 0 1 0 1 1 1 1 0 0 2 1 0 0 1 2 1 2 2 1 0 1 1 0 1 1 1 1 1 1 0 0 1 1 1 1 2 2 0 2 0 2 1 1
0 1 1 0 0 1 0 0 0 1 0 1 1 1 0 1 0 0 0 1 1 1 0 2 0 0 1 2 2 2 0 1 0 0 1 1 1 1 1 1 0 2 0 3 2 1 1 1 3 0 1 0 0 1 1 0 0 0 3 1 1 2 1 0 0 0 1 1 0 0 4 0 0 1 0 1 2 0 0 1 1 0 0 0 2 4 2 2 0 1 0 0 1 0 1 0 1 0 0 0 2 3 0 1 0 3 1 1 0 4 1 1 3 2 1 2 1 1 0 0 1 1 0 1 1 0 1 1 1 2 4 1 0 1 0 3 0 1 0 0 1 1 3 3 1 1 2 1 0 2
0 0 0 0 0 1 0 1 1 1 1 1 0 1 0 0 1 3 1 1 0 1 0 2 0 1 1 0 3 1 0 1 2 3 1 0 1 1 0 1 0 1 3 0 1 0 0 1 3 1 2 1 2 0 0 2 1 0 0 0 0 0 0 0 1 2 1 0 0 1 1 0 0 1 0 2 0 0 4 1 2 0 1 0 1 0 0 1 0 1 1 1 1 1 0 0 1 0 0 0 1 0 1 0 2 0 1 1 1 1 1 7 1 2 0 2 3 0 2 2 3 1 0 0 0 1 0 0 2 0 2 0 2 0 1 2 1 1 0 2 1 0 2 0 0 0 2 3 0 2
0 2 1 1 0 2 0 1 1 0 2 0 0 1 0 1 1 0 1 2 2 1 2 1 0 1 0 0 2 2 0 1 2 1 1 1 0 1 1 1 0 0 0 1 0 1 2 0 0 1 1 2 1 0 0 0 1 1 0 0 1 0 1 1 0 1 1 0 1 0 2 2 0 0 1 2 1 1 1 0 1 1 1 1 0 0 0 1 0 2 2 0 1 0 1 1 2 0 0 0 1 1 0 2 0 0 1 1 3 1 0 0 1 2 2 1 0 0 1 2 0 0 1 1 0 1 5 0 2 0 0 1 0 0 0 1 0 1 1 1 1 2 0 2 0 0 0 0 1 1
3 0 1 0 1 1 1 2 0 2 1 2 0 0 1 1 1 3 4 3 1 0 2 0 1 1 1 1 1 2 1 1 0 0 0 2 0 1 0 1 0 1 3 1 2 1 2 3 1 0 0 1 0 1 2 0 2 1 2 2 0 1 0 2 0 1 1 0 1 0 2 1 1 1 0 1 0 0 2 1 2 0 1 0 2 0 0 0 0 0 2 1 1 1 1 1 0 1 2 1 0 3 3 0 0 0 0 1 0 0 1 0 1 0 1 2 2 2 2 4 2 0 0 0 0 0 0 0 1 0 2 1 3 1 4 0 1 1 0 3 0 1 0 0 2 0 1 0 0 1
2 1 1 0 1 0 0 3 0 1 0 0 2 0 2 0 0 0 1 0 2 1 0 2 0 1 2 3 0 2 1 0 3 0 1 1 2 0 0 1 2 2 1 2 2 4 0 0 1 2 1 3 2 1 1 1 1 1 0 2 1 0 0 1 1 0 4 1 2 0 1 0 1 1 1 2 1 3 2 0 2 0 2 0 1 0 1 1 2 2 1 1 0 0 1 0 0 0 0 0 2 1 1 1 1 0 0 1 1 1 0 1 1 1 1 1 2 1 0 0 1 3 0 0 2 1 1 0 1 2 0 0 1 1 1 1 1 1 1 1 0 0 1 0 1 0 2 5 0 0
0 0 0 1 1 1 1 0 0 1 1 1 0 1 1 0 0 0 0 0 1 0 0 1 0 0 0 2 1 1 0 0 3 0 3 3 0 2 1 0 2 1 2 1 1 2 1 0 2 1 1 0 0 1 1 1 0 2 0 0 1 0 1 1 1 0 2 0 2 1 2 0 1 2 1 1 2 0 1 1 2 0 0 0 1 1 2 1 1 0 1 0 1 3 1 0 0 1 0 1 1 0 1 1 1 1 1 0 1 2 1 0 0 0 0 1 1 0 2 0 0 3 1 1 3 1 3 0 1 0 1 1 2 0 1 0 2 1 0 0 0 1 1 0 2 0 2 4 0 0
1 1 1 0 0 2 0 0 2 1 0 0 3 2 1 0 0 0 0 0 1 0 1 1 1 1 0 3 0 1 0 1 0 0 1 0 2 1 0 2 1 1 0 3 1 1 1 2 0 1 2 1 2 0 1 2 1 1 0 2 0 1 1 4 1 2 0 0 0 3 0 0 0 3 0 2 1 1 2 2 1 2 0 1 2 0 4 0 2 1 1 1 2 0 0 0 0 2 0 0 0 1 0 1 3 0 1 1 0 1 1 1 3 2 4 0 1 1 2 3 0 1 1 1 1 0 2 1 1 0 0 0 0 0 0 2 0 1 0 1 1 0 0 1 0 1 1 0 0 0
0 1 1 0 0 0 0 2 0 2 0 1 0 1 2 2 1 2 0 1 1 0 2 0 1 1 2 1 0 2 1 0 1 0 0 0 1 0 1 2 1 1 1 1 0 1 0 2 0 1 0 1 1 0 3 2 2 1 2 1 1 2 1 1 5 1 2 0 0 0 1 1 0 0 1 3 0 0 0 0 1 1 1 1 1 2 1 0 1 1 2 0 2 1 0 1 0 3 2 1 0 0 4 1 1 0 1 2 1 0 3 0 2 2 0 0 1 0 3 0 2 3 1 3 3 1 1 2 2 2 0 0 0 1 0 0 1 0 2 5 1 1 1 1 1 1 0 0 2 3
0 0 0 0 2 0 2 1 0 2 2 0 3 0 0 1 0 1 1 1 1 1 2 1 1 0 1 1 3 1 0 0 1 2 1 1 1 1 1 0 1 0 2 0 0 1 0 2 1 0 1 1 0 1 1 1 3 1 0 0 1 1 0 1 1 0 2 1 1 1 0 0 0 1 1 1 1 0 2 1 0 2 1 1 1 1 0 2 1 1 0 3 0 1 0 0 1 1 0 2 0 1 1 1 0 1 0 1 1 3 0 0 1 0 2 0 0 3 0 1 0 0 1 0 1 0 2 2 2 1 0 1 1 0 1 1 1 1 1 0 0 0 2 2 2 2 1 0 0 0
1 0 2 0 0 1 0 1 1 1 1 2 0 1 4 1 0 2 0 0 0 0 2 0 0 1 0 0 1 1 0 0 0 2 1 1 2 0 1 0 1 2 0 1 1 0 1 1 2 1 1 1 0 5 1 1 2 1 0 2 3 1 1 1 2 1 1 1 1 1 0 0 0 0 1 2 3 1 3 1 1 3 2 0 0 1 0 1 1 1 1 1 1 2 1 0 2 0 0 3 1 1 1 7 0 0 1 0 1 0 0 0 0 1 1 2 0 2 0 1 0 1 0 1 1 0 0 2 0 1 3 1 0 1 0 0 2 1 0 1 1 1 3 0 0 1 1 2 0 2
1 0 1 2 0 1 0 3 1 0 3 2 1 0 2 1 1 0 0 0 0 1 0 1 1 2 1 1 2 0 1 3 1 1 1 1 0 0 3 1 0 1 0 3 1 3 1 1 2 4 2 1 2 2 0 0 0 0 3 0 0 0 0 0 2 1 1 0 1 0 1 1 1 1 1 3 3 2 0 1 2 1 2 0 1 0 1 2 1 1 2 1 1 0 0 1 0 1 1 1 3 1 3 1 1 1 1 0 3 2 1 0 0 0 0 0 3 0 2 1 0 4 2 1 3 0 1 1 1 0 1 0 0 0 0 1 2 1 0 0 0 0 2 3 1 0 3 1 2 2
1 1 1 1 0 0 0 1 0 0 0 1 0 0 1 1 1 1 0 1 0 1 1 0 0 1 0 0 1 0 1 1 1 1 1 0 0 2 0 1 0 0 0 1 1 0 0 2 3 1 1 1 0 0 2 1 0 4 0 3 1 1 0 0 0 1 2 3 0 1 0 0 0 2 1 2 0 1 1 2 2 0 1 0 1 0 0 1 1 1 1 1 1 0 2 0 0 2 2 0 0 1 2 2 2 0 1 0 2 2 0 1 0 0 2 2 0 0 1 0 2 2 1 1 1 0 0 2 0 2 0 0 2 1 1 1 0 2 1 0 1 1 0 0 0 0 0 0 2 0
0 2 1 3 0 1 1 0 0 1 0 3 1 4 0 0 2 0 4 0 0 1 1 0 0 2 2 2 1 0 0 2 0 0 0 1 0 2 1 1 1 0 1 1 2 1 1 0 1 1 0 0 1 0 0 0 0 1 0 1 0 1 0 2 0 0 2 1 0 0 1 0 3 1 0 1 2 1 6 0 0 1 1 0 1 1 2 0 5 2 0 0 0 2 0 1 2 1 0 2 1 0 1 0 2 1 1 0 4 0 2 1 0 2 0 2 0 0 1 0 2 1 1 1 1 1 1 0 0 0 2 1 2 2 0 2 0 1 1 1 1 0 2 0 1 2 0 1 0 0
0 0 1 1 1 0 0 2 1 1 0 0 1 2 1 2 1 1 2 1 1 0 1 2 0 3 2 0 2 2 0 0 1 0 4 2 0 3 0 2 1 0 1 2 1 1 0 0 1 1 0 1 0 1 0 0 0 1 4 1 0 0 2 0 0 2 1 1 0 3 0 1 1 1 1 0 0 1 0 2 1 1 0 3 0 0 1 1 1 0 2 1 1 0 0 3 2 1 2 1 0 0 2 2 1 2 1 1 0 0 0 2 0 2 2 0 3 2 2 1 1 1 2 3 0 2 2 1 2 0 3 0 1 0 2 0 1 1 0 0 2 1 1 1 1 1 1 2 0 0
0 1 1 0 0 0 1 0 0 2 0 0 2 2 1 0 1 2 0 1 1 1 0 0 2 1 1 1 2 1 0 2 2 1 0 0 2 0 0 0 1 0 1 1 1 0 0 0 0 1 3 2 3 2 1 1 1 0 3 0 1 2 0 2 0 2 1 0 2 1 0 3 0 0 0 0 1 0 0 1 1 3 2 1 0 0 2 0 5 0 1 0 1 0 1 0 1 1 0 1 2 2 1 3 0 2 2 1 1 1 0 0 3 0 0 3 0 2 1 1 1 2 1 0 0 1 3 2 0 3 1 2 2 1 0 1 1 0 1 1 0 1 2 0 1 1 0 1 0 1
1 1 1 1 0 1 0 0 3 1 0 1 1 3 0 1 2 1 3 0 0 1 1 0 0 1 2 2 2 0 1 0 0 1 3 1 1 1 1 0 1 1 0 1 1 0 2 1 3 0 1 0 3 1 2 1 1 0 0 0 1 1 1 0 2 2 0 0 2 2 0 1 0 0 1 2 1 1 3 1 0 0 1 0 0 1 0 1 0 1 0 0 1 1 0 1 0 1 0 0 0 1 1 0 0 2 1 0 1 0 3 2 0 0 0 2 2 0 0 0 1 1 0 0 1 0 1 1 0 0 1 2 1 1 2 2 1 2 0 1 2 1 0 3 2 0 0 1 2 1
1 1 0 2 0 0 0 1 0 0 0 0 0 1 2 0 2 1 0 2 0 0 1 0 2 1 0 1 1 0 3 1 0 1 0 3 1 0 1 0 2 0 0 2 0 1 0 1 2 2 2 1 0 0 0 1 1 0 0 0 1 2 1 2 1 0 1 0 1 2 2 1 2 0 0 4 2 0 3 1 1 1 0 4 0 0 1 0 0 0 0 0 2 1 1 2 2 0 1 1 1 0 0 2 1 2 0 2 2 3 0 0 2 1 1 2 1 0 0 0 1 1 0 1 0 0 0 1 1 0 0 0 0 1 0 1 3 1 0 0 0 2 0 1 1 0 1 3 0 1
2 0 0 1 2 0 1 1 1 0 4 0 0 1 1 2 0 1 1 3 2 1 0 1 2 2 0 0 2 1 1 0 1 2 0 1 0 0 1 0 2 0 1 0 2 0 1 1 0 0 0 1 1 2 1 0 3 2 0 2 0 0 2 1 2 0 2 1 1 2 0 2 2 0 1 0 2 1 0 0 2 4 0 2 1 3 2 0 0 0 0 1 0 0 1 1 0 1 0 1 1 0 0 2 2 4 0 0 3 0 1 1 1 0 0 1 1 0 0 0 0 0 1 1 0 2 1 1 0 0 0 1 1 2 0 1 0 1 1 1 2 0 0 1 0 2 1 1 1 0
0 0 0 2 1 0 0 0 1 4 2 1 0 1 2 0 1 1 2 1 2 1 1 2 1 0 1 0 0 2 0 2 1 1 1 1 2 1 1 2 1 2 0 1 1 1 0 1 2 1 0 0 0 0 0 1 1 0 0 1 0 0 1 0 1 2 2 1 1 2 0 0 2 0 1 2 0 0 2 0 1 2 0 2 0 1 0 1 2 1 1 0 2 0 1 1 1 1 2 0 1 1 1 3 0 2 1 0 0 2 0 0 0 2 2 1 1 1 1 0 0 1 1 0 1 1 0 0 0 0 3 0 0 1 2 1 1 1 0 1 0 0 3 2 1 0 1 1 1 0
1 1 1 0 0 3 0 0 1 1 1 0 1 1 2 1 2 1 0 1 1 6 2 2 0 0 0 0 1 2 1 1 0 1 2 1 1 1 0 3 1 2 2 1 1 2 1 1 2 1 1 1 0 1 1 0 1 1 1 2 0 0 0 0 2 4 0 0 1 0 1 1 0 0 1 1 0 1 1 1 0 0 2 1 1 0 2 1 1 2 4 0 2 0 0 2 1 2 0 1 1 2 1 1 0 0 3 3 1 3 0 1 4 2 1 1 2 1 1 0 1 0 0 1 1 1 1 2 1 1 1 0 0 0 2 0 2 3 0 0 0 0 1 2 3 1 4 4 0 0
0 1 3 0 2 1 1 1 0 2 2 3 2 2 1 0 1 0 3 0 1 0 0 0 1 0 1 0 0 1 0 0 0 1 1 0 1 0 1 0 0 3 1 1 0 0 2 1 0 0 2 1 2 1 0 2 1 1 1 0 0 1 2 0 0 0 0 0 1 0 0 0 1 1 0 1 0 3 2 0 1 1 2 0 0 2 0 1 2 0 0 0 1 2 2 0 1 0 2 2 1 1 0 0 1 0 0 1 1 1 1 0 2 1 1 2 1 0 0 1 1 0 0 0 1 0 0 1 0 0 2 1 1 1 0 0 1 1 0 1 0 2 1 1 2 0 1 1 2 2
1 0 1 0 1 0 0 0 0 0 0 3 0 0 1 1 2 2 2 0 0 1 1 0 1 0 0 0 1 1 2 1 1 1 3 1 0 1 2 1 4 2 2 0 3 1 1 1 1 2 1 2 2 1 0 2 0 0 0 3 1 0 1 2 0 0 0 2 1 3 1 2 1 0 3 1 2 0 0 1 0 0 3 0 2 0 0 2 0 2 0 0 0 1 1 0 2 0 1 1 0 2 1 0 1 0 0 1 1 3 0 1 1 1 1 3 0 0 1 1 0 1 0 0 1 0 0 0 3 0 1 1 1 2 1 0 1 1 1 0 0 0 1 3 1 0 1 1 2 0
1 0 2 3 1 2 2 1 1 1 0 0 0 2 1 0 0 0 2 0 1 2 1 2 1 0 1 1 1 2 1 1 0 1 1 1 2 1 3 0 1 1 2 2 1 1 2 0 3 0 0 0 1 1 2 2 0 0 1 2 0 1 0 0 2 0 1 2 2 2 0 2 2 2 1 0 1 0 2 1 0 1 2 1 1 2 0 1 0 2 0 0 1 0 1 1 1 0 3 2 0 2 1 0 0 0 2 3 1 3 1 1 3 1 1 0 0 1 0 0 1 1 1 1 0 1 0 3 0 0 0 0 1 1 0 0 1 1 1 1 1 3 0 0 2 2 0 1 0 2
0 1 2 1 1 1 3 1 1 0 0 0 1 0 3 1 1 0 2 2 1 1 2 0 0 0 1 0 2 0 0 0 0 1 0 1 2 3 3 1 1 1 0 0 0 0 1 0 1 2 1 0 1 1 1 1 0 0 1 1 2 2 2 2 2 0 0 0 0 1 0 2 0 0 0 0 1 1 0 2 0 0 2 0 2 0 1 1 1 1 1 0 3 0 2 0 1 2 0 0 1 1 0 1 1 0 1 1 0 1 0 0 0 0 1 2 1 0 0 2 1 1 0 0 1 0 2 1 0 0 1 1 1 0 1 1 0 1 2 0 1 2 1 1 1 1 1 0 0 0
0 1 0 3 2 2 0 0 0 0 1 0 0 0 1 1 0 1 2 0 1 1 1 1 1 0 1 1 0 0 0 1 1 0 0 0 0 1 0 0 1 1 0 0 0 1 1 0 0 0 2 1 2 1 1 0 0 2 4 0 1 2 0 1 7 1 2 0 1 0 5 0 1 0 2 1 0 1 2 1 8 1 0 0 1 1 0 0 5 1 1 0 0 1 1 3 1 3 1 1 2 0 1 0 5 0 1 3 2 1 2 0 1 0 1 2 3 1 0 1 0 1 0 0 0 2 0 1 1 0 2 2 0 0 2 0 1 1 3 5 0 0 1 1 2 1 0 2 1 1
1 0 1 0 2 1 1 1 1 2 3 0 2 1 0 0 1 1 0 2 0 0 1 1 3 2 0 1 0 3 1 0 0 1 1 1 0 0 1 0 0 0 2 1 2 0 1 1 0 2 0 2 1 1 0 0 0 1 1 0 0 1 1 1 1 3 0 0 2 0 0 0 0 1 2 1 4 4 1 1 0 4 0 1 2 1 0 1 0 0 0 1 0 2 0 2 1 2 1 0 0 1 1 0 0 0 0 0 1 2 2 2 1 2 0 1 2 1 1 1 0 2 1 0 3 1 1 0 2 2 3 1 0 2 1 1 1 0 1 0 0 1 1 0 2 0 1 0 1 2
0 0 1 2 0 0 1 0 1 0 4 1 2 0 0 0 1 2 1 0 1 0 0 1 1 1 0 1 2 0 1 0 0 0 0 0 1 0 1 0 0 1 0 3 0 0 1 1 0 2 0 2 2 0 2 0 0 0 0 3 1 0 0 1 0 1 1 1 1 6 0 2 1 1 0 0 1 2 1 0 2 1 2 1 0 0 0 0 1 4 1 1 0 3 0 1 0 0 0 1 2 1 1 2 2 1 1 1 1 2 2 0 1 0 0 2 0 0 1 0 0 1 0 3 0 0 1 2 0 0 2 1 1 0 3 3 0 1 0 0 0 0 2 2 3 3 0 2 0 0
1 2 0 0 2 1 3 2 0 1 0 1 2 0 0 0 1 4 4 2 0 1 1 2 2 3 2 1 0 2 1 0 1 0 0 0 0 0 0 1 2 0 0 1 0 2 1 1 0 0 0 1 0 0 1 1 0 1 4 1 0 1 0 1 1 1 0 1 0 2 1 1 0 1 1 4 0 1 1 3 1 0 1 3 2 0 1 0 0 1 0 1 2 2 2 3 1 1 0 1 0 0 2 0 0 0 2 0 0 2 1 1 0 2 0 0 3 0 0 0 0 1 0 0 0 0 0 2 0 0 0 1 2 0 1 0 0 0 1 1 0 1 1 1 0 4 1 1 1 0
3 0 0 1 0 0 0 0 2 0 0 2 1 0 1 2 3 1 1 2 2 0 2 2 1 0 0 1 0 0 1 1 0 0 2 2 0 0 1 3 1 2 2 2 1 0 0 2 0 1 2 1 5 0 1 1 1 2 3 1 0 1 2 1 1 1 0 0 4 1 0 1 2 0 1 1 0 2 0 0 1 2 0 0 1 1 1 1 0 0 0 2 0 1 0 0 0 1 2 0 0 1 4 2 0 2 0 1 0 0 0 3 1 0 2 3 1 1 0 0 3 1 2 1 0 1 2 3 2 0 0 1 1 0 0 1 1 0 1 0 2 0 2 2 0 1 1 3 0 1
4 1 2 1 0 1 1 0 2 0 1 4 1 0 2 0 0 0 2 0 0 0 0 0 0 0 1 0 1 1 0 0 0 2 1 0 0 0 0 2 0 1 1 2 0 2 0 1 0 2 1 0 1 1 0 2 0 1 1 1 1 2 0 2 2 1 0 0 2 3 1 1 2 1 2 4 0 1 0 1 0 0 1 1 1 1 2 0 1 2 0 1 0 1 0 1 1 1 3 0 1 1 1 0 1 1 0 1 0 0 1 1 0 0 1 0 2 2 0 1 0 0 1 1 0 1 2 1 1 1 1 0 1 0 0 0 1 0 1 0 0 1 1 1 1 1 1 3 0 0
0 1 0 1 0 0 0 2 0 0 1 3 1 0 2 0 0 1 2 0 0 2 2 1 1 0 1 1 1 0 0 0 0 1 0 0 0 2 0 0 1 0 0 1 1 0 3 1 1 1 1 1 2 0 2 1 1 2 2 1 2 2 1 1 0 1 1 0 1 3 0 0 0 1 4 0 1 2 1 1 0 1 2 2 0 0 0 2 0 1 0 0 1 0 1 0 3 1 1 0 0 1 0 2 0 3 1 2 0 0 1 0 0 2 2 1 2 1 0 1 0 0 1 1 1 1 0 0 1 2 1 1 0 0 2 2 2 0 2 1 0 0 1 2 0 1 0 1 3 2
1 1 2 2 2 5 0 1 2 0 1 1 0 2 0 0 1 0 1 1 0 1 3 0 0 1 1 0 1 0 1 2 1 1 0 1 0 1 1 1 1 4 1 2 1 0 0 0 1 2 0 1 2 2 0 1 1 2 0 2 2 0 0 1 1 0 0 0 2 1 2 1 1 1 0 0 2 2 0 1 0 1 0 1 0 0 2 1 0 0 1 0 0 2 1 0 2 1 0 3 1 1 1 0 0 1 1 0 0 1 0 1 0 1 2 0 1 1 1 2 1 0 1 2 1 0 0 2 0 0 0 0 0 0 0 0 0 2 2 0 1 2 1 1 0 1 2 0 0 0
0 2 1 0 1 0 1 1 0 1 1 0 1 1 0 1 0 0 2 1 1 1 1 1 1 0 0 2 1 0 0 0 2 0 2 2 0 0 1 1 2 3 0 0 1 2 0 0 1 0 1 2 0 1 1 1 2 2 1 1 0 0 2 1 2 2 0 1 0 1 0 3 1 2 0 0 1 1 1 0 0 2 2 1 0 0 1 1 0 1 3 1 0 0 1 3 0 0 3 2 0 1 0 1 0 4 1 1 0 0 1 0 0 1 0 2 0 2 0 0 2 2 0 1 0 1 2 1 3 1 0 0 2 0 0 1 1 4 2 2 3 1 1 0 1 0 1 2 1 4
1 0 2 0 0 3 1 1 1 1 2 0 1 1 0 2 1 1 1 1 0 0 1 0 1 0 1 1 1 0 1 1 1 1 0 2 0 2 0 0 2 0 2 2 0 2 2 0 1 0 0 0 0 1 0 1 0 0 1 1 0 0 0 0 1 0 1 0 1 1 5 1 0 1 1 0 1 0 1 0 2 1 1 1 1 0 1 1 0 2 0 0 0 2 0 1 1 3 1 1 1 1 3 2 1 0 1 0 2 0 1 0 1 1 2 0 1 2 1 1 1 0 0 0 0 1 0 1 3 0 1 0 2 0 1 0 0 0 1 2 1 2 1 1 2 1 0 1 1 2
1 1 0 0 1 0 1 1 1 0 0 1 0 1 1 1 1 2 2 0 1 0 1 0 0 1 0 3 0 1 2 0 0 2 3 2 1 0 1 2 0 2 1 1 0 2 2 1 1 0 1 1 2 0 1 2 2 0 1 1 2 0 2 1 3 1 0 2 2 0 1 1 0 2 1 1 0 0 0 0 0 0 0 1 0 1 3 2 0 3 1 1 2 1 0 0 0 0 1 0 1 0 0 1 0 1 1 2 0 1 1 2 2 0 0 1 1 1 3 0 1 2 1 1 1 0 1 1 0 0 1 1 2 0 1 0 0 0 1 3 0 1 0 0 1 0 0 2 0 0
2 0 1 1 2 0 0 0 0 1 1 1 0 3 2 0 0 1 0 0 1 1 1 1 2 1 2 1 1 1 5 0 0 0 0 0 2 2 1 0 1 1 1 1 0 2 1 2 1 1 3 0 0 1 0 0 1 0 2 1 1 1 1 1 0 1 0 0 3 1 2 1 3 0 2 1 0 0 2 0 1 1 0 0 1 0 0 0 1 0 0 1 2 2 0 1 1 0 0 1 0 0 1 1 1 1 1 1 1 0 1 1 1 2 1 1 0 2 1 1 1 3 1 1 1 1 1 0 1 0 0 0 0 2 4 0 0 0 1 0 0 0 0 0 3 1 0 1 1 1
1 1 0 0 0 0 2 1 1 1 3 0 0 1 0 0 0 3 2 1 0 1 0 3 1 0 2 1 1 1 1 0 1 0 1 2 1 0 0 1 0 1 1 2 1 1 1 0 0 1 2 0 1 3 0 0 1 1 1 0 0 2 0 2 0 1 1 1 1 2 2 3 2 0 1 1 0 2 0 0 1 0 1 0 1 1 1 1 1 0 2 2 6 2 1 2 1 1 0 1 1 1 0 0 1 0 1 0 0 2 1 0 0 1 1 0 1 0 0 1 0 0 0 1 1 2 3 1 0 1 1 1 2 2 2 1 1 1 0 2 2 1 2 0 1 0 0 0 1 0
0 0 0 1 1 0 0 1 0 0 2 0 1 1 0 0 0 0 1 1 1 2 0 2 1 3 4 2 0 0 0 1 0 1 2 2 2 2 0 1 0 1 3 1 1 1 1 1 1 0 0 2 1 2 2 1 0 5 3 2 2 0 1 0 0 0 1 1 0 0 0 1 2 1 0 2 1 1 0 1 0 1 1 2 1 1 2 2 1 1 3 3 3 1 2 2 1 1 1 2 1 1 0 2 1 3 1 0 1 5 0 1 0 0 1 0 1 1 0 1 1 0 1 0 1 0 5 0 0 1 0 0 1 0 2 2 3 0 2 0 1 0 1 1 0 1 0 0 3 3
0 1 1 1 0 0 0 0 0 0 0 1 0 2 1 0 0 0 1 0 1 0 2 0 1 5 0 0 1 1 2 1 1 0 2 0 0 0 1 1 2 3 0 0 1 0 1 1 2 1 1 2 4 0 2 0 0 2 0 3 1 1 1 0 1 2 1 0 1 0 0 1 0 0 1 1 2 1 1 2 0 1 0 0 0 0 0 0 1 0 0 0 0 4 3 1 0 0 2 2 0 1 1 1 1 0 0 0 1 1 0 1 0 1 1 2 0 2 0 2 0 0 0 0 1 1 0 0 0 0 2 0 0 1 3 1 0 0 2 1 0 1 0 0 1 0 0 1 2 2
1 1 3 0 1 0 1 3 0 1 0 2 3 0 0 1 1 0 2 2 0 0 1 0 1 1 1 2 2 0 0 2 0 1 0 0 0 2 0 1 3 0 0 1 1 1 2 1 2 0 3 2 1 0 2 1 0 0 0 1 0 0 0 1 1 1 0 1 0 1 2 0 0 1 1 0 1 0 1 1 2 0 1 0 0 1 0 0 1 2 0 4 1 2 1 0 0 1 1 2 2 1 1 0 2 1 0 1 0 1 0 1 0 1 0 1 1 1 2 0 0 0 2 0 3 2 0 1 0 1 0 1 0 2 1 2 1 0 1 0 1 0 2 2 0 1 0 1 1 1
1 1 2 0 3 1 1 3 1 4 3 1 0 1 4 0 0 0 1 0 3 2 1 1 2 1 1 1 0 0 0 0 1 0 3 0 1 0 1 1 1 1 0 1 1 0 0 1 2 1 0 2 2 4 0 0 2 1 0 1 1 2 2 0 0 1 3 1 3 0 0 3 1 1 0 4 2 0 2 0 2 1 1 1 0 0 2 1 2 0 1 0 1 1 1 2 0 3 1 0 0 2 3 2 0 0 1 1 0 1 2 3 2 0 2 1 2 0 0 0 3 1 1 1 0 1 1 1 2 1 2 1 1 1 1 1 0 0 2 1 0 2 0 2 0 0 3 0 3 2
0 1 0 2 1 2 1 0 2 1 1 1 0 1 0 2 0 1 2 1 3 2 0 0 1 1 2 0 1 0 3 2 0 0 1 1 0 0 1 0 2 2 2 0 1 2 3 1 1 1 1 2 1 2 2 0 1 1 0 1 0 1 1 2 1 1 1 1 1 1 2 3 1 3 1 0 0 2 0 1 1 1 1 1 1 1 2 0 2 1 1 0 1 2 1 1 2 1 0 0 2 2 3 0 2 0 0 0 1 1 2 0 3 0 0 1 0 3 1 1 2 2 1 3 0 1 1 0 2 1 2 1 2 1 0 1 0 0 0 1 0 2 2 0 1 2 2 0 1 0
3 1 0 0 0 0 0 1 1 1 1 0 0 2 1 1 0 1 1 2 0 1 1 1 0 1 0 0 0 1 1 3 2 0 2 1 4 3 2 2 3 0 0 3 1 0 2 0 1 1 0 1 0 1 4 0 1 1 0 1 1 0 1 1 0 0 0 1 3 1 0 0 0 3 0 0 0 0 1 3 1 0 1 1 1 2 0 0 1 3 0 2 2 0 1 2 1 0 1 1 0 0 1 0 0 2 1 2 0 1 2 0 1 0 1 1 1 2 1 0 1 3 2 1 2 1 2 2 3 0 0 1 0 0 1 2 1 3 1 0 1 0 0 1 0 0 2 1 2 1
2 0 0 0 2 3 1 1 0 1 2 4 0 0 1 2 0 4 2 0 1 1 2 1 1 2 2 1 2 1 0 0 1 1 1 2 1 1 1 0 2 2 1 0 1 0 1 0 0 0 3 1 1 0 0 4 0 3 0 0 1 1 0 1 0 0 0 4 0 1 1 1 0 2 0 0 1 1 2 2 0 1 0 0 1 0 1 1 1 0 2 1 1 1 0 1 1 0 0 2 1 2 1 0 0 0 0 0 1 1 2 1 0 0 2 1 1 0 0 2 0 1 0 0 2 1 1 0 3 4 1 1 1 1 0 1 0 1 0 1 0 1 0 2 0 0 0 1 1 2
1 1 1 0 0 0 1 0 2 0 0 1 0 0 1 1 4 1 1 1 0 0 0 0 1 2 1 1 2 1 1 0 2 0 0 2 0 1 1 1 1 0 0 1 0 2 2 0 1 1 2 0 0 0 0 2 0 1 0 0 0 1 3 1 0 0 3 1 1 1 2 1 3 1 0 0 1 0 0 0 1 1 0 1 1 1 0 0 3 1 1 0 1 1 2 2 3 0 0 0 0 0 2 2 0 1 2 2 1 0 1 1 3 0 0 1 0 0 1 1 1 4 1 1 0 1 0 1 0 1 1 1 0 2 1 0 0 0 0 0 0 0 3 2 2 0 0 2 1 1
1 1 0 0 2 1 1 1 1 0 2 1 2 1 3 0 1 1 3 0 0 2 2 1 1 1 2 0 2 0 5 0 1 0 1 1 0 1 3 2 1 2 1 1 3 2 2 1 0 2 0 0 1 1 1 0 2 1 2 4 1 0 0 2 2 0 2 2 1 1 3 3 2 0 0 1 1 1 0 1 0 3 0 0 3 0 2 1 1 2 0 1 1 2 1 1 0 0 0 1 2 2 1 3 0 0 5 4 0 0 0 2 1 0 1 2 1 1 3 1 1 4 1 1 1 0 2 0 2 1 3 3 1 0 2 1 2 1 0 0 1 1 0 0 1 1 2 0 0 1
1 3 1 5 0 2 1 1 0 0 2 0 0 0 2 1 2 1 1 0 1 0 0 0 3 1 0 1 0 1 2 0 0 2 1 1 2 1 0 1 0 0 0 0 0 1 0 2 1 0 1 1 2 0 1 1 1 0 0 1 1 1 1 0 3 0 0 1 1 0 2 0 0 2 1 0 1 1 1 0 0 1 2 2 1 1 0 0 1 2 0 0 1 0 0 1 0 0 2 1 0 1 0 0 1 0 0 0 0 2 0 0 2 2 0 0 0 2 0 1 1 0 2 2 0 0 1 1 0 1 0 0 3 0 1 1 0 1 1 3 2 1 3 1 2 1 1 0 0 1
4 0 0 2 1 0 2 0 1 1 0 2 0 0 1 0 1 0 0 1 1 0 2 1 1 1 0 1 2 2 2 1 0 2 3 0 1 1 0 1 0 2 0 0 0 0 1 2 1 0 0 0 1 2 0 0 0 1 0 0 3 0 2 1 3 3 0 1 0 0 2 1 0 1 1 1 0 2 1 0 1 0 1 0 1 1 1 0 0 2 2 0 1 1 2 1 0 0 0 1 0 1 2 2 1 1 0 0 0 3 0 2 2 0 0 0 1 1 1 0 0 0 2 0 2 0 1 2 0 0 1 0 2 0 4 2 0 1 0 3 2 1 2 0 1 2 1 1 1 0
