200
134 184 7 136 174 94 89 133 27 110 25 8 1 84 24 117 20 55 103 120 41 10 116 111 118 160 116 81 191 127 174 69 178 14 45 182 78 162 13 106 4 39 24 156 80 52 181 14 35 143 80 98 168 149 111 161 168 192 41 126 122 23 114 157 187 36 126 22 130 116 160 177 59 196 144 135 53 55 169 131 166 197 138 84 110 150 96 127 7 52 133 103 82 127 152 154 63 184 14 160 93 190 107 139 139 185 21 28 189 170 144 45 99 143 13 120 7 185 170 15 122 74 19 185 85 146 117 21 153 28 91 134 53 114 155 185 41 186 24 33 148 95 63 58 121 18 49 65 180 19 86 164 92 11 94 149 113 64 61 17 190 180 161 83 41 170 106 154 182 25 38 129 43 159 20 61 125 130 180 186 180 145 180 160 75 142 40 23 112 135 22 56 169 87 128 83 182 196 113 114
0 0 0 0 0 0 1 1 0 0 0 0 1 0 0 0 1 1 2 0 1 1 0 1 1 2 0 0 0 1 0 1 2 0 0 1 1 0 1 1 0 1 0 1 1 0 0 1 0 0 0 1 1 1 0 2 2 3 0 1 2 0 0 1 0 2 0 1 0 0 1 0 2 0 1 0 0 1 0 0 0 0 0 0 1 2 0 0 0 0 2 0 0 1 2 1 2 0 0 0 1 1 0 1 1 1 1 1 0 1 0 0 0 0 1 1 2 0 1 1 2 1 0 1 0 1 0 2 0 0 0 2 1 0 0 1 1 0 1 0 0 1 1 0 1 1 0 1 0 1 0 1 0 1 0 1 0 0 1 0 0 0 1 1 0 1 1 0 0 0 1 0 1 0 2 1 1 0 0 1 2 0 0 1 0 1 1 0 1 0 0 1 0 1 1 0 1 0 1 0
0 0 1 2 1 0 0 0 2 1 0 0 0 1 2 1 0 1 0 3 1 0 0 0 0 2 1 2 1 0 0 0 1 1 0 0 0 2 0 1 0 1 0 1 1 0 1 0 0 1 0 1 0 0 1 0 0 0 1 0 0 0 0 0 0 2 0 2 1 1 0 1 0 1 0 0 0 2 0 0 0 0 0 0 0 1 1 1 2 1 1 1 3 1 0 0 0 0 0 2 1 0 0 0 1 0 0 1 0 0 1 0 1 2 0 1 0 1 0 2 1 1 1 0 0 0 0 0 0 0 0 1 1 0 1 0 0 0 0 2 1 0 0 1 1 0 1 1 0 2 1 0 1 0 0 1 0 1 2 1 0 0 0 1 0 1 1 0 1 0 1 0 0 1 2 0 1 1 0 0 0 0 2 1 0 0 0 0 0 0 1 0 0 0 0 1 0 1 1 0
0 1 0 0 0 1 1 1 1 2 0 1 1 0 0 0 0 0 0 2 2 0 1 0 0 0 0 2 2 1 0 0 0 1 2 0 1 1 1 1 0 0 0 0 1 1 1 1 1 1 0 1 0 0 1 1 0 0 0 1 0 1 0 1 0 0 0 1 0 0 1 2 3 0 0 0 1 1 0 1 0 0 2 1 1 0 1 1 0 0 1 2 0 2 0 1 0 0 1 1 1 1 0 1 0 0 0 0 0 0 1 0 1 0 1 1 0 0 1 1 0 2 2 0 0 0 0 1 0 1 0 0 0 0 0 1 1 1 0 1 1 1 0 1 1 0 0 0 2 0 1 0 1 0 0 1 1 0 1 0 1 0 0 0 1 1 0 0 1 1 0 0 0 1 2 1 1 1 0 0 1 1 0 0 2 0 0 0 1 1 0 0 0 1 0 1 1 1 1 1
0 2 0 0 2 0 0 1 1 0 0 1 0 1 1 2 0 1 0 1 0 0 0 1 1 0 2 1 0 0 2 1 0 1 0 1 1 1 2 1 1 1 0 0 1 0 0 0 2 0 2 1 1 0 1 0 0 2 1 0 2 1 1 0 0 2 1 1 1 0 0 0 1 1 0 2 1 0 1 0 0 1 1 2 0 0 1 0 1 1 3 1 2 0 1 1 1 1 0 0 1 1 0 1 0 0 2 0 2 0 1 0 1 1 0 0 0 0 1 1 1 0 1 0 0 1 0 0 1 1 0 1 0 0 1 1 0 0 0 0 1 0 1 1 0 0 0 0 0 1 0 0 1 0 2 2 1 1 0 1 1 0 1 0 0 2 1 0 1 1 0 0 0 1 0 0 0 0 2 1 1 0 0 0 0 2 1 0 0 0 1 1 1 2 2 1 0 1 0 0
0 1 0 2 0 1 0 1 1 0 0 1 0 0 1 0 0 2 0 0 0 0 2 0 0 0 0 1 1 0 1 0 0 0 1 1 0 0 0 1 1 0 0 3 1 2 1 1 1 1 0 1 1 1 0 2 0 0 0 1 2 1 1 1 1 1 0 0 0 0 0 0 1 2 2 0 0 0 0 0 1 1 0 0 1 0 0 1 0 0 1 1 2 1 1 0 1 0 0 1 1 0 1 2 0 1 0 0 2 1 0 0 1 1 0 0 2 1 0 1 0 0 1 0 1 1 0 2 0 1 1 1 0 1 1 1 1 0 1 1 1 0 0 1 1 1 2 1 0 2 0 1 0 0 1 0 1 0 0 0 2 1 1 2 0 0 1 0 0 1 0 0 1 1 1 1 1 1 1 1 1 0 1 1 0 1 1 0 0 0 1 0 1 0 0 1 0 1 1 0
0 0 1 0 1 0 0 0 1 1 0 0 0 0 1 0 0 0 0 1 0 0 0 0 0 0 0 0 2 0 2 0 0 1 1 2 0 0 0 1 0 0 0 0 0 1 1 0 1 1 1 0 0 1 1 1 0 1 0 2 1 0 2 0 0 0 0 1 1 1 1 0 1 1 0 2 1 0 1 1 1 0 0 1 0 1 0 0 1 0 0 0 1 0 1 2 2 0 0 1 0 1 2 0 1 1 1 1 0 0 1 1 1 0 0 0 1 1 1 0 0 0 0 0 2 1 1 1 1 1 1 1 0 0 0 0 0 1 1 0 1 1 1 0 0 2 0 0 0 0 1 0 1 0 2 0 0 0 0 1 0 2 1 0 0 1 1 0 0 1 0 0 0 0 0 0 0 0 1 1 0 0 0 0 1 0 0 0 0 0 1 0 1 1 1 0 0 0 0 0
1 0 1 0 0 0 0 0 1 0 2 1 0 1 1 0 1 0 1 1 0 2 0 0 1 1 2 1 2 2 0 1 0 1 2 1 1 0 0 0 0 2 0 1 0 0 1 1 0 1 1 0 0 0 0 1 0 1 0 1 0 2 1 0 1 1 1 0 0 1 1 0 1 0 0 1 0 0 0 2 0 0 2 0 0 1 0 1 0 0 0 1 0 2 0 0 1 1 1 2 0 0 0 2 0 1 0 1 1 0 0 0 0 1 1 1 1 1 1 0 0 1 0 1 1 0 0 0 1 1 1 0 0 0 2 0 0 1 0 0 1 1 2 0 0 1 0 2 2 1 2 0 1 1 0 1 1 0 0 1 0 0 1 0 1 0 0 0 1 0 0 1 0 1 0 3 0 0 1 0 0 1 0 0 1 1 0 1 0 1 0 1 1 1 1 0 1 1 0 0
1 0 1 1 1 0 0 0 2 0 1 2 0 2 0 1 0 0 0 0 0 2 1 0 0 2 0 0 0 1 1 0 2 1 0 0 0 1 0 1 0 0 2 0 0 0 0 1 1 0 0 0 1 1 0 0 0 1 0 0 0 2 2 1 1 2 0 0 1 1 0 0 0 2 0 0 0 0 0 0 1 0 2 1 1 1 1 1 1 2 1 0 1 0 0 1 0 0 0 1 0 2 0 1 0 1 0 2 0 1 1 0 0 1 1 0 0 1 1 0 0 1 1 0 0 1 2 0 0 0 1 0 2 2 1 0 0 1 1 1 0 1 0 0 0 0 1 0 1 0 2 1 2 1 1 1 0 0 1 1 2 0 1 2 1 0 1 1 1 1 2 0 1 0 0 2 2 2 1 0 2 0 1 0 0 1 0 1 1 0 2 0 1 1 0 1 1 0 0 2
0 2 1 1 1 1 1 2 0 1 1 1 1 0 0 1 0 1 1 2 0 1 1 0 1 1 0 0 1 0 0 0 1 2 0 1 0 1 1 0 0 1 1 0 0 0 2 2 1 2 0 1 1 0 0 1 0 1 0 1 0 0 0 0 1 2 1 1 0 0 1 0 0 0 0 1 1 1 1 2 1 0 2 1 0 0 0 1 0 1 2 0 0 0 2 1 0 1 0 1 0 0 0 0 0 1 0 0 0 0 2 1 2 0 1 0 0 0 0 1 0 1 1 0 0 0 1 0 2 1 0 0 0 0 3 0 0 0 0 1 0 0 2 1 1 0 2 0 1 1 2 0 0 0 1 2 0 1 1 1 1 0 1 2 0 1 1 0 0 0 1 0 1 0 0 0 1 0 2 0 1 2 1 0 1 0 0 3 1 0 0 1 0 0 0 0 1 1 0 2
0 1 2 0 0 1 0 0 1 0 1 0 1 1 0 0 0 1 1 0 1 1 2 1 0 1 1 0 1 1 1 1 1 1 0 1 0 1 1 2 1 1 0 0 0 0 0 1 1 0 2 0 0 0 1 1 1 0 0 0 1 0 0 1 1 0 1 0 0 0 1 1 0 0 0 1 1 1 1 1 0 1 2 1 1 1 0 1 0 0 0 2 1 0 0 1 1 1 2 1 0 0 1 1 0 0 1 1 1 0 0 3 1 1 1 0 0 1 1 2 1 1 0 2 0 0 1 2 0 1 1 0 1 2 0 0 0 1 0 0 2 0 2 0 1 1 0 0 0 0 2 2 1 1 0 0 0 1 1 1 1 1 0 1 1 0 0 1 0 0 1 0 0 2 0 0 0 0 0 1 1 0 0 0 0 1 1 0 1 0 1 0 0 0 0 0 0 0 0 2
0 0 0 0 0 0 2 1 1 1 0 1 1 1 1 2 1 0 1 1 0 0 1 1 2 1 0 0 0 1 1 0 0 1 1 0 0 0 0 1 1 0 0 1 1 0 0 0 1 0 1 0 1 1 1 1 1 1 2 2 2 1 0 0 1 0 0 1 0 2 0 2 1 2 1 1 0 0 1 1 0 1 0 0 2 1 0 0 1 0 0 1 1 1 0 0 0 3 0 0 0 1 1 0 0 0 1 0 1 0 2 0 0 1 1 0 1 1 2 0 0 1 1 0 1 0 2 2 2 2 0 0 0 2 0 1 1 0 1 0 0 2 0 1 1 1 0 0 0 3 1 0 1 1 2 0 1 0 0 0 2 0 1 0 1 0 0 2 0 0 2 1 0 0 2 0 0 0 1 1 0 0 1 1 1 0 1 0 0 1 3 1 0 1 1 0 0 0 1 0
0 0 1 1 1 0 1 2 1 0 1 0 0 0 0 0 1 1 1 0 0 1 0 1 1 1 1 0 0 2 3 0 0 0 1 0 0 0 1 0 0 0 1 1 0 1 1 1 0 0 0 0 1 0 1 0 2 1 1 0 1 0 0 1 0 2 1 2 1 1 1 1 0 1 1 1 1 1 0 1 2 0 1 0 0 0 0 0 0 0 1 1 0 1 0 1 0 0 0 0 0 2 0 1 2 0 0 0 0 2 0 0 2 3 1 2 0 1 1 1 0 1 1 2 2 1 0 0 0 2 0 2 0 1 0 0 0 1 0 0 0 0 0 1 2 0 0 1 0 1 1 0 1 0 0 1 1 1 0 1 0 0 1 2 0 1 1 0 1 1 1 1 0 1 0 2 0 1 1 0 1 1 1 0 0 1 1 0 0 1 1 0 0 0 0 1 0 1 1 1
1 0 1 0 0 0 0 0 1 1 1 0 0 0 2 1 0 2 0 1 1 1 0 0 0 2 3 0 2 0 1 0 1 1 2 0 1 1 1 0 0 0 0 2 0 0 0 0 1 1 0 1 1 0 0 1 1 0 2 0 1 1 0 1 1 3 0 1 0 0 0 0 0 1 0 0 1 0 0 0 2 0 0 2 0 0 0 1 0 0 1 1 1 0 0 1 0 1 0 0 2 1 0 1 0 1 1 1 1 1 0 0 1 0 1 0 1 0 1 0 0 0 0 0 1 0 1 1 0 2 0 1 0 1 0 0 0 1 1 1 1 2 3 0 1 2 1 1 0 0 0 1 1 1 0 0 1 1 1 1 1 1 3 1 0 0 0 0 0 0 1 1 1 0 1 1 0 1 1 1 0 2 1 2 0 1 0 0 1 0 1 0 1 0 1 1 0 1 1 0
0 1 0 1 0 0 1 2 0 1 1 0 0 0 1 0 0 1 1 0 1 0 2 0 0 1 2 1 0 0 1 0 1 0 0 0 0 1 0 1 1 1 0 0 0 0 0 1 1 1 1 0 1 2 0 1 2 0 1 0 1 1 1 1 1 2 2 0 1 1 0 1 0 1 0 1 0 1 1 1 1 1 0 0 1 1 1 1 0 0 1 1 1 3 1 1 0 1 0 0 1 0 0 1 0 2 1 1 0 1 0 0 0 0 0 1 1 1 2 1 1 0 1 1 2 1 0 0 1 1 0 0 1 1 1 1 0 0 0 2 0 2 0 2 0 1 0 1 0 0 1 0 1 2 1 1 2 0 0 1 1 0 1 1 1 1 0 1 0 0 1 2 1 2 2 1 1 0 1 0 1 0 0 0 1 1 1 0 1 1 1 0 0 2 0 0 0 1 1 1
0 2 0 1 1 1 1 0 0 0 1 0 2 1 0 0 0 1 0 1 1 1 0 0 1 0 0 0 0 1 0 3 0 1 2 1 0 0 1 1 1 2 0 0 1 0 1 1 1 0 1 1 1 0 1 0 1 1 0 0 1 0 0 0 1 0 1 0 0 1 0 0 0 0 0 1 1 2 1 0 1 2 2 1 1 0 1 0 0 0 1 1 1 2 1 1 1 0 2 1 0 1 1 1 0 0 0 0 2 1 0 1 1 0 0 0 2 1 1 0 0 1 1 1 0 0 0 0 1 0 0 1 0 1 0 1 0 1 1 2 0 0 2 1 0 1 0 1 0 0 0 0 1 0 1 0 1 0 0 0 0 0 0 0 1 1 1 0 0 0 1 1 1 0 1 0 1 1 0 0 1 0 0 2 0 0 0 1 0 2 0 0 0 1 0 2 0 1 1 0
0 1 0 2 0 0 0 1 1 0 2 0 1 0 0 0 2 1 1 0 0 0 1 0 1 0 0 0 1 0 0 0 1 0 0 2 1 0 0 0 0 0 1 0 1 1 2 1 2 1 1 1 1 1 0 1 0 0 1 1 1 2 0 0 1 1 0 1 2 0 0 1 2 1 0 1 1 2 0 2 0 0 2 3 1 1 1 0 1 0 1 2 0 0 1 0 1 1 1 1 0 0 1 0 0 0 0 1 2 0 2 0 0 1 1 1 0 2 0 0 1 0 0 0 0 2 1 1 1 0 0 1 0 0 1 1 2 3 3 0 2 0 0 2 0 0 1 0 0 1 0 1 1 0 1 0 0 1 1 1 2 0 0 0 0 1 0 0 1 1 0 1 1 1 1 0 1 3 0 1 1 1 0 1 0 0 2 0 0 0 1 2 1 0 1 2 1 1 0 1
1 0 0 0 0 0 1 0 0 0 1 1 0 0 0 2 0 0 1 2 0 0 0 0 3 1 0 1 1 1 3 1 0 2 1 1 0 1 0 0 1 0 1 1 0 1 0 1 0 1 1 0 0 1 0 1 0 1 1 0 0 1 1 1 0 0 1 1 0 1 1 0 1 0 0 0 0 1 1 2 2 2 1 0 1 1 0 0 0 0 1 1 1 2 1 1 0 1 1 0 1 0 1 1 0 1 0 0 1 3 0 0 0 0 0 1 1 0 0 0 1 1 2 0 0 0 0 0 1 1 2 1 1 0 2 3 0 2 0 0 1 0 1 1 0 0 0 1 2 1 0 0 2 0 2 0 1 2 2 1 2 0 1 0 1 1 2 1 0 2 2 0 0 3 1 0 2 1 0 1 0 0 0 0 2 0 0 1 1 1 0 1 0 0 0 0 1 1 1 2
1 1 0 1 2 0 0 0 1 1 0 1 2 1 1 1 0 0 0 0 0 0 0 0 0 0 1 0 1 1 1 0 0 1 1 1 1 0 0 0 1 0 2 0 2 1 0 1 0 0 2 2 0 0 0 0 1 0 0 0 0 1 0 1 0 0 1 1 1 1 0 2 0 0 0 1 0 1 1 1 0 0 2 1 0 1 2 0 0 0 1 1 0 1 2 0 0 1 1 1 1 1 0 1 0 1 0 0 1 1 2 1 2 1 0 2 1 1 1 0 1 1 0 0 0 1 1 0 2 1 0 0 0 1 1 1 2 0 0 1 0 0 1 0 0 0 1 0 0 0 1 0 0 0 0 2 0 0 0 2 1 1 0 1 2 1 1 1 0 0 1 1 1 1 1 2 1 1 2 1 0 2 0 2 0 0 0 1 0 0 1 2 1 0 0 1 0 1 1 0
2 0 0 0 0 0 1 0 1 1 1 1 0 1 0 1 1 0 0 1 1 1 1 0 1 0 1 0 0 2 0 1 1 0 1 0 0 2 2 0 0 1 1 0 1 1 0 1 1 0 1 1 1 1 0 1 0 0 0 0 0 2 0 1 1 0 0 1 1 1 0 1 0 0 0 0 0 1 1 2 0 0 1 0 0 1 2 1 1 0 1 0 0 0 3 0 1 1 0 1 1 0 0 1 0 1 0 0 0 0 1 0 0 1 0 0 0 0 0 1 0 0 1 0 1 0 0 0 2 1 1 1 1 0 0 0 2 0 0 0 0 1 0 2 0 2 1 1 0 1 1 1 0 0 1 0 0 0 0 1 3 1 0 0 0 2 0 0 0 0 0 1 0 2 0 0 0 1 1 0 0 3 1 0 1 0 2 1 1 1 0 1 1 1 0 2 0 1 0 1
0 3 2 1 0 1 1 0 2 0 1 0 1 0 1 0 2 0 1 0 1 0 1 1 0 1 2 0 0 0 1 0 0 1 0 1 0 1 0 1 0 1 1 0 1 0 0 0 1 0 0 0 0 1 1 1 0 0 1 0 0 1 0 0 1 3 1 1 1 1 0 1 0 0 2 0 1 3 1 2 0 0 2 1 2 0 0 0 0 0 0 2 1 0 0 0 1 0 0 0 0 0 0 0 0 0 1 1 0 0 1 2 0 1 0 0 1 3 0 1 1 1 0 2 1 0 1 1 0 0 1 1 0 0 0 0 0 0 1 0 1 0 0 0 1 0 0 1 0 1 0 1 1 1 1 0 1 0 0 1 1 3 0 1 0 0 0 1 1 1 0 1 2 2 2 1 1 0 0 0 3 0 0 1 2 0 2 1 1 1 0 1 0 0 2 0 0 0 1 0
1 1 2 0 0 0 0 0 0 1 0 0 1 1 1 0 0 0 1 1 0 0 0 2 0 0 1 0 0 0 0 1 0 0 2 1 0 0 1 1 0 0 1 0 0 1 1 1 0 0 0 2 0 1 1 1 0 1 1 1 0 2 2 1 0 0 2 0 0 1 1 1 0 2 0 0 1 1 2 0 0 1 1 1 1 1 1 1 1 0 1 0 1 1 0 1 1 0 1 3 0 0 0 1 0 1 1 1 1 0 0 0 1 1 1 0 1 1 1 0 0 0 0 0 1 3 0 0 0 0 1 1 0 0 0 0 1 2 2 0 1 2 1 1 1 0 0 0 0 1 0 0 1 2 0 2 1 0 0 0 2 2 0 1 0 0 1 2 0 0 0 0 0 0 0 0 1 0 0 1 0 0 0 0 1 1 1 0 2 0 1 0 0 1 0 0 2 1 0 0
1 0 0 0 0 0 2 2 1 1 0 1 1 0 1 0 0 0 1 0 0 0 2 1 1 2 0 3 1 1 1 0 1 1 1 0 1 0 0 1 0 1 2 0 1 1 1 0 0 0 0 2 1 1 1 1 2 0 1 0 0 0 0 1 2 1 1 0 0 0 0 1 0 0 0 1 1 0 0 2 0 1 1 1 1 2 1 2 0 0 0 1 0 1 0 0 1 2 1 0 1 2 0 1 2 1 1 0 0 0 1 1 0 0 1 1 1 1 0 2 0 0 0 1 1 3 0 1 1 2 2 2 0 1 1 0 2 1 1 1 1 1 3 0 1 0 0 0 0 0 1 1 0 0 1 1 1 0 0 0 0 0 1 0 0 0 0 0 0 2 1 1 0 2 0 0 0 1 2 1 1 0 0 0 1 2 1 0 0 0 1 0 1 1 1 0 1 0 0 1
0 0 1 0 2 0 0 1 1 2 1 0 0 2 0 1 0 0 1 1 0 2 0 1 1 0 0 2 1 0 0 1 1 1 0 2 1 0 0 0 0 0 1 0 0 0 0 1 1 0 1 0 2 1 0 1 0 1 0 0 0 1 0 1 1 0 0 0 0 0 0 1 1 0 0 0 0 1 0 0 0 0 1 1 1 1 1 2 1 0 1 1 1 1 0 2 1 0 3 0 0 1 1 0 0 0 1 0 1 0 0 1 0 0 0 1 1 0 0 0 1 1 1 0 0 0 1 1 0 1 1 1 0 0 1 1 1 2 1 0 1 2 0 0 1 1 0 1 0 0 1 1 0 0 0 0 1 1 0 1 0 1 1 0 0 1 0 0 0 1 0 0 1 1 1 1 0 3 0 1 0 1 1 1 0 1 1 1 2 0 0 0 1 1 0 0 2 1 0 0
1 0 0 1 0 0 0 0 0 1 1 1 0 0 0 0 0 0 0 1 2 1 1 0 0 0 0 0 0 0 1 1 1 1 0 1 0 0 0 0 0 0 1 0 1 1 1 0 1 1 0 1 1 0 1 2 0 1 1 0 0 1 1 0 0 1 0 1 1 0 1 1 0 1 0 0 1 0 0 3 1 0 0 1 1 0 0 1 0 1 1 1 0 0 2 0 1 0 0 0 0 0 1 1 1 1 0 0 3 0 1 0 2 0 1 1 1 2 1 1 1 2 1 2 0 0 0 1 1 0 1 2 0 0 0 1 0 1 0 1 0 1 0 0 0 0 1 0 0 1 0 0 1 0 0 1 1 2 0 1 0 1 1 1 0 0 2 0 2 1 2 1 0 0 0 1 0 1 0 0 1 0 0 1 0 0 0 2 0 1 1 0 0 2 0 1 1 0 0 1
1 0 0 1 0 0 1 0 1 0 2 1 0 0 1 1 3 0 1 0 0 1 1 0 0 0 0 1 1 0 0 0 0 2 2 1 0 0 1 0 1 3 0 1 0 0 1 0 1 2 0 1 0 2 0 1 0 0 1 1 0 0 0 1 1 1 0 1 0 0 1 0 0 0 0 2 1 2 1 0 1 1 1 0 0 1 1 1 1 0 0 0 0 1 1 1 1 0 0 0 1 0 2 0 0 2 0 1 0 0 0 1 0 1 0 1 3 0 0 0 2 1 0 1 1 0 1 2 1 0 0 1 0 1 0 1 1 0 0 2 1 1 1 3 1 0 1 1 0 0 0 0 1 1 0 0 0 0 0 1 1 1 0 1 1 0 0 0 0 1 0 2 2 0 0 3 0 0 1 0 0 2 0 1 0 1 1 0 2 1 0 0 0 0 0 1 1 1 0 1
2 2 0 0 0 0 1 2 1 1 1 1 2 1 0 0 1 0 0 1 0 2 0 0 0 0 1 1 1 0 0 1 1 1 1 1 0 1 1 2 1 0 2 1 1 2 0 2 0 0 0 1 1 1 0 0 0 0 0 0 2 2 0 0 0 0 1 1 0 1 1 1 0 1 0 0 0 0 2 0 1 1 0 0 0 1 3 0 2 0 0 0 0 0 1 1 0 0 3 1 0 1 1 0 1 1 1 2 1 0 0 1 1 1 2 0 0 0 0 1 1 0 0 1 0 0 2 0 1 1 1 0 2 0 0 0 0 1 0 1 1 1 0 1 0 0 2 0 2 0 3 1 1 0 0 2 0 0 1 1 0 0 0 1 0 0 0 0 2 0 1 0 1 0 0 0 0 0 1 0 1 1 1 0 0 0 0 2 0 1 0 0 1 0 0 0 0 0 0 0
0 1 0 2 0 0 2 0 0 1 0 1 3 2 0 0 0 1 1 2 1 0 0 0 0 1 0 0 1 1 2 1 0 0 1 0 2 0 1 0 0 1 0 1 0 0 1 1 1 0 1 1 0 0 1 0 2 1 0 0 1 2 0 2 0 1 1 0 0 1 0 1 0 0 1 1 0 0 0 2 0 0 0 0 1 1 1 1 0 1 1 1 2 0 1 1 0 0 0 0 0 0 1 1 2 0 1 0 0 1 0 0 1 0 1 1 1 0 0 0 1 1 1 1 1 1 0 2 1 0 0 2 1 2 1 2 0 2 0 0 0 1 1 0 1 1 0 0 0 1 1 1 1 0 1 1 0 0 1 1 1 0 0 1 0 0 0 0 0 0 0 2 0 0 1 0 2 1 0 0 1 0 2 0 0 0 2 0 0 0 1 0 0 1 0 1 0 1 0 1
0 2 2 1 1 0 1 0 0 0 0 0 0 1 0 0 1 0 0 0 0 3 2 0 1 1 0 0 1 1 0 0 1 0 0 1 1 2 0 1 2 1 2 0 1 1 0 0 0 1 0 3 0 0 1 0 2 0 1 1 2 2 3 0 0 1 0 1 1 1 2 1 1 2 0 0 1 0 0 0 2 0 0 0 3 3 0 0 0 2 0 1 0 1 0 1 1 1 1 0 0 1 0 0 1 1 0 1 1 1 1 1 1 1 1 0 2 0 1 0 0 0 0 1 0 0 0 1 2 1 2 0 0 2 0 1 1 2 0 0 0 0 0 0 0 1 1 0 1 1 1 2 0 0 1 1 2 1 1 3 1 0 1 0 1 1 0 1 0 2 0 1 0 1 0 0 0 1 1 0 0 0 1 1 0 1 0 1 0 0 0 2 1 2 1 2 0 0 1 0
0 1 2 0 1 2 2 0 1 1 0 0 2 0 0 1 1 1 0 0 0 1 1 0 1 1 1 1 0 1 1 0 0 0 0 0 0 2 0 0 0 1 0 1 1 1 2 1 0 0 1 1 0 0 0 0 1 0 0 0 1 0 0 2 0 0 1 1 0 1 0 1 1 1 1 1 1 0 0 0 0 1 0 1 1 0 0 0 1 0 2 0 0 1 2 0 1 1 0 1 0 1 2 2 1 0 0 0 0 0 1 0 0 2 1 0 0 1 1 1 2 0 0 1 0 0 1 0 0 0 0 0 1 1 0 1 0 1 1 0 0 2 1 1 0 1 0 1 0 0 0 0 1 0 1 2 1 2 2 1 2 1 0 1 2 1 1 1 2 1 1 2 0 1 1 1 2 0 1 0 1 0 0 1 0 1 1 0 1 0 0 1 0 2 0 1 0 0 0 0
1 0 1 0 0 0 2 1 0 1 1 2 0 0 1 0 1 1 2 0 0 1 0 0 0 0 1 1 1 0 0 1 1 2 1 0 1 2 0 0 0 0 0 1 2 1 1 1 2 0 0 1 0 1 0 0 0 1 0 1 1 2 0 0 1 0 2 2 0 0 1 1 1 0 0 0 0 1 2 0 2 2 0 2 1 1 2 1 1 0 0 1 0 1 1 0 1 2 3 0 1 2 1 1 1 0 0 0 2 0 0 1 1 1 1 0 1 0 0 0 1 0 1 2 0 0 0 1 0 0 1 1 0 2 1 1 1 0 1 0 2 1 2 0 1 1 2 1 1 1 1 0 0 1 1 2 0 1 0 0 2 1 1 1 1 1 0 1 0 0 0 2 1 0 2 0 0 1 0 0 1 0 0 1 1 0 1 0 1 1 1 0 0 0 1 1 1 1 1 0
0 0 0 2 1 2 0 1 0 1 1 3 1 1 0 0 3 1 0 1 0 1 0 1 0 0 2 0 1 0 0 0 2 2 1 0 0 0 0 0 1 0 1 0 0 2 1 0 0 1 1 2 2 0 0 1 0 1 0 1 0 1 0 0 2 1 0 0 0 1 0 0 0 1 0 0 1 0 0 2 1 1 0 1 1 0 0 1 1 1 1 1 1 0 0 1 0 0 1 1 0 0 0 1 1 0 1 0 1 0 0 2 1 1 0 1 2 0 1 0 1 0 1 0 3 1 0 0 0 0 0 0 1 0 0 4 0 3 1 0 0 0 0 0 0 0 0 2 0 0 1 1 0 1 1 0 1 0 0 1 1 0 0 0 0 0 0 0 1 0 0 0 2 1 1 1 0 2 0 0 1 1 0 0 0 1 0 1 0 1 1 2 1 1 1 2 0 2 0 1
1 0 0 1 0 0 1 0 0 1 0 0 0 0 3 0 1 0 1 0 1 0 1 1 0 1 1 0 0 1 0 0 1 0 1 0 0 0 0 0 1 0 0 0 1 0 0 0 1 0 0 0 0 0 1 1 1 0 1 0 0 1 0 1 0 0 1 0 1 1 1 2 2 1 0 0 1 0 1 1 2 0 1 0 0 0 0 1 0 0 2 0 1 1 0 1 1 2 1 2 0 2 1 1 1 0 0 1 0 0 1 1 0 0 0 0 0 1 2 1 0 2 0 0 0 0 1 0 0 1 0 1 0 0 3 0 3 0 1 0 1 0 0 1 3 0 0 2 0 1 0 0 1 1 1 0 0 0 1 0 0 2 0 2 0 0 0 0 2 1 0 1 0 0 1 0 0 1 0 2 0 0 0 1 0 1 1 1 0 0 0 0 0 1 0 1 0 0 1 0
2 1 0 0 0 0 0 2 1 1 0 0 1 1 0 1 0 0 1 0 0 1 1 1 0 1 0 1 0 1 2 1 0 2 0 2 2 3 0 1 1 0 1 2 1 0 0 1 0 0 0 0 0 1 1 1 0 1 0 0 1 1 0 0 0 1 0 0 1 1 0 0 0 0 0 1 1 0 0 0 0 1 1 1 0 1 0 0 1 1 1 2 1 0 0 0 1 1 0 1 0 0 1 1 1 0 0 1 0 0 0 1 0 0 1 2 1 1 0 0 0 1 0 1 1 0 2 1 1 0 1 1 1 2 1 1 0 2 0 1 0 0 1 0 0 1 1 1 1 1 0 1 0 0 1 1 0 0 0 2 1 1 1 1 0 0 0 0 1 2 0 0 2 0 0 0 1 1 1 0 1 0 0 1 0 1 0 0 0 0 0 0 0 2 0 0 0 0 0 0
0 1 1 1 0 1 1 1 2 1 1 0 1 0 1 0 2 1 0 1 0 1 1 1 2 1 0 0 0 2 2 0 2 0 2 1 0 2 1 0 0 1 1 0 1 1 2 1 0 0 0 1 0 2 0 1 2 0 0 0 1 0 1 2 1 0 0 1 2 0 1 0 0 1 1 0 0 1 0 0 0 1 1 1 1 1 0 0 1 1 0 1 0 2 0 2 0 2 0 0 1 0 0 0 2 0 2 0 0 2 1 2 0 0 1 1 0 0 0 0 0 1 1 0 0 0 2 1 0 1 0 1 0 0 0 2 2 0 0 1 1 0 0 1 0 1 0 1 2 0 0 0 1 1 1 0 1 0 0 1 0 0 1 1 0 0 0 0 1 0 1 0 1 0 1 0 0 0 0 0 1 0 1 1 0 0 1 1 0 0 0 0 1 1 1 1 2 0 0 1
0 0 2 0 1 1 2 0 0 0 1 1 2 0 2 0 1 1 1 0 2 1 0 0 2 1 1 0 0 1 1 1 0 2 0 0 1 1 0 0 1 1 2 1 1 0 1 1 0 2 0 0 1 1 2 0 0 1 1 1 0 1 0 1 1 0 0 0 0 0 0 0 1 2 0 0 1 0 1 2 0 0 0 0 0 0 0 0 1 1 1 0 1 0 0 1 1 1 0 0 0 1 0 2 0 1 0 0 0 1 0 0 1 0 1 1 0 0 1 0 1 0 0 0 1 0 0 3 0 0 1 0 2 0 0 0 0 0 0 0 0 0 0 0 0 0 0 0 1 2 0 0 1 1 0 0 0 0 0 1 2 0 0 0 1 1 1 1 0 1 1 1 0 2 1 1 0 1 1 0 1 0 1 1 0 0 0 1 0 1 0 0 0 0 0 0 0 1 1 1
1 0 0 1 1 2 1 0 1 1 0 0 0 0 1 2 1 1 0 1 1 0 2 1 1 1 0 1 0 0 0 0 2 1 0 0 1 1 1 0 0 0 0 0 1 0 2 0 0 1 3 0 0 2 1 1 0 1 0 1 1 1 0 1 0 0 0 0 0 0 0 0 0 0 1 0 0 0 0 0 1 2 0 1 0 0 1 1 1 0 0 1 0 1 0 1 1 2 0 1 1 0 1 2 1 1 1 0 0 0 1 2 1 0 0 0 1 0 1 1 1 0 0 2 0 0 1 1 1 1 0 2 1 1 1 1 1 1 0 0 1 0 0 0 0 1 0 2 2 1 0 0 0 0 1 0 1 1 1 0 0 0 0 1 2 0 1 1 1 0 2 1 1 0 0 0 1 0 0 0 1 1 0 1 0 0 1 0 0 3 1 0 1 0 2 1 0 1 2 1
1 0 1 1 0 0 1 0 0 0 0 0 1 0 0 1 0 1 0 0 0 1 1 0 0 0 2 1 0 1 0 0 2 0 1 1 0 1 0 0 2 0 1 0 0 0 1 2 1 0 0 1 2 1 2 1 0 0 1 1 0 1 1 0 1 0 1 1 0 0 1 0 0 0 1 0 1 1 2 0 1 0 0 0 1 1 0 0 1 0 0 0 1 0 1 1 1 0 1 0 0 1 1 0 0 0 2 0 2 1 2 1 1 1 1 0 2 1 1 0 1 0 0 1 1 0 0 0 0 2 1 0 1 0 0 0 0 1 0 2 1 1 1 0 0 0 0 0 0 0 1 0 0 0 0 0 2 0 0 0 0 1 0 0 2 0 0 0 2 0 1 1 1 0 0 0 0 0 0 2 0 0 1 1 0 0 1 1 2 1 2 0 0 0 0 0 2 1 1 2
0 2 1 1 0 0 0 1 1 1 0 0 1 1 0 0 1 0 2 1 0 0 0 0 0 1 0 2 2 2 0 0 3 2 1 1 1 0 0 0 0 1 0 1 2 0 0 0 1 1 0 0 0 0 0 3 0 0 0 0 0 0 1 0 1 1 2 0 0 0 2 0 0 0 1 1 2 0 0 1 0 2 1 1 1 1 0 0 2 0 2 0 0 1 0 0 0 2 1 0 2 1 1 0 0 1 1 0 1 1 2 1 1 1 0 0 1 0 0 0 3 1 2 1 0 1 0 0 0 2 0 2 0 0 1 2 0 1 1 1 1 0 0 0 1 0 0 2 0 0 0 1 1 1 1 1 1 0 2 1 1 0 0 0 0 0 0 0 1 2 0 2 1 0 0 1 0 1 1 1 1 1 2 0 1 1 1 1 1 2 1 1 1 1 0 2 1 1 1 1
1 0 1 2 0 0 0 0 1 1 0 1 1 0 1 0 0 0 2 0 1 0 0 0 1 1 1 0 0 0 0 0 0 1 0 1 0 0 0 0 3 1 0 0 1 1 0 1 0 1 1 2 1 0 0 1 0 0 1 0 1 0 1 0 1 0 1 0 2 0 0 2 1 1 0 1 0 0 1 0 2 1 0 0 1 2 1 0 0 0 1 0 1 1 0 1 0 0 1 1 1 0 0 0 0 1 0 1 2 0 2 0 1 0 0 0 1 1 2 0 0 1 0 0 2 0 2 2 0 0 0 0 0 0 2 0 1 1 1 0 1 0 0 0 0 0 1 1 1 0 1 1 3 2 0 1 1 1 0 2 0 0 1 0 1 0 1 0 0 0 0 1 1 1 1 0 0 0 0 1 1 1 1 1 0 0 0 1 0 1 0 1 1 0 0 1 1 0 0 0
1 1 1 1 1 1 0 1 0 2 1 0 0 1 1 0 0 0 0 1 1 1 0 0 0 2 0 1 0 0 0 0 1 0 0 0 0 0 0 0 0 1 1 0 1 0 1 1 1 0 2 3 1 1 0 0 0 1 0 0 2 1 2 2 2 1 2 0 2 0 0 0 0 0 1 1 1 0 1 0 0 1 1 1 0 3 0 1 0 0 0 1 1 1 0 1 0 1 1 1 1 0 1 1 1 2 1 0 1 1 2 0 1 1 2 2 0 1 0 0 1 0 0 2 0 0 1 0 3 1 0 0 1 0 1 2 0 0 3 0 0 1 0 0 2 1 1 0 0 0 1 0 2 0 2 1 0 0 0 0 1 0 1 0 1 0 2 0 1 0 1 2 1 0 1 1 0 1 0 0 2 0 0 0 1 0 1 0 0 1 0 1 1 2 1 1 1 0 0 0
0 0 0 1 1 0 0 0 0 1 1 0 0 1 1 0 1 1 0 0 0 0 0 0 1 1 0 2 0 0 1 1 1 0 1 0 2 0 3 0 0 1 1 0 2 1 1 1 0 1 0 0 0 0 1 0 1 1 0 0 0 1 0 0 2 0 0 1 0 0 0 1 0 1 0 0 0 1 0 0 0 0 1 1 0 0 0 0 1 1 1 0 1 0 0 0 1 0 0 0 2 1 0 1 0 0 1 0 1 0 0 1 0 1 0 1 0 1 1 1 0 0 2 0 1 1 1 0 0 1 0 1 1 0 0 1 0 1 1 0 3 1 1 0 1 0 0 0 0 0 1 1 0 2 2 0 1 2 2 0 0 0 0 0 0 2 0 2 2 0 0 3 0 1 1 0 1 0 1 1 1 0 0 0 1 1 0 0 1 1 0 1 0 1 0 0 0 0 0 2
1 1 0 1 0 0 2 0 1 1 0 0 0 1 2 0 0 0 1 1 0 1 0 0 3 0 1 1 1 0 0 0 0 1 1 0 0 1 1 1 1 0 1 0 1 1 2 2 0 2 0 0 0 2 1 2 0 1 1 1 0 0 0 0 1 2 1 1 1 0 2 1 0 1 2 0 1 0 0 0 0 0 0 1 1 0 0 2 0 2 0 1 1 0 1 1 1 2 1 0 0 2 1 0 0 0 1 0 0 0 1 0 0 1 0 0 1 0 1 0 1 1 1 1 1 0 1 0 1 0 1 1 1 0 0 0 0 0 0 0 0 1 1 0 0 1 0 1 0 0 0 0 1 1 1 2 1 0 1 0 1 0 0 1 1 2 2 0 2 0 1 1 0 1 3 0 1 1 1 0 1 0 0 0 0 2 0 2 0 1 1 0 1 0 0 1 1 0 0 1
0 0 0 0 0 0 0 2 1 0 0 1 0 0 0 1 1 2 1 1 1 2 1 1 0 2 0 2 0 0 1 0 1 1 2 0 1 0 0 1 1 1 0 0 1 1 1 1 0 2 0 1 2 0 0 0 0 1 1 1 0 1 1 0 1 1 0 0 0 1 0 1 0 1 0 1 0 1 1 0 2 0 1 1 0 0 1 2 0 2 1 0 1 0 0 1 1 0 0 0 1 2 1 1 1 2 0 1 2 1 0 1 0 1 2 1 0 1 0 0 2 0 0 0 0 1 2 0 1 0 0 0 0 1 2 1 1 0 0 1 1 0 1 0 1 0 0 0 0 1 1 2 0 1 0 1 2 1 0 1 0 1 2 1 2 0 1 1 0 0 0 1 0 0 1 1 1 1 0 1 0 0 1 0 1 1 2 0 1 1 0 1 0 2 1 0 1 1 1 0
1 1 0 0 3 0 1 0 0 0 1 1 2 0 0 0 1 0 0 0 0 0 0 0 1 1 1 0 1 1 0 0 2 0 1 0 0 1 0 0 0 0 0 0 1 1 0 1 1 1 1 1 0 0 0 1 0 0 0 0 0 0 1 0 0 1 1 0 1 1 1 0 2 1 1 1 0 0 0 1 1 1 2 0 1 0 1 0 1 0 1 2 0 1 0 0 1 0 1 0 1 0 0 0 0 0 2 1 0 0 0 1 0 1 2 0 1 0 0 1 2 0 3 0 2 0 0 0 1 0 0 1 0 1 1 0 2 2 2 0 0 0 0 0 1 0 1 0 0 1 0 0 0 1 0 0 0 1 0 0 1 1 1 0 0 1 0 0 1 1 1 1 1 2 1 1 1 1 0 0 1 1 0 0 0 1 2 0 0 0 1 1 1 2 1 0 0 0 0 0
1 1 1 1 1 0 0 0 0 0 1 0 0 0 1 1 0 2 1 1 0 1 0 1 0 1 0 1 1 2 0 1 1 1 1 1 0 2 1 1 2 1 1 1 0 0 0 2 0 1 1 1 0 0 1 0 0 0 0 3 1 1 0 1 2 0 0 0 0 0 0 1 1 0 1 0 1 2 0 0 1 0 0 0 0 1 1 1 1 2 0 0 3 2 2 0 1 0 1 1 0 1 1 1 0 1 1 1 0 1 1 0 1 0 0 1 1 1 0 2 1 0 1 0 1 1 1 1 0 1 0 1 1 1 1 0 0 1 1 0 1 3 1 0 1 0 0 2 1 1 2 0 0 1 0 0 1 0 0 2 0 1 0 0 0 1 0 1 2 2 0 1 0 1 0 1 0 1 0 1 1 1 1 1 1 0 0 0 1 1 0 1 0 2 1 0 0 1 1 0
0 0 1 0 2 1 0 0 0 0 0 1 0 0 0 1 1 1 1 0 1 1 0 1 0 2 0 1 1 1 2 0 0 1 0 0 0 0 1 0 1 1 1 1 0 0 2 1 0 0 0 1 0 0 0 1 0 1 0 2 1 1 1 0 1 0 1 1 1 0 0 0 1 1 1 1 0 0 0 0 1 1 0 2 2 1 1 0 0 2 0 0 1 0 1 1 0 1 1 0 0 1 0 1 2 0 0 1 0 0 0 1 1 2 0 1 1 0 0 0 1 1 1 1 1 0 1 1 0 1 1 0 1 0 1 2 1 1 0 1 2 1 1 1 1 2 0 1 1 1 1 0 1 1 1 2 2 0 0 0 0 1 1 0 0 0 0 0 0 1 1 0 0 1 0 1 0 0 0 0 1 1 3 1 1 0 2 0 2 0 1 1 1 0 1 1 0 0 0 1
0 1 1 0 1 1 1 0 2 0 0 1 0 0 1 2 0 0 0 0 1 1 0 1 1 0 1 0 2 1 1 0 0 2 1 2 1 0 0 1 1 2 1 0 0 2 0 1 0 0 1 1 0 0 1 0 0 1 2 0 1 1 0 0 0 0 1 0 1 2 2 0 0 1 1 1 1 2 0 1 0 2 1 2 0 0 0 0 0 1 0 2 0 0 0 0 0 1 0 0 0 0 0 1 0 1 0 0 0 1 0 1 0 0 2 0 2 0 1 2 0 1 1 1 2 1 1 1 2 1 1 1 2 2 1 1 0 1 0 0 0 2 0 1 2 0 0 1 1 0 2 0 0 0 0 0 0 1 1 1 0 0 2 0 1 0 1 0 0 0 2 0 0 0 0 1 2 0 0 1 1 2 1 1 1 0 1 1 1 1 2 0 0 0 1 0 0 2 1 0
1 0 1 0 1 0 1 1 2 1 0 1 0 1 1 1 1 1 1 0 1 0 1 0 0 2 1 0 1 1 0 0 1 1 1 0 2 0 1 1 1 2 1 1 2 1 1 0 0 0 1 0 1 1 0 0 0 1 1 0 0 0 0 0 1 0 1 1 0 1 3 1 2 1 0 0 2 1 0 1 1 1 1 1 2 3 0 1 1 1 1 2 1 0 0 1 0 0 1 1 2 2 1 1 1 0 1 0 0 0 0 0 1 2 1 1 1 0 0 0 2 0 1 0 0 1 0 1 1 1 0 1 0 0 2 0 1 2 0 1 0 0 0 1 0 2 0 1 1 1 1 1 0 1 1 0 0 0 1 1 0 0 0 2 2 0 1 1 1 2 1 0 1 0 1 1 2 1 0 1 1 1 1 0 0 0 1 2 0 1 0 0 1 0 0 1 0 1 0 0
0 0 1 2 1 1 0 1 1 1 1 0 1 1 1 2 0 0 1 1 0 0 1 1 1 0 1 0 0 2 0 1 0 0 0 0 1 1 0 1 0 0 0 1 0 0 0 0 0 0 0 1 1 1 0 0 0 1 0 1 0 0 1 0 0 0 0 0 0 0 1 0 0 2 1 2 1 0 0 0 0 0 0 1 1 1 0 0 1 0 0 0 1 0 0 1 2 0 2 0 2 0 1 0 1 2 2 1 0 2 0 0 1 1 1 2 0 1 0 2 1 0 0 0 1 2 0 1 1 1 1 2 2 0 0 1 1 0 0 1 1 1 0 0 0 1 1 1 0 0 1 1 0 0 0 1 1 0 0 1 0 1 1 0 0 1 1 2 0 0 0 1 1 1 0 2 1 0 0 2 0 0 0 1 1 0 2 0 1 1 0 0 1 1 0 1 0 0 2 3
0 1 1 0 1 1 1 0 2 0 0 0 1 1 0 1 1 0 0 0 0 0 0 1 2 0 0 1 0 0 1 0 0 0 2 1 0 1 1 0 1 2 2 1 1 0 0 0 0 0 0 0 3 1 1 0 0 1 1 1 2 0 2 2 1 0 1 0 0 0 1 0 1 1 0 0 0 1 1 1 1 0 0 1 1 1 0 0 1 0 1 0 0 0 0 0 0 1 0 0 0 1 0 2 1 1 0 0 2 2 0 0 1 0 0 1 0 0 1 0 0 0 0 1 1 0 2 0 0 0 0 1 2 0 2 3 2 1 0 1 0 1 1 0 0 2 1 0 1 1 0 2 0 0 1 0 0 0 1 1 0 1 0 0 0 0 0 0 0 0 0 1 0 0 1 0 0 1 0 0 2 2 0 2 1 2 1 1 0 1 2 0 2 0 1 1 0 0 0 0
0 0 0 2 0 1 1 0 0 2 1 0 0 1 1 1 1 2 1 0 0 0 1 0 0 0 1 0 1 0 1 0 0 0 0 3 0 0 1 2 0 0 0 1 1 0 1 1 0 0 0 0 0 0 1 1 0 0 1 0 1 2 0 0 0 0 1 0 1 0 2 0 1 1 0 1 0 0 2 0 1 2 0 0 0 0 1 0 1 0 0 0 1 2 2 1 1 0 0 0 1 0 0 1 1 1 0 1 0 0 1 0 0 0 0 0 0 1 1 0 0 1 1 0 1 0 0 1 2 0 0 0 0 0 0 1 0 1 1 0 1 1 1 0 1 1 0 0 0 1 0 0 0 0 0 0 1 0 1 0 1 0 0 0 2 1 0 1 1 0 1 0 0 1 1 0 0 0 1 0 1 1 0 1 0 0 1 0 0 1 0 0 1 1 0 0 1 0 0 0
1 1 1 1 1 0 0 0 1 0 0 0 1 0 1 1 0 2 1 0 2 2 0 1 1 1 1 3 1 1 2 0 0 1 0 0 1 0 2 3 0 0 1 1 1 1 1 0 1 0 0 0 0 1 1 1 0 1 0 1 0 0 1 0 0 2 1 2 0 0 0 1 2 0 0 0 0 1 1 0 0 0 1 1 0 1 0 0 0 0 1 0 0 0 0 0 0 0 0 1 1 0 0 0 1 0 0 0 0 0 0 0 0 2 0 0 2 0 0 2 0 1 0 0 1 0 1 1 2 0 0 1 1 0 1 0 1 0 0 1 0 0 0 1 0 2 0 0 0 1 0 1 1 0 1 0 0 0 0 1 0 0 2 0 1 0 1 1 1 0 1 0 0 1 1 0 0 0 2 0 2 0 3 2 0 1 0 0 0 1 0 1 1 1 0 0 1 1 1 0
1 0 0 1 1 0 0 1 1 0 1 1 1 1 1 1 0 0 1 0 0 1 2 1 0 1 0 0 0 0 2 0 0 0 1 0 2 0 1 1 0 0 2 0 0 0 0 1 1 3 0 0 0 0 2 1 2 1 0 1 0 1 0 1 0 1 1 0 0 1 1 0 2 2 1 1 0 0 0 1 1 0 0 2 1 0 1 0 0 1 0 0 0 0 1 1 0 1 0 0 1 0 1 1 1 0 1 0 1 0 0 1 0 0 2 1 0 0 1 0 2 0 2 1 0 0 1 0 0 0 0 0 0 1 0 0 1 0 0 1 2 0 0 0 0 1 0 0 1 0 1 0 1 0 0 0 2 1 0 0 1 0 1 0 1 0 3 0 0 0 0 0 0 1 1 1 1 1 1 1 1 0 0 0 1 0 0 0 2 1 0 0 0 0 0 1 0 0 3 1
1 0 0 0 1 1 0 1 0 0 1 0 0 2 0 1 1 0 1 1 1 1 1 0 2 1 0 0 0 1 0 0 1 2 1 2 1 0 0 1 0 2 0 0 0 0 0 1 1 1 0 1 0 0 0 1 3 2 0 1 1 0 0 1 1 0 2 1 0 1 1 0 0 1 1 0 1 0 1 1 0 1 0 0 1 1 2 1 1 0 1 2 1 1 1 1 1 0 1 0 1 0 2 1 2 0 1 2 0 0 0 1 1 1 1 1 1 2 1 1 0 1 0 1 0 0 0 2 1 1 1 1 1 1 1 0 1 0 1 1 1 1 0 1 0 2 1 0 0 1 1 1 0 0 0 1 1 1 1 0 1 0 1 0 1 0 1 0 1 0 0 1 0 1 1 0 0 0 2 1 1 3 0 0 0 0 0 0 1 1 0 0 0 1 1 1 0 0 0 1
0 1 1 1 0 1 0 0 0 1 1 1 0 0 1 0 0 0 0 1 1 1 0 1 0 0 1 1 0 0 0 1 1 0 2 1 2 0 0 0 1 1 0 0 1 0 1 0 0 1 1 1 2 0 0 0 0 1 1 0 1 3 0 1 0 0 1 0 0 2 0 1 0 1 0 1 0 1 0 0 1 0 2 1 0 1 1 0 1 0 0 1 0 1 0 0 1 0 1 0 0 1 1 0 1 1 0 1 1 0 1 0 1 2 2 1 2 0 0 1 0 0 0 1 0 0 1 0 1 0 2 1 0 0 1 0 1 0 1 0 0 0 0 1 0 1 0 1 0 1 0 1 0 1 0 0 1 0 1 0 1 2 0 1 0 0 0 0 0 0 2 1 1 1 0 0 0 0 0 0 1 0 1 1 1 0 0 0 0 1 1 1 0 0 2 1 1 0 1 2
2 0 1 0 2 1 1 0 1 1 1 0 1 1 0 1 1 0 1 1 1 1 1 2 1 0 0 0 0 0 1 1 1 1 0 1 1 3 1 0 0 2 0 1 0 1 0 0 0 0 1 1 1 1 0 0 1 1 0 0 1 0 0 1 1 2 1 1 1 1 1 1 1 2 0 3 0 1 1 0 1 0 0 0 1 0 1 0 0 0 1 0 1 2 1 1 1 0 2 1 0 1 0 2 1 0 1 2 0 0 0 1 1 1 1 1 2 0 0 1 1 0 1 0 1 2 0 0 0 0 1 0 0 1 1 1 0 1 0 0 0 0 0 1 0 0 0 1 0 0 0 1 0 0 0 1 0 0 0 1 0 1 0 1 0 0 1 1 0 0 1 1 1 0 1 0 1 0 2 0 0 0 0 0 0 1 0 2 1 1 0 0 0 0 0 0 1 0 0 2
2 0 0 0 0 0 0 0 0 1 1 2 1 2 1 0 0 1 0 0 0 2 0 0 0 0 2 2 1 0 0 1 0 2 0 0 0 0 0 0 1 0 0 0 0 0 0 0 0 0 0 0 2 3 0 1 0 2 1 0 1 0 0 1 0 1 1 1 1 0 1 1 1 1 2 1 0 1 0 2 0 1 2 1 0 0 1 0 2 1 1 1 0 1 1 1 1 3 1 0 0 0 0 0 0 0 1 0 1 0 0 1 0 0 0 0 0 0 2 0 1 0 0 1 1 1 0 0 1 1 0 0 0 0 1 1 1 1 0 0 2 0 1 2 1 1 1 0 1 0 1 0 0 0 1 0 0 1 1 0 2 0 0 1 2 3 1 0 0 2 2 0 0 0 1 1 0 0 1 0 1 0 1 0 2 1 2 0 1 0 1 1 2 1 1 1 0 1 1 0
3 0 0 2 0 1 1 1 1 0 1 1 0 0 1 0 1 0 0 0 1 0 1 1 0 0 1 0 0 1 1 0 1 0 1 1 0 0 0 1 1 1 1 0 0 1 1 1 1 1 0 1 1 2 1 1 2 0 1 0 1 1 0 1 0 1 1 0 1 2 1 0 0 0 0 0 1 0 0 1 0 0 0 1 1 0 0 0 0 1 0 1 0 1 1 0 0 1 1 2 0 0 2 0 0 0 2 2 0 1 0 1 0 1 2 1 0 0 0 1 0 0 1 2 2 2 0 0 0 0 1 0 1 0 0 0 0 1 0 1 0 3 1 0 0 1 1 1 2 0 0 1 0 1 1 0 0 0 0 0 1 1 0 1 0 0 1 0 0 1 0 1 0 2 0 2 1 0 0 0 1 0 0 0 2 0 0 0 1 0 1 0 0 0 0 1 3 0 1 1
0 1 0 1 0 0 0 0 0 0 2 1 2 1 0 1 1 0 0 1 1 1 0 1 1 0 0 1 0 0 0 1 0 0 1 0 1 0 1 0 0 1 1 0 0 0 2 1 0 1 1 0 0 0 1 0 1 1 0 1 0 1 2 0 1 0 2 1 0 1 2 1 1 0 2 0 0 0 1 0 1 0 0 0 2 1 0 2 1 0 2 1 0 0 2 0 0 1 1 1 2 1 1 1 0 0 0 0 0 0 2 0 0 0 0 0 1 1 1 0 1 1 1 1 0 0 0 0 1 1 0 0 0 0 0 0 1 1 0 1 0 2 1 1 0 1 1 0 0 2 1 0 0 1 1 1 0 0 2 1 0 2 1 1 1 0 0 0 0 2 1 0 1 1 2 0 0 0 0 0 0 1 0 1 0 0 0 1 1 0 0 0 1 1 0 2 1 1 2 0
1 0 1 0 1 2 1 0 1 0 2 0 0 0 0 1 0 0 0 0 1 0 0 0 1 0 0 1 0 1 1 0 0 0 1 1 1 0 0 0 0 1 1 0 3 2 0 0 1 1 0 1 1 1 0 0 0 0 1 0 0 1 1 0 1 0 2 0 0 1 1 1 2 1 1 1 2 1 1 1 0 0 0 1 2 2 0 1 1 1 1 1 1 0 1 0 2 1 0 0 0 2 0 2 0 0 0 0 0 1 0 1 0 0 0 1 1 2 0 0 0 2 1 0 0 0 1 0 0 1 1 2 1 1 0 0 2 0 1 1 1 1 1 0 1 0 0 0 0 1 1 1 1 1 0 2 1 2 0 0 0 2 0 1 1 0 0 0 0 0 0 0 0 1 0 0 0 1 1 2 0 1 0 0 1 0 1 2 0 0 0 0 0 1 0 1 0 1 0 0
2 0 0 2 2 1 0 0 0 1 2 1 1 1 1 1 0 0 0 0 0 0 0 0 0 2 1 2 1 1 0 0 1 1 0 1 0 0 1 2 0 0 0 0 1 1 1 0 0 2 1 0 0 1 1 1 1 1 0 0 0 0 1 1 1 1 0 0 0 1 2 1 0 1 0 0 1 0 0 2 2 0 1 0 0 0 1 0 0 1 1 0 0 0 0 1 1 2 1 0 0 1 1 1 1 1 1 0 0 2 1 0 0 0 0 0 0 2 0 0 0 1 1 0 2 0 0 2 0 1 0 1 1 2 2 2 0 0 0 1 2 1 0 0 2 1 1 0 2 0 0 2 0 0 1 0 1 0 1 1 1 1 1 1 0 0 0 1 0 0 2 1 1 0 1 0 1 1 1 0 0 0 0 0 1 1 0 1 1 0 1 0 0 1 0 0 1 1 1 0
0 0 1 1 1 0 2 2 0 0 1 0 1 1 0 2 1 1 2 1 2 0 1 1 0 2 2 2 0 2 1 1 1 0 1 1 1 0 0 1 1 0 1 0 1 1 1 0 0 0 2 0 1 0 3 0 0 1 1 1 0 0 1 0 1 1 0 1 0 1 1 0 1 1 1 1 0 0 2 0 0 0 0 3 1 0 0 1 0 0 1 1 1 1 0 2 0 0 1 1 1 0 0 1 1 2 1 2 0 1 0 1 1 0 1 0 1 0 1 1 0 1 1 3 0 0 0 1 0 0 1 2 1 2 1 1 0 0 3 2 2 0 0 0 1 1 0 0 0 0 1 1 0 1 0 1 1 0 0 0 0 0 2 2 1 1 1 0 1 2 2 1 0 2 0 1 1 1 1 0 0 0 2 0 2 0 2 0 0 1 1 2 1 2 1 0 1 0 0 1
0 0 0 1 1 2 1 2 0 0 0 0 0 1 0 0 1 0 0 0 2 0 0 1 0 0 0 3 0 0 0 0 0 1 0 0 1 1 1 2 0 0 1 1 0 1 0 0 1 2 0 1 0 0 0 0 0 0 2 1 1 1 0 0 0 0 1 1 1 0 1 0 1 1 1 0 1 0 0 2 1 0 1 0 0 1 0 2 1 1 1 1 0 0 0 0 2 0 1 1 2 0 0 0 0 1 0 1 0 2 1 0 1 0 0 0 0 1 1 1 1 2 1 0 1 1 1 1 1 1 2 1 2 2 0 1 2 1 0 1 1 0 1 1 0 2 1 0 0 1 0 0 1 0 1 2 0 0 1 1 0 1 0 1 0 0 0 1 0 0 1 0 1 0 0 1 0 0 0 1 0 1 0 0 3 0 1 1 0 2 0 0 1 0 0 0 1 0 1 0
1 0 1 0 1 0 0 1 0 1 0 1 1 1 0 0 1 1 1 0 1 1 1 0 1 0 2 0 2 0 0 1 0 2 1 1 0 0 0 2 0 0 0 0 1 0 0 0 0 2 0 0 1 1 1 1 1 1 0 0 1 0 0 0 1 0 0 0 1 1 1 2 0 1 1 0 0 2 0 2 1 1 3 2 1 2 2 1 1 0 1 1 1 1 0 2 1 1 0 0 2 0 0 1 0 0 2 0 1 1 0 0 1 0 0 1 0 0 1 2 0 0 0 2 0 0 1 0 0 0 1 0 0 0 0 1 0 0 0 2 0 0 0 0 0 0 0 0 0 0 2 1 1 1 2 0 1 3 0 0 0 1 2 0 1 1 1 0 0 0 1 1 1 3 1 2 1 2 0 0 1 0 0 0 0 0 0 2 0 0 1 0 0 1 0 0 2 1 0 0
0 0 0 0 1 0 1 1 1 1 1 0 1 1 1 1 0 0 1 1 0 2 1 0 1 0 0 0 0 1 2 0 0 1 1 0 1 1 1 2 2 1 1 0 2 1 0 1 0 1 0 0 0 1 0 1 0 0 1 1 1 1 0 1 0 0 0 1 1 0 0 1 0 1 1 0 0 2 0 0 0 0 0 0 1 1 0 0 1 1 0 1 1 0 1 1 1 1 0 0 1 0 0 1 0 0 1 0 1 0 0 1 0 0 0 0 2 0 2 1 0 2 1 1 0 1 1 1 0 1 0 1 1 1 1 1 1 1 1 0 2 1 0 0 0 0 1 0 2 1 0 1 1 1 0 1 1 1 0 0 1 0 1 0 1 1 1 1 0 1 1 0 1 1 0 2 0 0 2 0 1 1 0 1 0 1 1 1 0 0 0 0 0 1 0 1 1 0 1 1
2 2 0 2 1 0 1 2 2 0 0 2 3 2 0 1 0 0 0 3 0 1 0 1 1 0 1 1 0 0 1 0 1 0 0 0 0 1 0 1 0 2 1 1 0 0 0 0 0 0 0 2 1 0 0 2 1 1 0 0 1 1 0 0 0 0 0 2 1 1 1 2 0 1 0 1 0 0 0 1 0 0 0 0 1 1 0 1 1 1 1 1 2 0 0 0 0 1 1 0 2 0 0 0 1 1 1 1 0 1 1 1 0 0 2 1 1 1 1 0 1 0 0 3 0 1 1 2 0 0 0 1 1 0 1 1 0 0 0 1 0 0 1 0 1 0 0 0 2 1 2 0 0 1 1 1 0 1 1 1 1 0 0 1 0 0 0 1 1 1 1 0 0 1 0 1 2 1 1 0 0 1 1 3 0 1 0 1 0 0 0 1 0 0 0 2 0 0 0 0
0 0 0 1 0 0 1 0 1 1 0 1 0 2 1 0 1 1 0 1 2 1 0 0 0 1 1 0 1 2 0 1 0 0 0 0 1 2 1 2 0 1 0 1 0 1 1 1 0 1 1 1 1 2 1 1 1 1 2 2 0 0 1 0 0 0 0 0 1 2 1 0 0 1 1 0 0 0 0 0 1 1 1 1 0 1 1 1 1 0 0 0 0 0 2 0 0 1 1 0 0 1 0 0 1 0 0 0 0 2 0 1 1 1 1 1 0 2 0 1 0 0 1 0 2 0 3 0 0 0 0 0 1 1 0 0 0 0 0 0 0 1 1 1 1 1 1 2 0 0 1 0 0 1 1 1 0 0 0 0 0 1 0 0 2 1 0 0 0 1 0 0 0 1 1 2 1 1 0 3 2 0 0 2 1 0 0 0 1 1 0 1 0 0 0 2 0 1 0 1
1 2 1 1 0 1 0 0 1 0 1 2 1 0 0 1 1 1 1 1 0 0 0 1 1 1 0 1 1 2 0 0 0 1 0 0 1 0 0 0 1 1 0 0 0 1 0 1 0 0 0 2 0 1 0 1 1 0 1 0 0 1 1 0 1 2 0 0 2 1 1 1 1 0 1 1 0 1 0 2 1 1 0 1 2 0 0 1 1 1 0 1 1 1 0 0 0 2 0 0 0 0 1 1 0 1 0 0 0 2 1 0 0 1 0 0 0 0 2 1 1 1 0 1 0 3 1 2 1 1 1 2 1 1 0 1 1 0 0 2 1 0 0 1 0 0 1 2 0 1 1 0 0 1 0 1 0 2 0 1 1 0 0 1 1 1 2 0 0 1 1 2 0 0 0 1 1 0 1 1 1 1 1 1 1 0 0 1 0 1 0 2 1 0 1 0 0 0 1 1
0 1 0 1 0 1 0 1 0 0 0 1 0 1 0 2 0 1 1 1 0 0 0 1 0 0 0 1 0 0 0 1 1 2 0 0 0 0 2 2 0 1 0 1 0 1 1 0 0 0 1 0 0 0 0 1 1 1 0 0 0 0 1 1 1 1 1 2 0 1 0 0 1 0 0 0 1 0 1 0 1 0 0 0 1 2 0 0 1 1 1 2 2 1 0 1 2 0 1 1 0 1 0 0 1 1 1 1 1 0 1 1 1 1 0 0 1 1 1 2 1 1 2 0 0 1 1 1 0 1 0 1 2 1 0 1 3 0 1 0 1 0 1 1 1 0 2 1 1 1 0 0 0 1 2 1 0 0 1 2 0 1 0 0 1 0 0 0 0 0 1 2 0 1 2 0 0 0 0 0 1 0 1 0 0 1 1 0 0 0 2 0 1 1 1 1 0 1 0 0
0 1 0 0 0 1 1 1 0 0 2 1 0 1 1 0 1 1 1 1 1 0 0 0 0 1 1 1 1 0 1 1 1 0 0 0 0 0 0 0 0 0 1 1 0 0 2 1 0 0 0 0 1 1 2 1 0 2 1 1 1 1 0 1 0 1 2 1 1 0 0 0 0 1 1 0 0 0 2 0 0 1 1 1 1 1 0 0 0 0 0 0 1 1 1 0 2 1 0 1 1 1 0 2 1 0 1 1 1 0 0 1 0 1 0 2 1 1 1 1 0 0 1 1 0 1 1 0 0 1 1 1 0 0 2 1 1 1 0 0 1 0 0 0 1 0 1 0 0 0 0 1 0 2 1 3 1 0 0 0 1 0 1 1 1 0 0 1 0 3 2 0 1 2 0 0 0 0 0 1 0 0 0 1 0 1 1 1 0 0 0 1 0 0 1 0 0 0 1 0
1 0 1 0 0 1 1 0 1 1 0 1 0 0 0 0 1 0 0 0 1 0 0 1 1 1 0 2 0 1 0 1 0 1 0 0 1 2 0 0 0 2 0 1 0 0 2 3 1 1 2 0 1 1 0 1 1 1 2 1 2 1 1 1 0 1 1 1 0 0 0 1 0 1 1 2 0 1 1 0 1 1 2 1 0 0 1 1 1 1 1 1 1 1 2 0 0 0 0 1 1 1 0 0 0 0 1 1 1 1 2 1 0 0 2 2 1 0 1 2 0 0 0 0 0 0 0 1 0 1 1 1 0 0 0 2 0 2 0 1 0 1 0 1 1 0 0 1 0 1 0 2 1 0 0 2 1 2 1 1 2 0 1 1 1 0 1 0 0 0 1 0 0 0 1 1 1 1 0 0 0 2 0 0 1 0 1 0 0 0 1 0 1 0 1 0 0 0 1 1
0 1 2 0 0 0 0 0 0 1 2 1 0 1 0 1 0 2 1 1 1 1 1 1 0 1 1 1 1 1 0 2 0 0 0 0 0 0 2 0 1 1 1 0 1 0 0 1 0 0 0 1 0 0 1 1 1 0 1 1 1 0 0 2 1 2 0 1 0 0 1 0 1 1 1 0 2 2 2 1 1 0 0 0 0 1 0 2 0 1 0 0 0 1 0 0 2 0 0 2 0 2 1 1 1 1 1 1 0 0 1 1 0 1 0 0 1 1 2 1 2 1 1 1 0 0 1 1 1 1 0 0 0 0 0 2 1 3 1 0 0 1 1 0 0 1 0 0 0 1 0 1 0 1 0 0 0 1 0 0 1 0 0 0 1 1 1 1 0 1 0 3 0 0 1 0 1 1 2 2 0 0 0 0 2 1 1 1 1 0 0 0 2 0 0 0 2 0 2 0
2 0 3 1 1 1 1 0 0 0 1 0 0 0 0 2 1 0 0 0 0 0 1 0 0 0 0 1 1 1 0 2 0 0 1 0 0 0 1 0 0 0 0 2 1 1 0 2 0 1 1 2 2 0 0 1 1 0 1 2 0 1 1 0 0 0 0 1 1 0 0 1 0 0 1 0 1 1 2 0 0 1 0 1 3 0 0 1 1 1 1 1 1 0 0 1 1 1 0 0 0 0 0 0 1 1 0 0 1 2 1 0 2 0 1 0 1 0 0 0 0 0 0 1 1 1 1 0 0 1 1 0 0 0 0 2 0 0 1 2 0 0 0 2 0 1 1 0 1 1 1 0 1 1 2 0 1 0 0 1 1 0 1 1 0 0 0 0 0 1 1 0 1 0 0 0 1 0 0 0 0 0 0 0 1 0 0 0 2 1 1 1 1 1 0 1 1 0 0 1
0 1 0 1 2 1 0 2 0 0 2 1 1 1 0 1 0 0 0 0 2 0 0 1 0 1 0 2 1 0 1 1 0 1 2 0 0 0 1 0 1 1 1 1 0 1 1 1 2 1 1 0 2 1 1 2 1 0 0 1 1 1 1 1 1 1 1 0 0 1 1 1 0 0 0 1 0 0 1 1 0 1 0 0 0 1 1 0 1 1 0 0 1 0 0 0 0 0 0 1 1 1 1 1 0 0 2 1 0 1 1 1 1 1 2 1 0 0 0 0 1 2 1 1 1 0 0 1 0 0 1 1 0 1 0 2 2 2 1 0 0 0 1 1 0 2 1 1 0 1 0 1 0 0 0 0 2 1 0 0 0 1 1 0 0 0 0 0 0 0 0 2 0 1 1 1 0 0 0 0 0 0 1 1 0 2 1 0 0 0 0 0 0 0 1 0 0 0 1 0
1 0 0 0 2 0 0 0 0 0 1 1 0 0 0 0 0 0 0 2 0 0 0 0 0 0 1 0 1 0 0 0 0 1 0 1 1 1 0 1 0 2 0 1 1 1 1 0 1 0 0 0 1 1 0 0 2 0 2 1 0 1 1 1 1 0 1 1 0 1 1 1 1 0 0 1 0 0 0 0 0 1 1 1 0 0 2 0 0 1 1 0 0 1 2 0 0 1 1 0 0 0 1 1 1 0 1 1 1 1 3 0 0 1 1 0 0 0 0 0 1 0 0 0 0 0 1 0 0 0 1 0 0 1 0 1 2 2 1 1 2 1 1 0 0 0 1 0 1 2 1 0 1 0 1 2 1 1 1 1 1 0 2 1 1 1 3 0 2 0 2 1 0 1 0 0 0 0 0 1 1 1 0 0 0 0 1 1 1 0 0 1 0 0 0 2 0 0 0 0
0 0 0 2 0 2 1 0 1 1 1 1 0 1 1 1 0 1 0 0 0 1 0 0 2 0 1 0 1 0 0 0 1 0 0 0 0 1 1 1 0 0 1 1 0 1 1 0 2 0 1 0 1 0 1 3 1 0 0 1 0 1 0 0 0 1 0 1 0 0 2 0 0 1 1 0 0 0 1 0 0 1 0 1 0 0 1 1 0 0 2 1 1 1 1 1 0 0 2 1 2 0 1 0 1 1 0 1 0 1 0 1 0 1 0 1 0 0 1 1 2 1 0 0 0 0 0 1 0 2 0 2 0 1 1 1 1 0 0 1 0 0 0 0 0 1 0 1 0 1 0 0 1 0 1 1 0 1 0 2 1 0 1 0 1 2 0 0 1 1 0 0 0 1 2 0 0 1 0 0 1 0 1 1 0 0 1 3 0 1 1 0 1 1 1 0 0 0 0 0
0 0 1 1 0 1 0 0 1 1 0 1 1 0 1 1 0 0 0 1 1 1 0 1 1 0 0 1 1 0 1 1 1 0 1 0 1 2 0 1 0 1 0 0 1 0 1 2 1 0 0 0 0 1 0 0 0 1 0 2 1 0 1 0 0 0 0 0 1 0 0 2 1 0 0 0 0 1 0 1 1 0 1 1 0 0 2 1 1 0 0 0 0 1 0 1 1 2 0 0 0 0 1 0 2 1 1 1 1 0 0 2 0 1 0 0 1 0 0 1 1 1 2 0 0 0 0 0 1 0 0 0 2 2 0 1 0 1 0 1 0 2 0 1 1 0 0 0 0 1 1 1 2 1 0 1 1 0 2 1 0 0 1 1 1 2 0 1 0 0 0 1 0 0 0 1 0 0 0 1 1 1 0 0 1 1 0 2 2 0 1 1 0 0 1 0 0 0 2 0
1 2 1 0 0 0 0 0 1 1 0 1 0 1 2 2 1 1 1 3 1 0 1 0 2 0 0 0 0 1 0 0 0 1 0 0 1 0 0 0 1 0 1 0 2 0 2 1 0 1 0 1 0 0 1 1 1 0 0 1 0 0 0 2 2 0 0 1 0 0 1 2 1 0 0 0 1 0 1 0 0 0 0 1 0 1 2 2 1 0 1 1 1 3 0 0 0 1 0 1 0 0 1 1 2 0 1 0 1 3 0 1 0 2 0 0 1 2 0 1 1 1 1 1 2 0 0 0 0 1 1 0 2 1 0 0 0 0 0 1 1 0 0 0 1 0 1 1 1 0 0 0 0 1 0 0 0 0 2 0 0 0 1 0 2 2 0 1 2 1 0 0 0 0 0 0 2 0 1 1 0 0 0 0 0 2 2 0 0 0 1 0 1 0 2 2 0 0 1 1
0 0 0 1 0 1 0 0 1 1 1 0 0 1 1 0 1 1 1 1 2 0 0 0 1 2 0 0 0 2 0 1 0 0 1 0 2 0 1 1 0 0 1 0 0 0 0 0 0 1 2 1 0 1 0 1 0 0 1 1 0 2 0 0 0 0 0 0 1 2 1 2 2 1 0 1 0 1 0 1 1 0 0 0 0 1 2 0 1 0 1 0 0 0 0 2 1 1 0 0 0 0 2 1 1 1 1 0 2 2 1 1 2 1 0 0 0 0 0 1 1 0 1 1 0 2 1 1 0 0 0 0 1 0 0 0 0 1 1 2 1 0 1 0 1 1 0 1 0 1 2 0 0 2 1 2 2 0 1 1 0 0 2 1 0 2 0 0 0 0 1 1 0 2 0 0 2 2 1 1 0 1 0 0 0 1 0 0 0 0 1 1 0 0 1 0 0 1 0 0
0 0 1 0 0 1 2 0 2 1 1 1 0 1 0 2 2 1 2 2 0 2 0 3 0 0 2 0 0 0 2 1 0 0 2 0 0 1 0 0 0 0 0 1 0 0 1 1 0 1 0 0 1 1 0 0 2 1 0 1 2 0 2 2 0 1 0 2 0 0 0 1 0 1 0 0 1 0 1 0 0 0 0 0 0 1 0 1 1 0 0 1 0 1 1 2 0 0 0 1 0 1 1 0 1 1 1 1 1 1 0 0 0 0 0 1 1 1 1 1 0 2 0 1 0 0 0 2 0 0 0 1 0 0 1 0 0 0 1 1 1 1 2 1 1 0 0 1 2 1 2 1 0 1 1 1 0 1 1 1 1 1 1 0 1 1 1 0 0 0 0 1 1 1 1 0 1 0 0 1 0 0 1 1 0 0 0 0 0 2 1 0 0 0 0 0 1 1 1 1
0 0 0 0 1 1 0 1 1 0 0 2 2 1 1 0 2 0 0 0 0 0 0 1 1 1 0 2 0 2 1 2 0 0 0 1 1 0 2 0 0 0 2 1 1 1 0 1 0 1 1 0 1 0 1 1 0 0 1 0 2 0 1 1 0 0 1 1 1 0 1 1 0 0 0 0 1 0 1 0 0 1 1 1 1 2 0 1 0 0 0 2 0 0 1 0 1 2 1 1 2 0 0 1 0 1 1 0 1 1 0 1 1 1 2 1 2 0 1 1 1 1 0 1 0 1 0 1 0 0 1 1 0 0 0 1 1 1 1 0 2 0 1 1 0 0 0 1 1 1 1 1 2 2 0 0 1 0 0 0 0 0 0 0 2 0 1 0 0 1 0 1 1 1 0 1 1 0 0 0 1 0 0 2 0 0 1 1 0 0 1 0 1 1 1 0 0 0 1 1
0 0 0 1 1 0 0 0 0 1 1 0 0 1 2 0 2 0 0 0 1 1 0 0 1 1 0 0 1 2 1 0 1 1 0 2 0 2 1 1 0 0 0 1 0 1 2 1 0 0 2 0 0 1 0 0 1 0 0 0 0 0 0 1 0 0 1 1 0 1 1 0 1 1 1 1 0 0 0 0 1 0 1 0 0 0 1 1 1 2 0 1 1 0 1 1 1 0 0 0 0 1 2 1 1 0 0 1 1 0 1 0 0 1 1 1 2 0 1 1 1 1 0 0 1 1 0 1 1 0 2 0 1 1 0 0 1 2 1 0 1 0 0 0 1 1 0 1 1 2 1 1 0 0 0 1 0 0 3 1 1 0 1 1 0 0 0 1 1 0 0 2 1 1 0 0 1 1 2 0 1 2 1 1 0 0 1 0 0 0 0 1 1 1 0 0 0 1 0 1
0 0 2 1 0 0 2 2 2 2 0 1 0 0 2 2 1 2 1 2 1 1 1 0 1 0 0 0 0 0 0 1 1 1 0 0 0 1 0 1 1 0 1 2 0 0 1 1 0 0 0 1 0 0 2 0 2 0 0 0 1 0 1 3 0 0 1 0 0 1 2 0 0 0 1 0 1 0 0 0 1 1 0 2 0 0 0 1 1 0 1 1 0 0 0 0 0 0 1 0 0 0 0 0 0 2 0 0 2 0 0 0 0 0 0 0 2 1 2 0 0 0 1 0 0 1 0 0 0 2 1 0 1 0 0 1 1 0 1 1 0 1 2 2 0 0 0 0 0 0 0 0 1 1 0 0 0 0 0 0 0 1 0 0 0 0 0 1 2 0 0 0 1 0 1 1 1 2 0 0 1 2 1 0 1 0 0 1 0 0 0 0 0 1 2 0 0 0 0 0
0 0 1 2 0 1 0 1 1 1 0 0 2 0 1 3 0 1 0 1 1 1 1 1 0 0 0 0 1 2 1 0 1 1 0 1 0 1 0 1 1 1 1 0 0 2 2 1 1 1 0 1 2 0 1 0 1 1 0 1 0 3 0 2 0 0 1 1 0 1 1 0 1 0 1 1 1 1 0 0 1 0 2 0 1 1 2 1 0 1 0 1 1 1 0 0 1 0 1 0 2 0 1 2 1 2 0 2 0 0 1 0 1 2 2 1 0 0 1 0 2 0 0 0 1 0 1 1 2 1 0 1 0 1 0 1 1 1 0 1 0 1 1 0 2 0 1 0 1 1 2 1 0 0 2 0 0 2 1 1 0 0 0 1 0 0 0 0 0 1 1 1 0 0 2 0 1 2 0 0 1 0 1 0 1 1 0 0 0 1 1 1 1 1 2 1 0 0 1 0
1 0 1 0 1 0 0 1 0 1 2 0 0 1 1 1 1 0 0 2 1 1 1 1 0 0 1 3 1 1 1 0 0 1 0 0 1 1 1 0 0 1 0 1 0 2 0 2 1 1 0 0 1 1 0 1 0 1 2 2 0 1 0 1 1 1 0 2 1 1 0 0 3 0 0 0 0 0 0 0 1 0 0 1 0 1 1 0 0 0 1 2 0 0 3 2 1 1 1 0 0 0 0 1 1 1 0 1 1 0 0 0 1 1 1 0 0 0 1 0 2 0 0 1 2 0 0 1 1 1 1 0 1 1 1 0 0 1 1 1 2 0 1 0 1 1 0 1 0 1 0 1 1 0 1 0 0 0 0 2 0 1 0 2 1 0 1 1 2 0 0 1 0 1 0 0 1 0 1 1 1 2 0 0 0 0 0 0 1 3 0 1 0 1 0 1 0 1 1 1
2 1 0 0 0 1 1 1 0 1 1 0 0 1 0 1 1 1 1 0 1 2 1 0 1 1 1 3 0 1 0 0 1 1 0 0 1 1 2 3 0 0 0 0 1 1 0 3 1 1 0 1 0 1 1 0 0 0 1 2 0 0 1 2 1 1 1 0 2 1 0 1 0 1 0 0 0 1 1 1 2 0 0 1 1 0 2 0 0 1 1 0 1 1 1 1 0 1 0 1 1 0 1 0 1 0 0 1 1 1 0 0 1 2 1 0 1 1 1 0 0 2 0 1 1 0 2 1 2 2 0 1 0 0 0 0 1 0 1 2 1 0 1 0 0 1 0 1 1 0 2 2 0 0 0 0 0 0 1 0 0 1 0 0 1 2 0 1 0 1 1 0 1 0 1 1 0 0 1 0 0 1 1 0 0 0 0 1 0 0 0 0 0 0 1 1 0 0 1 3
0 1 1 1 0 0 0 1 0 0 0 0 0 1 1 1 0 2 2 0 1 1 1 0 1 3 1 0 0 2 0 0 0 0 0 1 0 0 1 0 0 0 1 1 1 1 0 0 0 0 1 0 1 2 1 1 1 0 0 0 1 0 0 2 0 0 1 0 0 0 1 0 0 1 2 1 2 2 2 0 0 1 0 2 1 2 0 2 0 1 2 1 1 0 1 0 0 1 1 0 1 0 1 1 1 1 1 0 1 1 0 1 0 1 1 0 0 1 0 0 0 1 1 0 2 0 1 1 1 0 2 0 1 0 2 2 2 2 1 1 2 2 0 0 0 1 1 0 0 0 0 1 1 0 1 1 1 0 0 0 1 1 0 1 1 1 0 2 0 0 1 0 0 1 1 0 1 0 0 0 0 1 0 1 1 0 0 1 1 0 1 0 2 2 1 1 1 1 0 0
0 1 1 0 1 0 1 1 1 1 0 0 1 1 0 0 0 0 1 0 1 2 2 1 1 0 1 0 0 1 1 1 0 0 0 1 0 0 0 1 0 2 2 0 1 0 0 1 0 0 0 0 0 1 0 0 0 0 2 1 0 1 2 1 0 1 1 1 0 0 1 2 1 0 0 1 1 2 0 1 1 1 1 1 0 0 2 0 0 0 0 0 1 1 0 0 0 0 1 0 1 1 1 0 0 0 1 2 2 0 0 1 0 1 2 2 1 0 1 0 0 0 1 1 1 0 1 1 0 0 1 1 0 0 1 0 1 0 0 1 1 0 1 1 1 1 0 0 0 0 1 0 1 1 0 0 1 0 0 1 0 0 1 0 1 0 0 0 2 2 1 1 1 0 1 0 1 0 1 1 0 1 1 0 0 1 2 0 0 0 1 0 0 0 1 1 0 0 0 1
0 2 0 1 0 1 0 1 0 0 1 0 0 0 0 1 0 0 1 0 1 0 1 0 1 2 0 0 1 1 1 0 1 1 1 1 1 2 0 0 1 0 0 1 1 0 0 1 1 1 1 0 0 1 1 0 2 0 1 1 0 0 1 1 1 1 1 1 1 0 1 0 1 1 0 0 1 1 1 1 0 1 1 0 0 0 0 0 0 2 0 0 2 1 1 0 0 0 1 1 1 0 0 0 0 0 1 0 0 0 1 1 0 0 0 0 0 0 3 1 0 1 1 1 2 0 3 1 2 0 2 1 1 0 0 0 0 1 1 1 0 1 0 1 1 0 1 1 1 1 1 0 0 1 1 0 1 1 0 0 0 0 1 0 0 0 0 1 0 1 0 0 1 0 0 0 0 0 1 1 2 3 1 1 2 1 0 0 0 0 0 1 0 0 1 2 0 1 0 1
0 1 0 1 0 0 0 2 1 0 0 0 0 0 0 0 0 0 0 0 0 0 0 1 0 0 1 2 0 0 1 0 1 1 1 0 0 0 0 0 1 2 2 0 2 2 1 1 0 0 0 0 1 0 0 0 1 1 0 1 1 0 1 0 1 1 0 1 1 0 1 1 1 1 1 0 0 0 0 0 0 2 0 1 0 1 1 0 2 0 2 0 1 1 1 1 0 1 1 0 1 0 0 0 1 0 1 0 1 1 1 1 2 0 0 1 0 0 0 2 3 1 0 0 1 1 1 0 1 0 0 1 2 1 1 0 0 0 1 0 2 1 1 0 3 2 1 0 1 0 0 1 1 1 0 0 1 0 0 0 0 0 0 0 0 1 0 1 1 1 1 0 0 0 1 1 0 0 1 1 0 0 0 2 0 1 0 0 2 1 1 3 0 1 0 0 0 2 0 0
2 1 1 3 1 0 0 1 2 0 0 1 1 1 1 1 1 1 1 0 1 0 1 1 0 0 1 0 2 0 1 2 1 0 1 0 0 2 1 0 1 0 1 1 0 0 0 1 0 1 0 1 0 1 0 1 1 0 2 1 1 1 1 1 0 1 0 0 1 0 1 0 1 0 1 2 0 1 1 0 0 0 1 0 1 1 2 0 0 2 0 1 0 1 0 1 0 0 1 1 0 1 0 1 0 3 0 0 1 1 2 1 1 2 3 1 0 1 0 1 1 0 0 0 1 0 1 0 0 2 0 1 1 1 1 1 0 0 0 0 1 0 0 1 1 0 0 0 2 0 0 0 0 0 1 0 0 1 1 1 0 1 0 0 0 1 0 0 0 2 0 0 1 1 0 2 1 0 0 1 0 2 0 1 1 1 1 1 1 1 1 1 1 1 0 2 0 1 2 0
0 1 2 1 1 0 1 0 0 2 1 1 1 1 1 2 1 1 0 2 0 1 1 1 0 0 1 1 0 1 1 0 2 1 0 1 0 0 0 1 0 1 0 2 0 0 2 2 0 0 0 0 0 2 1 0 1 1 1 1 0 1 1 1 1 1 0 1 2 0 1 0 1 0 0 1 0 1 0 1 2 1 1 1 2 0 1 0 0 0 1 0 0 1 0 1 2 0 0 0 1 0 2 1 1 1 0 1 2 1 0 2 2 0 0 1 1 1 1 0 1 0 2 0 0 0 0 1 1 0 0 1 1 0 1 1 0 0 0 0 0 0 1 0 0 1 1 1 0 0 0 2 0 1 0 0 1 2 0 0 1 0 2 1 2 0 0 1 0 0 0 0 0 1 0 0 1 0 0 1 0 0 0 1 2 0 1 0 1 2 1 0 0 0 0 0 0 0 2 0
0 3 0 2 2 1 0 1 0 1 1 0 1 1 1 0 1 0 0 1 1 0 1 0 0 0 2 0 0 0 1 1 1 0 1 0 1 0 1 1 1 1 1 0 3 1 0 1 1 0 1 0 0 1 0 1 0 0 0 1 0 1 0 1 1 2 0 1 2 1 1 0 1 1 0 1 0 1 0 0 0 1 0 1 0 1 1 1 2 1 0 0 0 0 0 1 1 1 2 1 0 1 1 0 0 1 0 0 0 0 1 1 0 0 0 0 0 1 0 1 1 1 1 0 0 1 0 1 0 0 1 1 2 0 0 0 0 0 0 0 0 1 0 0 1 1 1 1 1 3 1 0 1 1 0 0 0 0 0 0 2 1 1 1 0 0 1 1 1 0 2 0 0 0 1 0 1 0 0 2 1 1 0 1 0 0 0 1 0 1 1 1 0 0 0 1 0 0 0 0
1 1 2 0 1 0 2 0 0 0 1 1 0 3 2 0 2 1 0 0 1 1 1 0 1 0 0 1 1 1 0 1 0 2 0 1 0 1 1 1 0 0 0 1 2 0 0 0 0 0 2 0 0 1 1 2 1 1 0 0 0 1 0 1 0 0 0 1 1 1 1 1 0 0 1 1 1 3 0 1 0 0 0 1 0 1 0 1 1 1 1 1 0 0 0 1 0 0 0 3 1 1 2 0 1 0 0 0 0 2 0 0 0 1 0 0 2 0 0 0 1 0 1 1 0 1 0 0 2 1 1 1 0 0 2 1 0 1 1 0 0 2 1 1 1 2 0 0 1 1 1 0 0 2 0 0 2 0 1 1 0 1 0 2 0 0 0 1 1 1 2 1 0 0 0 2 2 0 1 1 1 0 0 0 1 0 0 0 0 1 0 1 0 1 1 0 2 0 3 0
2 0 0 1 1 1 0 0 2 0 0 0 0 1 1 1 1 2 3 0 0 0 0 2 1 1 1 0 2 1 0 0 0 0 0 0 1 0 0 0 0 1 0 0 2 1 0 0 0 0 2 0 1 1 0 1 1 1 2 1 0 0 0 0 1 0 2 0 0 1 2 0 0 0 2 1 0 0 0 1 1 1 0 0 3 1 1 0 1 1 0 0 0 0 0 0 1 0 0 0 1 0 0 0 1 1 0 1 0 0 0 1 1 2 1 0 3 0 0 1 1 1 0 1 0 0 1 1 0 0 0 0 0 1 1 0 2 0 1 0 0 1 1 1 2 1 1 1 0 1 1 0 2 1 0 0 0 1 0 1 0 0 0 0 0 2 2 0 2 1 0 0 1 0 1 1 1 1 0 0 1 1 1 1 1 1 2 0 0 1 1 1 0 2 0 1 0 0 1 1
1 0 1 1 0 2 0 1 1 1 0 1 1 1 1 0 1 0 0 0 1 0 2 0 1 1 1 1 0 0 1 1 0 2 1 1 1 0 1 1 0 1 1 0 0 1 0 1 1 0 1 0 1 1 0 1 1 0 0 0 1 2 0 2 1 0 0 0 1 0 0 0 1 0 0 1 1 0 2 2 0 1 0 0 2 1 0 0 0 1 1 1 1 1 0 0 2 2 2 0 1 0 0 1 1 0 0 1 1 0 0 1 1 0 1 0 0 0 1 1 0 2 1 1 0 0 0 1 0 0 1 0 0 1 0 1 1 0 0 1 1 0 0 0 0 1 1 0 0 0 1 1 0 0 0 1 0 0 3 0 1 0 0 0 0 1 0 0 0 1 0 1 0 0 1 2 0 1 1 1 0 2 0 0 0 1 1 1 0 1 0 1 0 0 0 0 1 1 0 1
2 0 0 1 1 2 1 0 0 1 0 0 0 0 1 1 0 0 1 1 1 1 1 1 1 0 0 1 1 1 0 1 1 0 1 1 1 0 0 0 1 1 1 1 1 0 0 0 2 0 1 0 0 1 1 1 1 0 0 2 1 0 2 1 1 0 0 0 2 2 0 2 1 0 0 0 1 0 1 0 1 1 0 1 1 0 0 0 0 0 0 2 1 0 1 2 0 0 0 1 0 0 0 1 0 0 0 0 0 1 0 0 2 0 1 1 1 1 1 1 2 1 0 0 1 1 0 0 1 0 1 0 0 1 0 1 2 1 1 1 2 0 0 0 0 0 2 1 0 3 1 1 3 1 0 0 0 0 0 0 0 0 1 1 1 1 1 2 1 1 1 0 0 0 0 0 1 0 0 0 1 0 1 0 1 1 1 1 0 0 0 1 0 0 0 0 0 1 0 1
0 0 0 1 0 0 1 0 1 1 3 0 1 1 0 1 1 1 1 0 0 2 0 0 0 0 0 1 1 2 0 2 1 2 1 2 0 2 0 1 0 2 0 0 0 1 1 0 0 1 0 0 1 0 0 0 3 1 1 1 2 0 0 1 1 1 1 2 0 1 0 0 1 0 1 0 2 1 1 0 2 0 0 0 1 1 1 0 0 1 0 0 1 0 0 2 0 0 1 0 1 0 0 0 0 1 0 0 1 2 2 0 1 2 0 1 0 0 0 1 1 0 2 1 1 0 0 0 1 1 2 0 2 0 0 1 0 1 0 0 0 0 0 1 1 0 0 0 1 0 0 0 1 0 0 2 1 0 0 1 0 0 1 0 1 1 0 0 1 1 0 2 2 0 0 0 0 2 2 0 2 0 2 0 2 0 1 0 0 1 0 2 1 0 1 0 2 0 1 1
0 0 1 0 0 0 1 0 0 2 0 0 0 0 2 1 1 1 0 0 1 1 3 0 0 3 0 1 0 3 1 1 0 0 0 0 1 1 1 1 0 1 0 1 1 1 0 1 2 0 0 0 0 1 1 2 1 1 1 0 1 1 1 0 0 1 1 0 1 0 0 0 0 0 1 2 0 0 0 0 1 0 1 1 1 0 1 1 1 1 1 0 2 0 0 2 0 1 0 0 0 1 1 0 1 1 0 1 0 2 2 0 1 1 1 0 0 1 0 0 0 0 0 1 0 0 0 0 2 0 1 2 0 1 0 0 0 0 3 1 0 1 2 1 2 0 1 0 1 1 0 1 0 1 0 1 0 1 1 1 2 0 0 1 1 0 0 0 0 1 1 1 0 2 0 1 2 0 1 1 1 1 1 1 0 0 1 0 1 1 1 0 2 0 0 1 0 0 0 0
0 2 1 0 1 1 2 1 1 1 0 0 0 0 1 1 0 1 1 0 3 0 0 0 0 1 0 0 1 0 1 2 1 0 0 1 0 0 1 1 0 0 0 0 1 0 0 1 0 0 0 1 0 0 0 1 0 2 1 0 0 1 1 0 0 0 0 0 1 1 1 2 0 1 0 1 0 1 0 1 1 0 0 0 0 1 0 0 1 0 1 0 1 3 0 0 1 0 0 0 0 1 0 1 0 0 1 1 0 1 0 0 1 0 0 0 0 0 1 2 0 1 0 1 3 0 1 1 1 0 0 0 1 1 1 0 1 0 0 0 2 0 1 0 0 0 0 0 0 1 1 0 1 1 1 0 0 0 0 0 0 0 1 0 0 0 2 0 1 0 2 0 1 0 0 1 0 0 0 0 0 0 0 0 0 0 0 2 0 1 1 0 0 1 0 0 2 1 0 0
1 1 1 1 1 0 0 0 0 0 0 0 2 1 0 0 1 1 1 0 0 1 0 0 1 0 0 0 0 1 0 0 0 1 0 1 0 2 1 1 2 0 1 1 0 0 0 2 2 0 1 1 1 1 0 0 0 0 2 0 0 1 2 2 1 2 0 0 0 1 1 0 0 1 0 2 0 0 0 0 2 0 0 2 0 1 1 1 1 1 0 1 0 1 1 1 0 1 0 0 0 1 0 2 1 0 2 1 0 0 2 0 1 0 0 0 2 1 1 1 0 1 0 0 0 1 0 0 0 1 0 0 1 1 0 2 0 1 1 1 1 0 1 0 1 0 0 0 0 0 0 0 2 1 0 0 0 2 0 1 0 0 0 1 0 1 1 1 2 1 1 1 0 0 1 2 0 1 1 1 0 0 2 0 0 0 0 1 0 1 0 2 0 0 0 0 1 0 0 1
1 0 1 1 0 1 0 2 0 0 1 2 1 0 1 0 0 1 0 0 0 2 1 0 0 1 0 1 1 2 0 2 0 0 1 0 1 1 0 0 1 2 2 0 1 1 0 2 0 1 0 0 0 0 1 1 0 0 1 2 1 0 0 0 0 0 1 0 1 1 1 2 0 1 0 0 0 0 0 1 0 1 0 0 0 0 0 1 0 0 1 0 1 1 0 0 0 0 1 1 1 0 0 1 1 1 1 0 0 0 1 2 1 0 0 0 2 0 0 1 1 1 1 0 1 0 1 0 0 0 0 1 1 3 0 1 1 1 0 0 0 0 1 1 1 2 0 0 3 0 0 1 0 1 1 0 1 1 1 0 2 1 1 0 0 2 0 0 1 0 1 1 1 1 1 1 0 1 0 1 1 1 1 1 1 1 0 2 0 1 1 0 0 0 1 2 0 0 2 0
0 0 0 0 1 2 0 0 0 1 1 0 0 0 1 1 1 0 0 0 0 0 1 1 2 1 1 0 2 1 0 1 1 0 0 1 1 1 0 1 0 1 1 0 1 0 0 1 1 0 0 0 1 2 1 0 0 2 1 0 1 0 0 0 0 0 0 1 0 0 0 1 0 1 1 1 1 1 2 1 0 2 0 1 0 1 1 1 0 0 0 2 1 2 0 0 0 0 1 0 0 0 0 0 0 1 0 0 2 0 0 0 0 1 0 1 0 0 0 0 2 0 1 0 0 0 3 1 0 0 0 0 1 0 1 0 0 0 0 0 0 1 0 0 0 0 1 2 1 0 0 1 0 0 0 1 1 1 0 1 2 1 1 1 1 0 1 1 0 0 1 1 0 0 0 1 0 0 0 0 0 1 0 0 0 0 0 1 0 1 0 1 0 2 0 1 0 1 0 1
1 0 1 1 2 0 2 1 0 1 0 1 1 1 1 0 1 1 1 0 1 1 0 1 0 0 1 0 2 1 1 1 1 0 2 2 0 0 0 1 1 0 1 0 1 1 1 1 0 2 1 0 1 1 0 2 0 0 1 2 1 1 0 1 1 0 0 1 0 2 0 1 0 1 1 0 0 1 1 0 1 1 0 2 1 0 1 0 0 0 1 1 0 0 0 1 1 0 0 1 2 1 0 0 1 1 1 0 1 0 1 2 1 0 0 0 0 2 0 1 0 1 1 0 0 0 0 0 0 2 1 1 0 0 0 1 0 3 3 0 0 0 0 2 1 1 1 1 0 1 1 1 1 0 0 0 1 1 0 0 1 0 1 2 1 0 1 0 1 2 1 1 1 1 1 2 0 0 0 0 0 2 1 1 1 0 1 1 0 1 0 0 0 1 0 0 1 1 0 0
1 1 0 0 0 1 0 0 0 0 0 2 0 0 0 0 0 0 0 0 0 2 0 1 0 1 2 1 1 1 1 1 1 2 0 1 0 0 0 1 0 0 1 0 0 2 0 1 1 1 1 1 1 2 1 1 0 0 0 0 1 1 0 0 0 1 1 0 1 1 0 1 1 0 1 1 2 2 1 1 0 1 0 1 1 1 1 0 0 1 0 1 0 1 1 1 0 0 1 0 1 1 0 1 0 2 0 0 1 1 1 0 1 1 0 0 2 0 0 0 0 1 0 1 0 0 0 0 0 0 1 1 1 0 1 0 1 0 1 0 0 0 0 1 1 0 0 1 0 0 0 2 1 1 1 1 1 0 3 0 0 1 0 0 0 0 1 2 0 0 2 0 1 0 0 0 1 1 1 0 0 0 0 1 2 0 0 0 1 1 2 2 1 1 1 0 0 1 0 0
1 0 0 0 1 1 1 1 1 0 0 0 1 2 0 0 1 1 1 0 1 1 0 1 2 1 0 1 0 0 0 0 0 0 1 1 0 1 1 2 0 0 2 0 1 0 1 0 2 1 1 0 0 0 1 0 0 0 0 0 1 2 1 0 0 1 0 1 1 0 0 1 1 0 0 1 1 0 1 1 1 0 2 2 1 0 1 0 0 0 3 1 1 0 1 0 0 1 1 0 0 1 1 1 2 0 2 1 0 1 1 0 1 0 1 1 0 0 0 2 2 0 1 0 0 2 1 2 0 1 2 0 0 0 0 0 2 0 2 1 1 3 0 1 1 0 2 1 2 0 0 0 1 0 1 0 2 0 1 3 0 0 1 1 1 1 0 1 0 0 3 1 1 0 0 0 0 1 0 1 2 0 0 0 1 1 1 2 1 1 0 1 2 0 0 0 0 1 0 1
1 0 0 2 0 1 0 0 0 1 1 0 1 1 0 0 0 0 0 1 1 1 1 0 0 1 1 0 0 0 1 0 0 2 0 1 2 1 0 1 1 1 0 2 1 0 0 1 2 0 0 0 1 1 0 1 1 2 0 0 1 1 0 2 1 1 0 0 1 1 1 1 0 2 1 0 1 1 1 1 1 0 0 0 0 0 1 1 1 1 0 0 0 0 0 0 0 0 0 1 2 1 0 1 0 2 0 0 0 0 0 1 1 1 0 1 0 1 0 0 0 1 1 0 0 1 0 0 0 0 0 1 0 0 0 1 1 1 1 0 0 1 1 2 1 0 0 2 0 0 1 1 2 3 1 2 1 1 1 2 0 1 1 1 0 0 0 0 1 0 0 2 0 0 0 1 1 0 1 1 0 0 0 0 0 0 2 1 0 1 0 0 1 1 0 1 1 1 0 1
1 1 0 0 0 1 1 2 0 1 0 0 1 1 0 1 0 0 0 1 1 0 0 0 1 2 0 1 0 0 0 1 1 0 0 0 0 0 1 0 0 0 1 1 1 1 0 0 1 0 1 0 0 2 1 2 0 2 0 0 0 2 1 0 0 1 0 0 1 1 1 1 0 1 1 1 1 0 0 1 0 1 0 2 1 1 0 2 0 0 0 1 0 0 1 1 0 0 1 1 1 0 0 0 0 1 0 0 0 1 1 1 2 1 2 0 0 0 1 1 1 2 0 0 1 0 1 1 0 2 0 1 2 0 0 1 0 1 0 0 0 1 1 0 0 0 0 1 1 0 1 0 0 3 0 0 0 1 1 1 1 1 2 1 0 1 1 0 1 0 2 2 2 1 1 2 1 2 1 1 1 1 0 0 0 1 1 0 0 2 0 0 0 2 0 0 0 0 0 1
0 0 0 2 2 0 1 0 0 1 1 0 1 0 2 2 1 1 0 0 1 0 1 3 0 1 0 1 0 2 1 0 0 0 0 0 2 1 2 1 1 0 2 0 0 0 0 0 0 2 0 0 1 0 1 0 1 0 0 0 0 0 0 1 1 0 0 0 1 1 1 0 1 0 1 0 1 1 2 1 1 1 2 0 1 1 1 2 0 1 1 2 0 0 0 1 0 1 0 0 0 0 2 1 1 0 0 0 0 0 0 0 0 2 0 1 1 1 1 1 0 1 1 0 0 0 0 0 0 1 1 0 1 0 1 0 0 0 1 1 2 2 2 0 0 1 0 0 0 0 0 0 1 1 1 1 1 0 0 1 0 1 2 0 0 0 0 1 1 0 2 2 0 0 3 0 0 2 0 1 1 0 0 0 0 0 1 0 2 0 2 0 1 1 0 0 0 1 0 2
1 0 0 0 1 0 0 1 0 0 0 2 1 1 1 0 3 1 0 0 0 0 0 0 0 0 1 1 0 0 0 0 0 2 1 0 1 1 0 1 0 0 1 0 1 0 1 0 2 2 0 0 0 0 0 0 0 1 0 1 2 1 2 1 0 1 2 2 0 0 1 0 2 1 1 1 0 3 2 1 1 0 0 0 0 1 1 0 0 1 1 1 0 2 0 0 1 2 2 1 0 0 0 0 1 1 0 1 0 0 0 0 0 0 0 0 3 1 0 0 1 1 1 2 1 1 1 0 0 0 0 0 2 0 0 1 0 0 0 0 2 0 0 0 2 1 1 0 0 0 1 1 0 1 0 0 0 0 1 0 1 0 0 0 1 1 0 0 1 1 1 0 0 1 0 0 0 0 0 0 0 0 1 0 0 0 0 1 1 1 2 0 1 1 0 1 2 1 2 2
0 1 1 1 0 1 0 1 2 0 2 0 0 0 0 2 0 2 1 1 0 1 0 1 0 0 0 1 1 0 0 1 0 1 0 1 2 2 2 2 0 1 0 0 1 0 0 0 0 0 1 0 0 0 1 0 0 0 2 0 1 0 1 0 0 1 0 1 1 0 2 1 1 1 3 0 0 0 1 0 0 1 0 1 0 0 0 0 1 1 2 0 1 0 0 0 0 2 2 0 2 1 0 1 1 1 0 1 0 0 0 0 1 0 0 1 0 0 0 0 0 1 1 1 0 0 0 0 0 0 0 0 1 1 0 2 1 0 0 1 1 0 1 0 0 0 0 0 0 1 0 1 1 1 1 1 0 2 0 0 1 0 1 1 0 2 0 1 0 1 0 0 2 0 0 1 0 0 0 0 2 0 0 0 0 0 3 0 0 1 1 3 1 2 0 0 0 1 0 1
0 0 0 0 0 1 0 0 1 3 0 0 0 0 1 0 0 1 0 2 0 1 1 0 1 1 0 1 0 1 2 1 1 2 0 2 1 1 0 0 1 0 1 1 0 1 1 0 0 0 0 0 1 1 0 1 1 1 0 1 0 1 0 0 1 1 1 0 1 1 1 1 0 1 0 1 2 1 1 0 1 0 0 0 0 0 1 1 1 1 1 2 1 0 1 1 0 0 0 0 0 2 0 2 0 0 1 1 0 0 0 0 3 1 0 1 0 2 0 0 0 0 0 1 1 0 0 0 0 1 0 1 1 0 1 1 1 1 0 1 0 2 0 0 1 0 0 1 1 0 1 0 0 0 0 1 2 0 0 1 0 0 1 0 0 0 0 0 1 1 0 0 0 0 2 0 0 0 1 1 0 0 0 3 1 0 1 0 1 0 1 1 0 0 0 0 0 0 2 1
0 1 1 1 1 1 0 0 2 1 0 2 1 0 1 0 0 2 0 0 1 0 0 2 0 1 1 1 0 1 1 0 0 0 1 1 1 1 1 1 0 0 0 0 1 1 0 1 1 1 0 0 0 1 1 1 0 0 0 0 0 1 1 1 0 0 1 0 1 0 0 0 2 1 0 0 0 0 2 0 1 0 0 1 1 1 0 0 0 2 1 2 0 0 1 1 2 1 1 1 1 1 0 1 1 1 1 2 0 0 1 3 0 0 1 0 1 0 2 0 1 2 1 1 0 3 0 0 1 0 0 1 0 0 1 0 1 0 1 1 0 2 1 0 0 1 1 1 0 2 1 0 0 0 1 0 1 1 0 1 0 1 1 0 1 1 0 0 0 2 3 0 1 2 2 2 1 1 0 0 1 0 0 2 0 0 0 0 1 0 0 2 0 0 0 0 1 1 2 0
0 2 0 1 1 0 1 1 0 1 1 3 0 0 0 1 0 1 1 1 1 0 0 0 1 1 0 1 2 1 1 0 0 0 0 0 1 1 0 1 1 1 1 1 0 2 0 2 1 0 0 2 0 1 2 1 0 1 0 0 0 0 0 0 0 0 1 1 1 1 0 1 0 1 1 1 1 2 1 0 1 1 0 2 1 2 1 1 0 0 2 0 0 1 2 0 0 2 1 0 0 0 1 0 1 0 1 1 2 0 0 1 0 0 0 2 1 0 1 1 0 0 1 0 1 0 1 0 0 1 0 1 0 1 1 0 2 0 2 0 0 1 0 1 2 0 0 0 1 0 3 2 1 0 0 0 1 2 1 1 0 1 0 0 2 1 1 0 1 0 1 1 2 1 1 0 0 1 2 0 0 0 0 0 0 0 0 1 0 0 0 1 2 0 0 1 0 0 0 1
1 0 1 0 0 0 1 1 1 1 1 1 1 0 0 1 0 0 0 0 1 1 0 1 0 2 1 1 1 1 0 0 1 1 1 0 1 0 0 2 0 0 2 2 0 0 2 1 1 0 0 0 2 1 2 1 0 2 0 0 0 1 0 0 0 2 1 0 0 0 2 0 1 2 1 0 0 0 0 0 2 1 0 2 1 1 1 2 0 0 3 0 0 0 1 1 1 0 1 0 0 0 0 0 0 1 0 2 0 0 0 0 1 0 0 1 1 0 1 0 2 0 1 1 0 1 0 1 2 1 1 0 0 0 0 1 0 3 0 0 3 2 1 0 1 1 0 1 0 1 0 0 0 0 3 0 1 1 0 1 1 0 2 0 0 0 0 1 1 2 1 0 0 0 0 2 0 0 0 0 1 0 0 0 1 0 1 0 1 1 1 0 0 0 0 0 2 1 0 1
1 1 1 0 0 0 1 0 0 0 0 2 0 1 0 1 1 2 0 0 0 1 1 1 1 0 1 0 0 0 1 0 2 1 1 0 0 0 0 2 1 0 1 0 1 1 0 1 2 1 0 0 1 1 1 1 0 1 0 1 0 0 0 1 0 1 1 0 0 2 2 0 0 1 0 1 0 0 0 1 1 1 0 1 0 0 0 2 0 1 1 1 0 0 0 0 1 1 0 0 0 0 1 0 0 1 1 0 1 0 1 1 0 2 1 0 0 0 0 0 1 0 2 0 0 0 2 0 1 0 1 2 0 0 0 0 0 1 0 1 1 0 0 1 1 0 1 0 0 0 0 0 1 0 2 0 2 1 0 0 0 1 2 0 0 0 0 1 0 0 1 0 0 2 0 1 1 1 1 3 0 0 0 0 0 2 1 1 1 1 1 2 1 1 0 1 1 1 0 1
2 0 0 0 2 1 1 0 0 0 1 0 1 1 2 0 1 1 0 1 1 1 1 1 3 0 1 2 0 1 2 0 1 0 0 1 2 1 1 0 0 1 0 1 1 1 2 1 0 0 0 2 0 1 2 2 0 0 1 1 0 1 0 0 2 1 0 0 1 1 1 1 1 0 0 0 1 1 0 1 2 2 2 0 0 1 0 1 0 0 0 1 0 2 3 0 1 0 0 0 2 2 0 0 2 0 0 0 1 3 0 0 1 1 1 0 0 0 0 1 0 1 1 0 3 0 2 0 1 0 0 0 1 1 0 1 1 0 0 1 1 0 0 0 0 0 0 0 1 0 0 1 1 0 0 1 0 0 0 0 0 1 0 0 1 2 1 0 1 2 0 0 0 2 1 0 1 0 2 0 0 0 0 1 0 0 1 1 0 0 1 0 1 0 2 0 0 1 1 0
0 1 0 0 1 1 1 1 0 1 1 1 0 1 1 2 0 1 0 3 1 1 0 2 0 0 0 0 1 0 0 1 1 0 0 0 1 0 1 1 1 0 1 0 1 0 0 0 1 0 1 0 0 2 0 0 0 0 1 2 2 0 1 0 0 1 2 0 1 1 0 1 0 0 0 0 0 2 0 1 0 0 1 0 0 1 1 0 0 0 1 1 1 0 0 0 1 0 1 0 1 0 0 2 0 0 1 0 1 1 0 2 0 0 0 0 0 0 2 0 0 1 1 0 0 1 0 0 1 1 1 3 0 2 0 1 0 1 0 1 1 0 1 0 1 1 1 0 0 0 1 0 0 1 0 1 1 2 0 1 0 2 0 1 0 1 0 1 1 0 0 1 1 0 0 1 0 0 1 0 2 0 1 1 1 0 2 0 0 1 1 1 2 0 2 0 0 1 2 0
1 0 1 1 0 1 1 1 0 1 2 1 1 2 1 0 0 1 0 0 1 0 0 1 0 0 0 1 1 0 1 2 0 0 1 1 1 0 2 0 1 1 0 0 0 0 1 0 0 1 1 0 1 1 0 0 2 0 1 0 0 1 1 1 2 1 0 2 1 1 1 2 0 0 0 1 0 0 0 1 1 1 2 1 1 1 0 1 3 0 0 1 0 0 0 1 1 0 0 1 1 0 0 0 0 0 0 1 1 0 0 0 2 1 1 0 0 2 0 0 0 0 1 2 0 0 0 0 2 1 3 1 0 0 1 2 1 0 1 0 1 0 1 1 1 0 0 0 0 2 0 1 1 0 1 0 1 3 0 0 1 1 2 0 1 0 0 2 0 0 0 0 0 1 1 2 1 1 0 0 0 0 0 0 1 0 0 0 1 0 0 0 1 0 1 2 0 3 0 0
1 2 1 1 1 0 0 0 1 2 0 1 0 1 0 0 0 0 1 1 0 2 0 1 0 1 0 0 1 0 0 1 0 0 0 1 0 0 0 0 1 0 0 1 2 0 2 0 2 0 0 2 0 1 1 1 0 1 0 0 0 1 1 2 1 0 1 1 2 1 2 1 0 0 0 1 1 1 1 1 1 1 0 0 0 0 0 0 1 2 1 0 1 0 1 1 1 1 0 2 1 1 0 1 0 2 0 1 1 0 0 0 0 1 0 0 1 0 0 0 1 1 1 2 2 2 1 0 1 0 0 1 1 0 1 1 0 0 1 0 0 0 0 2 0 1 0 1 0 1 0 0 0 0 1 0 0 0 1 1 1 0 0 0 2 1 0 1 2 1 1 1 1 1 1 0 1 1 0 0 0 0 1 0 1 1 1 1 0 1 1 1 0 0 0 0 1 2 0 2
2 1 0 1 0 0 0 0 0 1 0 0 0 1 0 1 1 1 0 1 0 0 1 1 2 1 1 0 2 1 1 0 0 0 1 1 1 3 0 1 0 1 2 2 1 1 0 2 1 0 0 0 2 0 0 1 1 0 1 0 0 0 1 0 0 1 0 1 1 0 0 2 0 1 1 2 1 1 1 0 1 1 0 2 2 0 0 0 0 3 1 1 1 1 1 0 2 1 0 0 0 1 2 0 0 2 0 1 0 1 0 0 1 0 2 1 0 0 0 1 0 0 1 1 1 0 2 0 2 1 0 0 1 1 0 0 1 0 1 1 1 0 0 2 0 2 2 1 2 1 1 1 0 0 0 0 1 2 2 1 0 1 1 1 1 0 0 2 1 1 0 0 1 0 1 1 1 1 2 1 0 0 2 1 0 0 1 0 0 0 0 0 0 2 1 2 0 0 1 0
1 1 2 0 0 0 1 1 1 1 1 1 0 0 1 0 1 1 0 1 0 0 1 2 1 0 1 0 0 0 0 2 1 1 0 0 0 1 1 0 0 1 0 0 0 1 1 0 0 0 1 1 0 1 0 0 0 0 1 2 1 1 2 0 2 0 0 1 1 0 0 1 0 2 0 1 1 1 0 2 1 1 0 0 0 2 1 0 1 1 0 0 1 0 1 2 1 0 0 1 1 1 0 1 1 0 1 2 1 1 1 0 2 0 0 0 1 1 0 1 0 0 0 1 1 0 0 1 1 0 1 1 2 0 1 0 2 0 0 0 1 1 0 2 0 0 0 0 1 0 3 0 1 2 1 0 0 0 2 1 1 0 0 1 0 0 0 1 0 0 1 0 1 1 2 0 1 0 1 1 1 0 1 1 0 0 0 0 1 0 0 0 1 0 1 0 0 2 1 0
0 1 2 1 1 0 0 1 1 0 1 1 0 1 1 0 2 0 1 0 0 0 1 1 0 0 1 0 0 1 1 0 0 1 0 0 0 2 0 0 2 1 0 3 1 1 1 1 0 0 1 0 2 0 0 1 0 1 1 1 1 1 1 0 1 0 1 0 2 1 0 1 0 1 0 0 2 1 1 0 0 0 1 0 0 0 1 1 1 0 0 2 1 1 0 1 0 2 0 0 0 1 1 1 0 1 1 0 1 1 1 0 1 1 1 2 1 1 1 1 1 0 0 1 1 1 0 1 1 1 0 1 0 1 0 2 0 0 0 0 1 0 1 1 2 0 0 0 1 0 0 3 0 3 1 0 0 0 1 0 2 0 0 2 1 0 0 0 1 0 1 1 1 0 1 0 1 0 2 0 0 1 1 0 1 0 0 1 0 0 0 0 1 2 0 1 0 1 1 0
1 0 0 0 0 0 1 0 0 2 0 2 0 1 1 0 0 0 0 2 0 1 0 2 1 1 1 1 1 2 0 0 1 0 0 2 1 1 0 2 0 1 0 0 0 1 1 0 0 1 0 0 1 1 1 0 1 2 1 0 0 3 0 2 1 3 0 1 0 1 0 1 1 1 0 0 0 1 1 1 1 0 0 0 1 1 0 1 1 0 0 0 0 1 1 1 0 1 1 1 0 0 0 0 1 0 0 0 0 2 1 1 1 0 1 0 0 0 2 2 1 1 1 0 1 1 0 1 1 1 2 0 0 1 0 0 0 0 0 2 0 1 2 1 1 1 1 2 0 1 0 0 1 0 0 2 0 0 0 0 1 1 1 0 1 0 1 1 1 1 2 1 0 1 0 0 0 1 0 1 1 1 2 0 1 1 1 1 1 0 1 0 0 0 0 0 0 0 0 1
0 0 0 0 1 2 1 0 0 0 1 2 1 2 0 0 0 0 1 1 1 1 0 0 1 0 1 0 0 0 3 0 1 0 1 0 1 0 2 0 1 1 0 2 1 1 2 0 1 1 1 1 0 0 0 1 1 2 0 0 2 0 1 0 0 0 2 0 0 0 0 0 1 1 0 0 0 2 0 0 0 1 0 1 2 1 2 1 2 1 1 0 0 0 0 0 1 1 0 3 0 1 0 0 0 0 0 1 0 1 0 1 0 1 0 0 3 0 0 2 1 1 1 1 0 1 0 0 1 1 0 1 0 0 0 2 0 2 0 0 0 0 1 2 0 1 0 1 0 1 0 2 0 0 0 0 0 0 0 0 1 1 1 1 0 1 0 0 0 1 0 2 0 0 0 1 1 1 0 1 0 1 1 1 0 0 0 1 0 0 0 0 2 1 1 3 1 2 0 3
1 0 0 1 1 1 0 1 0 0 0 1 0 1 0 2 0 1 0 0 3 3 0 0 0 0 1 0 0 0 1 0 0 0 0 0 0 1 0 0 1 0 1 0 1 0 1 1 2 0 0 0 0 0 0 2 1 2 0 0 0 0 1 0 1 1 0 3 1 1 0 0 1 0 0 0 0 0 2 0 1 1 1 0 0 0 0 0 0 1 0 0 1 1 0 0 1 0 0 0 1 0 0 0 0 2 1 0 0 1 0 0 3 0 1 0 0 1 0 2 0 0 1 1 1 0 1 0 0 1 0 1 0 2 0 1 1 1 1 0 0 1 1 2 0 0 1 0 0 1 0 0 1 0 0 0 0 0 1 1 0 2 1 0 1 1 0 1 2 0 1 0 1 1 0 0 2 0 1 1 1 0 2 1 0 0 0 1 2 1 0 1 1 0 0 0 0 1 1 1
0 0 0 0 0 1 0 2 1 1 2 0 1 0 0 1 0 1 0 1 0 0 1 0 1 2 0 0 1 0 0 1 2 2 0 1 0 0 2 1 1 1 2 0 1 1 1 0 0 2 0 1 1 0 1 0 0 0 0 1 0 0 1 1 1 1 3 1 1 1 0 1 1 0 1 0 0 0 1 0 0 0 0 1 0 2 1 1 3 1 1 0 0 0 1 0 0 0 0 1 0 1 3 0 0 1 0 1 0 1 0 0 0 1 0 2 2 0 0 1 2 0 0 0 0 1 0 0 0 1 0 0 1 1 1 2 0 1 1 1 2 0 2 0 1 0 0 1 1 2 2 0 0 1 2 1 1 1 0 0 1 1 1 0 0 0 0 0 0 1 0 2 1 1 1 0 0 0 0 2 1 2 0 0 0 1 0 0 2 0 2 2 0 0 1 0 0 0 2 0
2 0 1 0 2 1 0 0 0 2 2 0 1 0 0 1 0 0 0 1 0 1 1 1 2 0 2 1 0 1 0 0 1 1 3 1 0 0 2 0 0 0 0 0 1 1 1 1 1 0 1 1 0 2 0 0 0 0 0 0 2 1 1 0 1 2 0 2 1 0 1 1 0 1 0 1 0 0 1 2 1 1 0 1 1 1 1 1 1 0 0 1 1 0 1 1 0 0 0 1 0 0 1 0 0 2 0 1 0 0 0 0 0 0 1 0 0 0 0 0 0 1 1 1 0 0 0 0 0 2 0 1 0 0 1 0 0 0 0 1 0 0 1 1 2 1 1 0 0 1 0 0 0 0 0 0 1 1 2 0 0 0 0 1 0 0 0 0 0 0 0 0 0 1 2 1 0 0 0 0 2 0 2 1 1 1 1 1 0 1 1 2 2 0 0 0 1 2 0 1
0 0 0 1 0 1 1 0 2 0 2 0 0 1 1 1 1 2 2 0 0 1 0 1 1 1 1 2 0 0 0 0 1 0 0 1 0 0 0 3 0 1 1 1 0 0 2 1 1 0 2 2 0 1 1 0 1 0 1 0 0 0 1 0 0 0 0 1 0 0 0 1 0 0 0 0 1 0 0 0 0 1 0 2 1 2 1 0 2 1 0 1 0 2 0 0 1 1 2 1 0 0 0 0 0 0 0 0 0 0 0 0 1 0 2 1 1 1 2 1 2 1 1 1 1 0 0 0 0 1 0 1 2 2 0 0 1 0 1 1 0 0 1 0 0 1 0 3 1 0 1 0 1 1 0 1 2 1 2 1 0 1 0 2 0 2 0 0 1 0 1 1 0 1 1 0 1 1 0 0 0 1 1 0 1 0 0 0 1 0 0 0 0 1 0 0 1 0 0 0
0 0 1 1 1 1 1 0 1 1 2 2 2 1 0 0 1 1 1 0 0 2 1 0 0 1 0 1 0 0 0 1 0 1 0 1 2 2 0 1 1 0 0 0 1 1 1 1 1 0 0 0 0 1 0 0 1 0 1 1 1 0 1 0 1 0 0 1 1 1 1 1 1 0 0 2 0 1 0 0 0 0 2 1 1 2 0 0 0 0 2 0 0 1 0 0 0 1 0 0 1 0 0 2 0 1 0 2 1 0 0 1 0 1 1 0 0 1 1 0 1 0 1 1 1 1 1 2 1 0 2 0 0 1 1 0 1 0 1 1 1 0 0 1 1 2 2 1 0 1 0 0 0 0 2 0 1 0 1 1 0 0 0 0 0 0 1 0 0 1 1 0 1 0 1 1 1 0 1 1 0 2 3 1 1 1 1 0 1 3 1 0 0 1 0 1 1 0 0 2
0 0 0 0 1 1 1 1 0 1 0 0 0 0 0 0 2 0 1 1 1 2 1 1 0 1 0 2 0 1 0 0 1 0 1 0 1 0 0 0 0 1 0 0 0 1 1 0 1 0 0 0 0 1 2 1 0 1 0 1 0 1 2 1 0 0 0 1 0 1 1 0 1 1 1 0 0 1 0 0 1 2 1 0 1 0 2 1 2 0 0 0 1 1 0 1 1 2 1 0 0 0 0 1 1 2 0 0 1 0 0 0 0 0 1 1 0 1 3 0 0 1 0 2 0 0 0 0 0 2 0 0 0 0 0 0 0 1 0 0 1 0 0 0 2 0 1 0 1 0 0 0 1 0 1 0 2 0 1 0 0 1 0 0 0 0 0 2 0 1 1 0 2 0 0 1 0 1 0 2 1 0 0 0 0 1 0 0 0 1 1 0 1 0 0 1 1 0 0 2
2 1 0 1 1 1 0 0 0 0 0 2 1 0 1 1 1 0 1 1 1 2 1 2 1 0 2 0 0 1 0 1 1 1 0 2 0 2 0 0 1 1 0 1 1 0 1 1 2 1 0 1 0 1 1 0 0 0 0 2 1 2 1 0 1 1 0 2 1 1 1 0 0 1 0 2 0 0 0 1 1 0 0 1 0 1 0 1 1 1 1 1 1 1 0 0 0 0 2 0 0 1 0 1 1 0 1 1 0 0 0 1 1 1 0 2 0 3 1 1 0 1 1 0 1 1 0 1 1 0 0 0 0 1 2 0 2 2 0 0 0 0 0 0 1 0 2 0 0 0 0 1 0 0 1 1 0 0 0 0 0 1 1 0 1 1 0 1 1 2 0 2 0 1 1 1 0 1 0 0 1 0 0 0 0 2 2 0 1 3 1 1 1 1 1 1 1 1 1 0
1 1 0 0 0 0 0 2 0 1 0 0 0 1 0 0 1 0 1 0 0 0 0 0 0 2 1 0 1 0 1 0 1 0 2 1 1 0 0 1 1 1 0 0 1 1 2 0 2 2 0 1 0 1 0 0 0 1 0 1 1 1 2 0 1 1 1 1 2 0 0 0 0 0 0 0 2 2 1 0 0 1 1 0 1 0 1 0 1 2 1 1 2 0 0 0 0 2 0 1 1 1 1 0 1 0 0 2 1 2 1 1 0 0 0 0 1 0 0 1 1 2 0 0 0 0 1 0 2 0 0 0 0 1 0 0 2 0 2 1 0 0 1 0 1 0 2 1 0 0 0 0 2 1 1 0 0 0 0 2 0 0 1 0 0 1 0 1 1 0 2 1 1 0 0 0 1 1 0 1 0 1 0 1 1 1 0 0 1 1 0 1 0 0 1 1 1 0 0 0
0 0 0 0 1 0 0 2 0 2 2 1 1 1 1 0 0 1 0 0 0 1 0 0 1 0 2 2 1 2 0 0 2 0 0 1 0 0 0 0 0 0 1 1 1 0 2 0 0 0 0 0 1 1 0 1 0 0 0 1 2 2 2 0 1 0 1 1 1 0 0 0 0 1 1 1 2 1 0 0 0 1 0 1 1 0 0 0 0 1 1 0 0 0 1 1 1 0 1 1 1 3 0 0 0 0 0 0 0 0 1 0 0 1 0 0 1 2 0 0 1 0 1 1 0 2 1 0 2 1 0 1 1 0 1 0 0 1 1 0 0 2 1 1 0 0 1 0 2 1 2 1 0 1 0 0 1 0 1 1 0 0 2 0 0 0 0 0 0 0 0 1 1 1 0 2 0 0 1 0 1 1 1 0 0 1 0 1 1 1 0 1 1 0 1 0 1 0 1 2
0 1 0 1 1 0 2 1 3 0 0 0 0 1 0 1 2 1 0 0 0 1 1 0 0 0 1 0 0 1 0 3 1 0 0 1 0 1 2 1 0 0 2 1 1 1 1 2 0 2 0 1 0 1 1 1 1 0 0 0 2 1 0 0 1 1 0 0 0 2 0 0 0 0 0 1 0 0 0 1 0 0 0 0 1 0 2 1 0 1 1 1 0 2 1 0 0 0 0 1 0 0 1 0 1 0 0 0 1 0 0 1 1 1 0 0 0 0 1 1 0 1 0 0 0 0 1 1 0 1 0 2 0 1 0 0 0 1 0 2 2 0 0 0 0 0 0 1 1 2 2 0 0 0 1 0 0 1 0 3 1 1 0 1 2 1 1 0 2 0 1 0 1 0 1 0 2 0 0 1 0 0 1 0 0 2 1 0 0 0 0 1 0 0 2 0 0 0 1 1
1 0 1 1 1 0 0 0 0 0 1 0 0 1 1 1 3 1 0 0 0 0 1 1 1 0 2 1 1 1 4 0 1 2 0 1 0 2 0 2 1 0 1 0 0 2 1 0 1 3 1 0 0 0 0 1 1 0 0 0 2 1 1 1 1 1 0 1 1 1 2 2 2 2 1 1 1 0 0 0 1 0 1 1 0 0 2 0 0 0 1 1 0 1 0 1 1 1 0 0 2 1 0 1 0 0 1 1 0 1 2 1 0 0 1 0 1 1 2 1 0 0 2 0 2 1 2 0 0 0 0 0 0 0 0 0 1 2 0 0 0 1 1 0 2 2 1 0 1 0 1 1 1 0 1 1 1 0 0 0 0 1 0 1 0 1 0 0 0 0 0 0 0 0 0 1 1 1 1 0 1 1 0 0 1 0 1 0 0 0 1 0 0 0 1 0 1 0 0 1
1 0 1 0 1 0 0 0 0 0 1 0 0 0 0 2 0 2 2 0 1 2 1 0 1 0 0 1 0 1 0 3 0 2 0 1 0 0 1 0 0 0 1 2 0 1 0 1 1 2 0 1 1 1 1 0 1 0 1 2 0 0 2 0 1 0 0 1 3 1 0 1 0 2 2 1 0 0 0 0 1 1 1 1 0 1 2 1 0 0 0 0 0 0 2 1 2 0 0 1 0 1 0 0 1 2 1 0 0 0 1 1 1 2 0 0 1 0 1 0 1 2 0 0 0 1 0 0 1 1 0 2 2 0 0 1 0 1 2 0 1 0 1 0 0 1 1 0 2 0 0 1 1 1 1 0 1 0 0 0 2 1 0 0 0 0 1 1 1 0 1 0 0 1 1 1 1 2 0 0 0 0 0 1 0 3 0 0 1 1 0 1 1 1 1 0 0 1 1 1
0 0 1 0 0 1 1 1 0 1 0 1 1 0 1 3 2 0 0 0 2 1 2 1 0 1 2 2 1 0 3 0 2 0 0 1 1 1 1 0 1 0 0 2 1 1 1 2 0 1 1 0 0 0 0 1 1 1 1 0 0 0 1 0 1 0 0 0 0 1 2 3 0 2 2 0 1 0 1 0 1 2 0 1 1 0 2 0 1 0 0 0 0 1 0 0 1 1 0 0 1 1 0 3 0 0 1 1 0 0 0 1 0 0 3 1 0 1 0 0 0 0 0 0 2 1 1 0 0 0 1 2 0 1 1 2 1 0 1 0 0 1 0 0 1 1 1 0 1 0 0 0 1 0 1 0 0 1 0 2 1 0 1 0 2 2 1 1 0 0 0 3 3 0 1 0 0 0 0 1 0 1 0 0 0 1 0 0 2 1 1 1 1 2 0 2 0 1 0 0
1 0 0 0 1 1 0 1 0 0 1 0 1 0 1 3 0 0 0 1 2 1 1 0 0 0 0 0 1 1 1 1 0 0 0 0 0 1 1 3 1 0 0 2 1 0 0 0 0 0 1 0 0 1 1 0 0 0 0 1 0 3 0 0 1 0 0 0 1 0 0 1 1 1 1 0 0 0 1 1 1 1 1 0 1 1 1 0 1 1 0 0 0 1 1 0 1 0 3 0 1 0 0 3 1 2 1 0 1 0 0 0 1 2 0 0 0 0 1 1 1 0 0 0 0 1 1 0 1 1 0 0 2 1 0 0 2 1 0 1 1 1 1 1 1 2 0 1 1 0 1 1 2 0 2 1 1 0 0 0 1 1 1 0 1 0 1 2 0 1 1 0 0 1 1 0 0 2 1 1 1 0 1 0 1 1 2 1 0 0 1 0 0 1 1 1 1 1 1 1
0 2 1 0 1 0 0 1 1 0 0 0 1 2 2 0 0 1 0 0 0 1 0 1 2 1 0 0 0 0 0 0 1 1 0 0 2 1 0 0 0 0 1 0 0 1 0 1 1 1 0 1 1 1 0 0 0 1 1 1 1 2 1 2 0 1 0 2 0 0 1 0 2 0 1 1 1 1 2 1 0 0 1 1 1 2 1 1 1 0 0 0 0 0 0 1 1 0 1 0 1 0 0 0 0 1 0 0 1 0 1 1 1 0 0 1 1 1 0 0 1 0 0 2 0 0 1 1 1 1 0 0 1 0 2 0 0 0 1 0 0 0 1 0 1 0 0 1 1 0 0 1 1 1 0 1 1 1 0 1 3 0 0 1 2 1 1 2 1 0 0 0 1 1 1 0 0 0 1 0 2 0 0 0 2 0 1 0 1 0 0 0 2 3 0 1 1 2 0 1
0 1 1 1 1 1 1 0 0 2 0 0 1 0 0 2 1 0 0 1 1 1 1 0 1 1 0 0 0 2 0 1 0 1 0 1 1 1 1 0 3 0 1 0 1 2 0 0 1 0 1 0 2 1 0 0 2 0 0 1 2 2 1 0 2 0 0 1 1 1 0 0 0 0 2 0 0 1 1 1 2 1 0 0 2 1 2 1 0 2 1 0 0 0 0 1 2 0 0 2 1 0 0 0 0 1 0 0 2 2 1 0 0 0 3 1 1 1 1 0 1 1 1 0 0 0 2 0 0 1 1 0 0 0 2 0 1 0 1 0 0 0 1 0 1 1 0 1 0 0 1 2 0 0 0 0 0 0 1 2 0 1 0 0 1 0 1 1 0 0 1 0 1 2 1 1 0 1 0 1 0 1 1 0 0 2 2 1 0 1 1 1 1 1 1 0 1 0 2 0
1 0 1 0 0 1 1 1 0 0 2 0 2 2 0 0 0 0 1 0 2 1 2 1 1 1 1 0 2 1 0 0 0 0 0 0 1 0 0 1 1 1 0 0 3 1 2 0 1 1 1 0 0 1 0 0 0 3 2 1 1 0 0 0 1 0 1 0 0 0 1 1 0 0 1 0 2 0 0 1 0 0 1 1 0 0 2 0 1 1 0 0 1 2 1 0 0 0 1 0 0 0 1 0 0 3 1 1 2 0 0 2 2 1 2 0 0 0 0 0 0 1 0 1 0 1 0 0 0 0 0 0 0 2 0 1 0 1 1 0 0 0 0 0 1 1 0 1 0 0 0 0 0 0 0 2 0 0 2 2 1 0 0 2 1 2 3 1 1 0 1 0 0 0 1 0 1 1 1 1 0 1 3 1 0 0 1 2 2 1 1 2 0 0 0 1 1 1 1 0
1 0 0 1 0 1 2 0 2 2 0 0 3 0 2 0 1 1 0 0 1 3 0 0 1 0 1 0 1 2 0 0 1 0 0 0 1 0 0 0 1 1 1 0 1 1 0 0 0 1 1 0 0 0 0 0 1 1 1 1 0 0 1 0 0 1 1 0 1 0 0 1 0 1 1 0 0 0 1 2 1 0 2 1 1 1 0 1 0 1 0 1 0 1 1 0 0 0 2 1 1 1 0 0 0 0 1 1 2 0 1 0 1 0 1 0 0 1 1 0 0 0 1 2 1 1 2 1 1 0 0 0 1 1 0 1 1 0 1 1 1 0 0 0 2 2 1 0 0 0 1 0 2 0 1 1 0 0 0 2 0 0 0 0 1 0 2 2 1 2 0 0 1 2 1 1 1 1 0 0 0 0 2 0 0 0 1 0 0 0 0 1 1 1 1 1 0 1 1 0
0 1 1 1 1 0 0 0 1 0 1 1 0 2 1 2 1 0 2 0 1 0 0 0 3 1 0 0 1 0 0 1 0 1 0 0 0 0 0 0 0 0 0 0 0 1 1 1 0 0 0 1 0 1 1 1 2 0 1 0 0 0 1 0 0 0 1 1 1 0 1 0 2 1 0 0 1 0 0 1 1 0 2 0 0 0 0 1 1 0 1 0 0 1 1 0 0 1 1 0 0 1 0 2 1 1 2 0 0 0 0 0 0 1 0 1 0 0 1 2 2 2 1 1 2 2 0 1 0 1 0 0 0 1 0 0 0 0 1 0 0 0 0 0 0 0 0 2 1 1 0 0 0 1 1 1 0 1 0 0 0 0 1 1 1 1 0 0 0 0 0 2 0 1 0 1 0 2 1 0 0 1 0 1 0 1 0 1 2 1 1 2 2 1 0 1 0 1 0 1
1 1 1 0 1 0 0 0 1 1 1 2 1 0 0 0 0 0 0 1 1 1 1 0 1 0 1 0 0 1 0 3 0 0 0 0 0 1 0 2 1 0 1 1 1 1 2 0 0 0 1 0 0 0 0 0 1 0 0 1 2 1 0 0 0 1 1 0 1 1 1 0 0 0 0 0 1 1 1 1 0 1 0 2 1 0 0 1 1 3 1 0 1 1 2 0 0 1 2 0 1 1 0 1 1 1 1 0 0 2 0 1 0 2 1 1 0 1 1 0 0 0 2 1 0 0 1 2 0 1 2 1 1 0 0 2 0 1 1 1 1 1 2 0 0 1 1 0 0 0 1 1 0 2 1 1 0 1 0 1 0 2 2 1 1 0 0 1 1 2 0 1 1 1 0 1 1 1 1 1 0 0 1 2 0 1 1 0 0 1 0 0 0 2 0 1 0 2 1 0
1 0 0 0 1 2 1 0 0 1 1 0 2 1 1 0 0 0 2 0 0 0 1 0 0 0 1 1 1 1 0 0 1 1 0 1 0 0 0 1 0 1 0 0 0 2 0 2 1 2 1 2 1 2 1 0 1 1 1 0 1 1 2 0 0 0 1 0 0 0 0 1 1 2 0 1 0 0 1 0 0 1 0 0 1 1 1 1 0 2 0 1 1 2 1 1 0 0 0 0 0 2 0 1 0 0 0 0 1 1 0 0 1 0 1 0 0 1 0 1 2 0 0 1 1 0 0 1 1 2 0 0 0 0 0 2 1 1 2 0 1 1 2 0 1 0 1 0 1 0 0 2 1 0 0 0 0 2 1 2 1 2 1 2 0 1 1 0 0 1 2 0 0 0 1 1 1 2 0 0 1 0 0 2 1 2 1 1 0 1 1 0 0 0 1 1 0 0 0 1
0 1 0 0 2 0 0 1 2 0 0 0 1 0 0 1 0 1 1 0 0 0 0 1 1 2 0 1 0 2 0 0 1 0 0 0 0 0 1 1 0 0 0 1 0 0 0 0 1 1 0 0 0 1 0 0 1 1 1 0 1 0 1 0 1 0 1 1 2 1 0 0 1 1 1 0 0 1 0 0 0 0 0 1 0 0 1 0 1 1 0 1 1 0 1 1 2 0 1 0 0 0 1 1 0 2 0 0 0 1 0 0 1 0 0 1 0 1 0 0 2 0 0 1 0 1 0 1 0 2 1 2 2 1 0 1 1 1 0 0 0 0 1 0 1 1 0 0 0 1 0 1 1 3 0 1 0 1 0 0 1 0 0 0 0 0 0 1 1 1 1 0 0 2 1 2 0 0 1 2 2 0 0 0 0 0 0 1 1 1 2 0 0 1 0 1 1 2 0 1
1 1 0 0 1 0 2 0 0 0 0 1 1 1 1 0 1 0 1 1 0 0 1 0 1 0 0 0 1 1 2 2 1 1 0 2 0 2 1 0 0 1 0 0 2 1 1 1 1 0 0 0 0 0 1 1 0 1 0 0 0 0 0 0 0 0 2 2 1 0 1 0 0 1 0 1 0 1 1 1 1 1 0 0 1 1 0 0 1 0 0 1 1 0 1 0 1 0 0 0 0 0 2 1 1 1 2 1 0 0 0 1 1 0 1 0 0 0 0 1 1 0 0 2 1 0 1 0 3 1 0 0 1 0 1 0 0 0 1 1 1 1 0 2 0 0 0 0 1 1 1 0 0 1 2 0 1 0 1 1 0 1 1 0 1 0 3 0 0 0 0 0 1 1 0 2 0 0 1 1 2 1 1 0 0 1 0 0 1 0 2 0 1 0 0 0 0 1 0 0
0 0 2 0 0 0 2 1 1 0 0 0 0 0 0 0 2 0 0 0 0 0 0 0 0 2 0 1 0 1 0 0 1 2 1 2 0 0 1 0 0 0 0 0 1 1 1 1 0 1 0 0 1 0 0 0 1 2 0 0 2 0 0 0 2 2 0 0 1 0 0 0 1 0 1 0 0 1 0 2 1 1 0 1 0 1 0 0 1 1 2 0 1 1 0 0 0 1 1 0 0 3 1 0 0 2 0 1 0 0 0 1 0 1 0 0 1 0 0 0 2 1 1 0 0 0 1 0 1 0 1 0 0 2 1 1 2 1 1 1 0 0 0 1 0 1 0 1 0 1 1 2 1 2 0 0 1 0 0 0 0 0 1 1 1 1 0 0 0 1 1 1 1 0 1 1 1 1 0 1 1 1 0 0 3 0 1 1 0 0 1 0 0 0 1 0 1 0 0 1
1 2 0 1 2 0 1 0 1 0 3 1 0 0 0 1 1 0 1 1 1 0 0 1 0 0 1 1 0 1 0 1 1 0 2 1 0 0 0 0 0 0 1 1 1 1 0 1 0 1 1 1 0 1 1 0 0 0 2 1 0 0 1 0 1 1 0 1 1 0 1 1 1 1 2 1 1 0 1 1 1 2 0 1 1 0 0 0 1 0 0 0 3 1 1 0 3 0 1 1 0 0 0 1 0 0 0 0 0 0 1 0 2 0 1 0 0 0 2 1 1 0 0 1 1 1 2 1 0 1 0 0 0 1 2 0 0 0 0 0 0 0 0 1 0 0 1 1 1 0 1 0 1 0 1 0 2 2 2 0 1 1 0 0 0 0 1 1 1 0 0 0 0 0 0 1 1 0 0 0 0 1 0 1 1 1 0 1 0 1 1 2 1 1 2 0 1 0 1 0
0 1 1 0 0 1 2 2 2 2 1 1 0 1 0 0 0 1 1 0 0 1 1 0 0 3 1 1 0 1 1 0 0 0 0 0 1 0 1 1 1 0 1 0 2 1 2 1 1 0 0 0 1 1 0 0 1 0 1 1 0 1 0 2 0 2 1 1 0 0 0 0 1 0 1 0 1 0 2 2 1 1 0 2 0 2 0 1 1 0 0 0 1 1 1 1 1 0 0 1 0 0 0 1 0 0 1 1 0 1 0 1 1 3 0 0 0 1 0 0 1 3 0 0 0 0 2 0 1 0 0 0 0 2 2 1 0 0 1 0 1 0 1 0 1 0 0 1 1 1 0 1 0 0 1 0 1 0 1 1 0 0 0 1 1 1 0 0 1 0 0 1 0 1 2 1 0 0 0 1 0 1 0 0 1 0 0 0 3 0 1 0 0 2 3 0 1 0 0 2
1 0 0 0 1 0 0 1 0 2 0 0 1 0 0 1 0 0 1 1 0 1 1 0 0 1 1 2 0 0 1 0 1 0 0 0 0 1 1 0 1 0 2 0 0 0 0 1 1 2 0 1 0 1 1 1 0 1 0 1 2 1 0 1 1 0 0 0 0 1 2 1 0 1 0 0 1 0 0 1 1 1 0 1 1 2 1 0 0 1 0 2 0 0 0 1 1 0 1 0 0 1 1 1 2 0 1 0 0 1 1 0 0 2 0 0 1 0 1 0 1 0 3 0 2 0 0 0 0 0 0 1 0 1 0 1 1 0 1 1 2 0 0 0 1 2 1 0 2 0 1 0 1 1 0 0 0 0 1 0 0 0 1 1 1 1 1 1 0 3 1 0 0 1 0 0 0 1 1 1 0 1 0 2 0 0 2 0 1 0 0 1 0 1 1 0 1 1 1 1
0 1 1 1 0 1 1 2 0 1 1 1 1 1 1 1 2 0 0 1 1 0 0 1 1 1 1 0 1 0 0 1 0 1 1 0 0 1 3 2 0 1 0 0 0 1 0 0 0 0 0 1 1 0 0 0 0 0 0 1 0 0 1 1 1 0 0 0 0 0 1 0 1 0 1 1 2 0 0 0 2 0 1 0 1 0 1 1 0 1 0 0 1 0 2 0 3 1 0 1 2 0 0 1 1 1 2 0 1 0 1 0 0 1 0 1 1 0 1 0 0 1 0 1 0 1 0 0 1 0 1 0 2 0 0 1 1 1 2 1 0 0 2 0 0 1 1 0 1 1 0 1 0 1 0 1 3 0 1 0 0 0 0 0 0 0 2 0 2 0 0 2 1 2 1 0 1 0 0 0 0 2 0 1 0 2 0 0 1 0 0 1 1 0 1 1 1 1 0 0
1 0 0 0 0 0 1 1 0 1 1 0 1 2 0 0 0 0 0 1 2 0 0 0 1 0 0 0 0 1 1 1 0 1 1 0 0 1 2 0 2 1 1 1 1 1 0 1 0 0 0 0 0 0 1 0 0 1 1 1 0 1 0 1 1 1 1 1 1 2 0 1 1 0 0 0 1 1 2 1 2 0 1 0 0 0 0 1 1 1 0 1 1 2 1 0 1 0 1 1 1 1 0 0 1 0 3 3 1 1 1 0 0 0 0 0 0 1 0 0 0 2 3 0 0 0 1 0 1 0 0 0 1 1 0 0 1 0 0 1 0 0 0 1 2 0 3 1 2 0 0 1 1 0 1 1 0 1 0 1 0 0 0 0 1 0 3 0 2 0 1 0 1 0 1 2 2 1 1 1 0 2 1 1 1 0 0 1 1 0 2 1 0 2 1 0 1 1 1 0
0 0 0 2 1 2 0 1 1 0 2 0 0 1 1 1 2 0 1 1 0 1 0 0 0 0 1 1 1 1 1 1 1 1 0 1 0 1 0 2 2 1 0 0 0 1 0 1 0 1 0 1 0 0 0 0 1 1 1 0 1 0 1 2 0 1 1 0 2 1 0 0 2 0 1 1 0 0 1 1 0 0 0 2 1 0 1 0 1 0 1 0 0 0 0 0 0 0 0 1 0 1 0 0 1 1 1 0 1 0 1 0 1 0 3 2 0 0 1 1 0 1 1 0 0 0 2 0 0 2 1 1 1 0 1 1 1 1 2 0 0 0 1 1 1 0 0 2 0 1 1 0 0 1 0 0 0 0 1 1 2 0 0 1 0 0 1 1 1 0 0 0 0 0 0 0 1 0 0 1 0 0 1 1 0 1 0 0 0 1 1 1 0 0 1 0 0 2 2 0
1 1 1 2 0 0 1 1 2 0 0 1 0 1 0 0 0 2 0 0 2 1 0 1 0 2 1 1 2 2 0 0 1 0 0 0 0 1 1 1 0 2 1 0 0 2 0 0 1 0 0 0 0 1 0 1 0 0 1 2 0 1 2 0 1 1 1 1 1 3 2 0 0 0 2 1 1 0 2 1 0 1 0 0 0 0 1 0 0 0 0 0 0 0 0 1 0 2 1 0 0 0 1 0 1 0 2 0 1 0 1 1 0 0 0 0 1 1 0 0 0 0 0 2 0 0 1 0 1 0 0 1 0 0 0 1 0 0 1 1 0 2 1 1 1 0 1 0 0 0 0 0 1 1 0 0 0 1 2 1 0 2 1 3 0 0 1 1 0 0 2 1 1 0 0 1 0 0 0 0 0 0 2 0 0 3 1 1 0 0 1 0 1 1 0 0 2 0 0 0
0 0 1 1 1 0 1 0 0 0 1 1 1 2 1 0 1 0 0 1 1 1 1 1 0 0 0 2 1 0 1 0 0 1 0 1 2 1 1 0 1 1 2 0 1 2 0 0 1 0 1 0 2 1 1 0 0 0 0 1 1 1 0 1 1 0 0 0 0 1 1 0 1 2 1 0 1 0 2 0 1 0 0 0 0 0 1 1 1 1 0 1 0 2 0 0 0 1 0 0 0 1 1 1 1 2 1 0 1 0 0 2 1 1 1 2 0 1 1 0 1 0 0 0 0 0 1 1 2 1 2 0 0 1 0 1 1 0 1 1 0 0 0 0 0 0 0 1 1 2 1 0 3 0 0 0 0 0 0 2 0 0 0 2 1 1 1 1 0 2 0 0 0 0 1 0 2 0 1 0 0 2 1 0 0 2 0 2 1 0 0 1 0 1 1 0 0 1 0 0
0 1 0 1 0 0 0 0 1 1 0 1 1 0 0 1 2 0 0 0 0 0 1 2 0 0 0 1 2 1 0 0 0 0 0 1 0 0 1 0 2 0 1 1 0 0 1 0 0 0 0 0 1 1 0 0 1 0 0 2 0 0 0 3 1 1 0 2 0 0 2 1 0 1 1 1 0 0 0 1 0 0 0 2 0 0 0 0 1 0 1 2 0 0 1 0 0 0 1 0 2 1 1 1 0 0 1 1 0 0 2 0 1 2 1 1 0 2 3 0 2 0 0 0 0 0 1 1 1 0 0 0 0 0 1 0 0 1 0 1 0 0 0 1 1 2 1 0 0 2 0 0 0 1 0 1 0 0 1 1 0 0 3 0 1 0 0 1 0 0 1 0 0 0 0 0 1 0 0 1 1 2 0 0 0 0 0 2 0 0 0 2 0 0 1 1 1 1 0 1
1 2 1 0 0 0 0 1 1 1 0 0 1 0 0 1 2 0 0 0 0 0 0 0 0 1 1 1 2 0 0 1 0 0 0 1 0 2 0 0 2 1 0 0 0 0 1 1 0 1 1 0 0 1 1 0 1 0 2 0 1 0 1 0 0 1 0 0 1 0 1 0 0 0 1 0 2 2 1 1 0 3 0 1 0 1 0 0 0 0 1 0 0 1 0 3 0 0 1 0 0 1 0 0 3 1 1 1 0 1 0 0 0 1 0 0 0 0 0 1 2 2 1 0 0 1 0 2 2 1 1 0 0 1 0 0 0 0 0 0 1 2 0 0 0 1 0 1 0 2 1 1 1 0 1 2 0 1 0 1 0 2 0 1 0 0 0 0 0 1 1 0 2 0 0 2 0 1 1 0 1 0 1 2 0 1 0 0 1 1 1 1 0 1 2 1 1 1 0 1
0 1 0 1 0 1 1 1 1 1 0 1 1 1 0 1 1 2 1 1 0 0 1 1 1 1 1 3 1 0 1 0 2 1 1 0 0 1 2 0 0 0 1 0 2 0 1 1 1 1 0 1 0 0 0 1 0 0 1 0 1 0 1 0 0 1 0 1 2 0 1 0 1 0 1 2 1 0 1 1 0 1 0 1 2 0 0 1 0 0 1 0 0 1 1 0 0 1 1 0 1 0 1 0 0 3 2 1 1 0 0 1 1 1 1 0 0 1 0 1 1 1 0 0 0 1 0 0 1 1 0 0 2 1 3 0 0 2 0 1 2 2 2 0 1 2 0 1 0 0 1 0 0 1 1 1 2 1 1 0 0 0 0 0 0 1 3 1 1 0 0 1 1 0 0 2 0 2 1 0 0 0 0 1 1 1 0 0 0 0 0 0 0 1 2 1 0 1 1 0
0 0 1 1 2 0 0 2 1 1 2 0 1 1 0 2 2 1 3 1 2 0 0 0 1 0 1 1 2 2 1 0 1 0 2 0 0 1 0 1 0 1 0 1 0 0 0 0 0 0 1 0 1 1 1 0 2 1 0 0 1 0 0 0 1 1 0 1 0 1 2 1 1 0 1 1 0 0 0 1 0 1 0 0 0 0 1 0 0 0 0 1 2 0 0 1 0 0 2 0 0 2 2 1 0 0 0 1 0 1 1 0 0 0 1 0 0 0 1 1 0 1 2 1 1 0 1 0 0 0 0 0 0 0 1 0 2 1 1 3 0 1 0 0 0 1 1 0 0 1 0 0 0 0 2 0 0 0 0 0 0 1 0 0 1 1 1 0 1 0 0 1 0 0 1 0 1 0 3 1 1 0 0 0 1 2 1 0 0 1 1 0 0 1 2 0 1 1 2 0
0 0 0 0 1 2 0 0 0 1 0 0 1 0 0 0 0 1 1 3 2 0 1 1 1 0 0 0 1 1 0 2 1 0 0 0 1 0 0 0 0 0 1 1 1 1 0 0 1 1 0 0 0 0 2 1 0 1 2 2 1 0 1 1 0 0 1 0 1 0 0 0 0 1 0 0 0 0 0 1 0 0 1 0 1 1 1 0 0 0 1 0 1 1 0 0 0 0 0 0 0 1 1 0 1 0 1 1 1 0 0 0 1 1 0 1 1 2 1 0 1 0 0 1 1 2 1 0 1 0 1 1 0 0 1 1 1 0 1 0 1 0 0 0 2 2 0 1 0 1 0 0 0 0 0 2 0 0 2 0 1 0 1 1 2 0 1 1 0 1 1 0 2 1 1 0 1 0 0 0 0 1 1 1 1 1 2 1 0 1 0 2 0 1 0 0 0 1 0 2
1 0 0 1 1 1 1 1 1 0 1 1 3 1 0 0 1 0 0 0 0 1 1 1 0 0 0 1 0 1 0 0 1 1 0 0 0 0 1 1 0 0 2 1 0 1 2 0 1 0 0 2 1 1 0 0 0 0 1 0 1 2 0 2 1 0 0 0 0 1 1 0 1 1 2 1 1 1 2 1 0 1 0 0 0 0 0 1 1 0 0 2 1 0 0 0 1 1 0 1 0 1 1 1 0 1 1 2 2 0 1 1 1 0 2 2 0 0 2 0 1 0 0 1 1 1 1 0 0 0 0 1 1 2 0 0 0 1 1 0 0 0 0 1 2 1 0 1 1 0 0 1 0 0 0 1 0 3 0 0 0 1 0 0 0 1 0 0 1 1 0 0 1 0 0 0 0 1 2 1 0 0 0 0 1 1 1 1 1 0 1 2 2 1 0 2 1 0 0 1
1 1 0 0 2 0 0 2 2 1 0 2 1 1 0 0 0 1 0 1 1 0 0 1 1 1 1 0 1 1 0 2 1 1 0 1 0 0 0 0 0 1 1 0 0 0 0 2 0 0 0 0 0 0 1 1 1 1 1 1 1 2 1 0 0 1 0 1 0 1 1 0 1 0 1 0 1 0 1 0 0 1 0 1 2 0 1 0 0 0 0 1 1 2 0 0 1 0 1 0 1 0 1 2 0 1 1 1 0 0 1 0 0 0 0 0 0 1 0 0 1 1 2 0 1 0 0 1 2 0 0 0 0 0 1 1 0 0 0 1 0 2 0 1 1 2 0 0 1 0 1 1 0 0 1 3 2 0 1 0 0 1 0 0 0 1 0 0 1 0 0 2 1 0 1 0 0 1 1 0 1 0 1 1 1 0 0 0 1 0 0 3 1 0 0 1 0 0 1 1
0 0 1 0 0 0 1 1 0 1 1 0 0 1 1 0 1 2 0 0 0 0 0 0 1 0 0 1 2 1 0 0 0 0 1 2 2 0 1 1 0 1 2 0 0 0 1 2 0 0 2 1 1 1 0 0 2 0 1 1 0 1 0 1 1 0 2 1 1 1 1 1 0 0 1 1 1 2 0 1 2 0 0 0 1 1 1 1 0 0 0 2 0 0 0 0 1 1 1 0 0 0 1 1 0 1 0 0 0 1 0 0 1 2 0 0 1 0 1 2 1 0 1 1 0 1 0 0 0 0 0 1 0 0 2 0 0 2 1 2 1 1 1 1 1 0 0 1 1 0 1 1 0 1 0 0 1 1 0 0 1 2 0 0 0 2 1 1 0 0 1 1 0 0 0 1 0 0 0 0 1 1 0 1 0 1 2 0 0 1 1 1 0 0 0 1 1 0 0 1
1 1 1 2 0 1 0 0 1 0 0 1 0 1 1 1 1 1 2 0 0 0 1 0 0 0 0 1 1 1 0 0 0 0 1 0 0 0 0 0 2 2 0 1 1 0 0 0 1 0 1 0 0 0 0 0 3 0 0 0 0 1 0 1 1 0 1 1 0 0 0 1 0 0 1 2 2 2 2 1 0 0 0 0 0 2 1 0 0 1 1 0 0 0 2 1 1 1 0 0 1 2 0 0 0 1 0 1 0 1 2 0 1 1 0 0 2 1 0 1 0 0 0 0 1 1 0 0 2 0 0 1 1 0 1 1 0 2 0 1 0 2 0 1 0 1 0 0 1 0 1 1 0 0 0 0 1 0 0 1 1 0 1 1 2 0 0 0 0 1 0 0 0 1 0 0 0 1 1 0 0 0 0 2 0 0 1 0 0 1 0 0 0 1 0 1 1 0 0 3
1 1 0 1 1 1 0 1 1 0 0 1 0 0 1 0 2 1 0 0 1 0 0 2 0 0 0 0 1 0 0 0 0 0 1 1 0 0 1 2 0 2 1 0 0 0 1 1 1 0 0 1 3 1 0 1 1 1 0 0 0 1 0 1 1 0 0 2 0 0 1 1 0 0 3 0 0 0 0 1 1 0 0 0 1 0 0 0 0 0 0 0 1 0 2 0 1 0 0 2 1 0 1 1 1 0 0 1 0 0 0 0 0 1 0 0 1 0 0 0 0 0 0 1 0 0 0 0 0 1 0 0 0 0 1 0 1 1 1 1 1 3 2 0 0 1 0 3 0 1 0 1 2 3 1 1 1 0 0 3 1 1 0 0 1 0 0 1 1 2 0 0 0 0 0 2 0 0 0 1 0 1 0 0 0 1 0 0 3 0 1 1 1 1 0 1 1 0 0 1
0 0 0 0 0 0 0 1 0 1 2 0 0 1 0 0 1 1 0 1 2 0 0 0 0 0 0 1 1 1 0 0 0 0 1 1 0 0 0 0 2 0 1 0 1 0 0 1 2 0 1 1 0 0 0 1 0 0 0 0 1 0 1 0 1 1 0 0 0 1 0 1 0 0 0 0 1 1 0 0 0 1 1 0 1 1 2 0 1 1 0 1 1 1 0 0 2 0 0 0 1 0 1 0 2 1 0 0 1 0 1 0 0 0 1 1 0 1 2 1 2 1 0 1 0 1 0 0 0 0 2 1 1 0 0 0 1 1 2 2 1 1 2 0 1 0 1 0 0 1 0 1 0 0 1 1 1 1 0 1 0 1 0 0 1 0 1 0 1 2 0 1 2 0 0 0 1 0 1 0 0 1 1 0 1 0 1 0 0 0 0 0 0 0 0 2 0 0 2 0
0 1 1 1 0 0 1 1 0 0 0 1 0 0 0 1 0 0 0 1 0 0 0 2 0 2 0 0 2 0 1 2 1 1 0 1 2 1 0 1 2 2 0 1 2 0 0 1 0 0 1 1 0 1 0 0 0 0 0 0 0 1 0 0 0 1 0 0 0 0 0 0 0 0 2 1 0 2 0 0 0 1 2 0 2 0 0 2 0 1 0 0 1 1 2 0 1 1 0 1 2 1 0 1 0 0 1 1 1 1 0 1 0 1 1 0 1 1 0 2 1 0 1 1 0 2 0 0 1 0 0 1 1 0 2 0 1 0 0 1 0 1 1 0 1 0 1 0 0 1 1 0 2 2 1 0 0 0 0 1 1 0 1 1 0 0 1 1 0 1 0 2 1 0 0 1 2 1 1 1 0 0 2 2 1 1 1 0 2 1 1 0 0 0 2 1 0 0 1 0
0 0 1 1 1 1 0 1 0 0 0 1 0 0 0 1 2 0 0 1 0 2 1 1 1 0 0 2 1 0 0 1 2 0 1 0 0 2 0 0 0 0 0 1 2 1 0 2 0 0 0 0 0 0 0 0 2 1 2 0 0 2 0 0 1 1 1 1 0 3 0 1 1 0 0 1 0 1 0 0 1 0 0 1 0 1 0 2 1 1 2 0 0 1 1 1 1 1 1 0 1 0 0 2 0 0 0 0 0 1 1 1 2 0 2 0 2 0 0 1 1 0 0 1 1 0 1 0 0 1 1 2 0 0 0 0 0 0 1 0 0 0 2 0 2 1 1 0 1 0 0 3 0 0 0 0 2 0 1 0 0 1 1 0 0 1 2 2 1 0 1 1 0 0 1 0 1 0 0 1 1 0 0 2 0 0 0 0 1 0 1 1 0 1 0 2 0 0 1 0
1 1 0 0 0 0 0 2 1 1 2 1 1 1 1 0 2 1 0 0 0 1 0 2 0 1 0 0 1 0 0 0 0 1 1 2 1 0 0 1 0 1 0 1 0 1 2 1 0 0 1 1 0 0 2 1 2 0 1 0 2 2 1 1 1 1 0 1 1 2 1 0 1 0 2 0 0 0 1 0 0 0 0 1 0 1 1 1 0 1 0 0 2 2 0 0 1 0 1 2 1 1 1 1 2 3 0 2 2 1 0 0 3 1 1 1 0 0 0 1 0 1 1 2 0 1 0 0 1 1 1 0 2 0 1 0 1 0 1 0 1 1 0 0 0 2 1 0 1 0 0 1 0 1 0 2 0 1 1 0 0 1 0 0 1 0 0 0 0 1 0 1 1 0 1 0 2 2 0 0 0 1 1 2 1 3 1 2 0 0 2 0 1 0 1 0 0 1 0 1
0 0 0 0 0 0 1 0 0 0 1 1 1 2 1 1 0 1 1 1 0 1 0 1 2 0 2 1 2 2 0 1 0 0 1 1 1 2 1 2 3 1 1 1 1 0 0 0 1 1 0 0 0 1 1 1 0 1 0 0 1 1 0 1 0 0 0 2 2 0 0 3 0 2 1 0 1 0 1 1 1 2 0 1 1 0 0 1 0 0 0 0 0 1 0 1 0 2 1 0 1 1 1 1 0 1 2 2 2 0 0 0 0 1 0 0 0 1 0 1 0 0 1 1 2 0 2 0 1 0 0 2 1 1 0 0 0 3 0 0 0 0 0 2 1 0 0 0 1 0 1 0 2 0 0 1 0 0 0 1 1 0 0 2 1 0 0 1 2 1 1 0 3 1 1 0 0 1 0 0 0 1 0 1 2 1 0 1 0 0 0 1 1 2 1 0 1 0 2 1
1 0 0 0 1 0 0 1 1 0 0 0 1 1 1 1 0 1 0 2 0 0 1 0 2 1 0 0 0 1 2 0 2 1 0 1 1 1 1 1 0 0 0 1 0 0 0 1 1 0 0 0 0 0 1 1 0 0 1 0 1 0 1 1 1 0 0 0 0 1 0 0 1 0 0 0 0 0 0 1 1 1 1 0 0 1 0 1 1 0 1 0 0 0 1 0 0 2 0 1 0 1 0 1 1 1 0 2 0 0 2 0 1 2 0 0 0 1 0 1 1 1 1 0 0 1 1 0 0 1 2 0 1 1 1 0 0 3 0 1 1 0 1 0 1 0 0 1 1 0 0 0 1 1 0 1 0 0 2 1 0 2 1 1 0 0 0 2 1 0 1 3 0 1 0 2 1 0 1 0 0 2 0 0 1 1 0 1 0 1 1 1 2 1 0 0 1 0 1 0
0 1 1 1 1 0 1 0 0 2 0 1 0 2 0 1 3 1 2 2 0 2 1 0 0 0 0 1 1 0 1 0 0 0 2 0 0 0 1 0 1 1 0 2 1 1 0 0 1 0 1 1 1 1 1 0 0 2 1 1 0 2 0 3 1 1 1 0 1 2 0 0 0 1 1 1 0 0 2 1 1 1 0 0 1 0 1 0 0 0 1 1 0 0 0 0 0 0 2 0 0 1 0 1 0 0 0 1 0 1 0 0 2 1 0 2 2 0 1 1 0 1 0 1 0 1 1 1 1 0 0 1 0 1 0 0 1 0 1 1 2 0 2 1 1 0 2 1 0 0 1 1 2 0 0 0 0 0 0 0 0 1 0 0 0 1 0 0 0 0 0 1 1 0 0 0 1 1 0 0 1 0 0 1 1 0 0 1 0 1 1 1 0 0 0 1 1 0 1 0
2 2 2 0 1 0 0 0 0 0 2 0 1 2 1 1 1 1 0 2 0 0 1 0 0 0 1 0 1 2 1 1 0 1 1 0 0 0 1 1 1 3 1 1 0 0 0 1 0 1 1 1 1 1 0 1 1 0 2 0 1 0 0 1 0 0 1 0 2 0 1 1 0 1 0 2 0 0 0 1 0 0 1 2 0 1 1 1 0 1 0 0 1 0 1 1 0 0 0 0 1 1 0 1 0 0 0 1 3 0 0 2 2 1 0 0 1 0 1 1 1 2 1 0 0 0 1 2 1 1 0 1 0 0 1 0 1 1 1 1 1 1 1 0 0 1 1 0 1 0 2 0 1 1 0 0 1 0 0 0 1 1 0 1 0 0 0 0 0 1 1 1 0 0 0 0 1 0 0 1 1 0 1 2 0 0 0 0 1 0 1 1 1 0 2 2 0 0 1 0
1 0 1 0 1 0 3 2 0 0 0 2 1 1 0 0 0 2 0 1 0 0 1 1 3 0 0 0 1 0 1 0 0 0 1 0 0 1 0 1 0 0 1 1 1 1 1 1 2 0 0 0 1 0 0 0 1 2 0 0 0 1 1 2 2 1 2 1 0 0 1 0 0 1 0 0 1 0 0 0 1 0 1 0 0 1 0 0 0 1 2 0 0 2 1 2 0 0 1 1 2 1 1 2 0 0 1 2 0 0 1 0 2 0 2 1 0 1 2 0 1 0 0 0 1 0 0 1 0 1 1 1 0 2 0 1 1 0 0 0 1 0 1 1 1 1 2 2 1 1 1 0 0 2 0 1 0 0 2 2 0 0 0 0 1 0 2 0 1 0 0 0 2 0 0 0 2 1 1 2 1 0 2 0 1 2 0 0 0 0 1 0 1 0 2 2 0 0 1 0
1 1 1 0 1 0 0 2 1 0 0 0 0 1 1 1 2 1 0 1 1 0 0 0 0 0 2 0 2 0 0 0 1 0 0 1 0 0 0 0 1 1 1 1 0 0 2 2 1 0 0 0 1 0 0 1 0 1 0 0 1 1 0 1 0 2 1 1 0 0 1 1 1 0 0 0 0 2 2 1 1 1 1 1 1 0 1 1 0 0 1 1 1 2 1 0 1 0 2 0 0 0 0 0 1 0 1 1 0 0 0 0 1 0 0 1 1 0 1 1 1 1 1 0 1 2 0 0 1 1 0 0 1 0 2 1 1 0 0 0 0 1 1 0 1 1 0 0 1 1 0 0 1 2 1 0 2 1 0 0 1 1 0 0 0 0 0 1 2 1 2 0 1 1 1 2 0 2 1 0 2 1 0 1 0 2 1 1 1 1 1 3 0 2 1 0 1 2 1 0
0 1 1 0 1 0 0 2 0 0 0 1 1 0 1 3 1 1 1 0 0 1 3 1 0 0 1 1 0 1 2 1 1 0 1 0 0 1 0 1 0 1 1 1 1 0 0 1 0 1 0 0 1 0 0 0 0 0 0 1 1 1 0 2 0 1 1 0 0 0 1 1 0 0 0 1 0 0 2 0 0 1 2 2 0 0 0 0 0 0 0 0 0 0 1 1 0 2 0 0 1 1 0 0 1 1 0 2 2 0 0 0 1 1 0 1 0 0 1 1 1 0 0 1 1 0 0 0 1 0 1 1 1 0 0 1 2 0 2 0 1 1 1 2 1 2 0 0 1 0 0 1 0 1 0 0 0 0 1 2 0 0 1 1 0 1 0 0 1 0 2 1 0 1 0 1 2 0 1 0 1 1 1 1 0 1 3 1 1 0 0 1 0 0 0 1 0 1 0 0
0 0 0 2 1 1 1 1 2 0 1 1 1 1 0 0 0 2 1 0 0 2 0 0 1 1 0 1 1 0 0 0 1 0 1 0 0 1 0 0 1 1 0 0 0 0 0 0 0 0 1 2 1 2 0 2 1 0 0 1 1 1 0 0 2 1 0 1 0 0 0 2 0 0 0 0 0 1 1 0 0 2 0 0 1 1 0 1 1 1 0 0 0 1 0 1 0 2 1 0 1 0 0 0 1 0 1 1 0 0 0 1 0 2 0 1 2 1 0 0 2 1 2 0 0 1 0 0 0 1 0 0 0 1 0 1 0 0 1 1 0 1 0 1 1 0 1 1 0 0 0 1 0 1 0 0 1 0 1 1 3 0 2 1 0 1 0 1 1 0 0 0 1 0 0 1 1 1 0 0 0 1 0 0 0 1 0 0 0 0 3 2 2 1 0 2 0 1 1 0
1 0 0 1 1 1 0 0 0 1 1 0 1 0 0 1 1 1 0 0 1 1 1 0 0 0 0 0 0 0 0 2 0 0 0 0 2 1 1 0 1 0 1 0 1 0 1 1 2 0 0 0 1 1 0 0 0 0 0 2 0 0 1 0 0 0 3 1 0 1 0 2 0 0 1 0 1 1 1 1 0 0 0 0 1 0 0 1 1 1 1 1 2 1 0 1 0 0 1 0 1 1 0 0 0 1 1 1 1 0 0 1 0 0 0 3 0 0 0 0 1 1 0 1 1 1 2 0 0 1 2 0 1 0 1 0 0 1 1 0 1 1 0 0 1 0 2 1 1 0 1 1 0 1 1 0 0 1 0 0 1 0 1 0 0 0 1 0 1 1 0 0 0 0 1 2 0 0 0 0 0 0 1 1 0 0 2 1 0 1 1 0 1 0 0 0 0 1 0 1
2 0 1 1 1 0 0 2 1 1 0 1 0 1 1 1 0 0 0 3 0 1 0 1 0 1 1 0 1 1 1 0 1 1 1 1 0 1 1 2 1 1 0 1 1 1 1 1 0 2 1 2 1 1 1 0 1 1 0 0 0 0 0 1 1 0 2 1 1 0 0 0 0 0 1 1 1 0 0 0 1 1 1 1 1 0 0 0 2 0 0 0 1 1 1 0 1 2 1 0 0 1 0 0 0 2 0 1 1 0 2 0 1 0 1 0 0 2 0 0 0 1 0 1 0 1 1 2 0 0 1 1 0 1 0 1 0 0 1 2 0 0 0 0 0 1 2 2 1 0 0 0 0 0 0 0 0 1 1 0 1 0 0 1 1 0 0 0 0 1 0 0 0 1 1 1 2 1 0 0 0 1 0 1 1 0 0 0 0 2 0 1 0 0 0 1 1 1 0 2
0 0 1 0 0 0 1 0 2 0 0 1 2 0 0 1 0 2 3 0 0 0 1 0 2 1 0 0 0 0 1 0 0 0 0 1 0 1 1 0 0 0 0 1 1 1 2 1 0 2 1 0 0 3 0 0 0 0 1 1 0 0 1 0 1 1 0 1 0 0 2 0 0 0 1 0 1 0 1 0 0 2 2 0 2 1 1 1 3 0 2 0 1 0 1 2 0 0 1 0 0 1 1 2 0 0 0 1 0 0 0 0 0 0 0 0 0 0 0 0 0 0 1 1 1 0 2 0 1 2 0 0 1 1 0 1 0 1 0 0 1 1 0 1 0 0 0 1 1 1 1 1 2 2 0 0 2 2 0 0 0 1 0 0 1 0 1 1 0 0 1 1 2 0 0 0 1 1 1 0 1 0 1 0 1 1 0 0 1 0 0 0 0 1 0 1 0 0 1 0
0 2 0 0 1 0 0 1 1 0 1 1 1 0 0 0 0 0 1 0 0 0 1 0 0 1 2 1 0 0 0 0 0 1 1 0 1 2 1 0 0 0 1 0 1 3 1 1 0 0 0 3 0 0 1 0 1 0 0 0 0 2 0 0 0 1 0 1 1 0 0 0 0 1 0 1 0 0 0 1 0 1 1 1 0 1 0 1 1 0 0 0 0 0 1 0 1 2 1 0 2 1 0 1 0 0 0 0 0 1 0 0 0 0 0 0 0 1 0 1 2 1 1 2 1 2 0 2 1 3 0 0 0 1 1 0 0 0 1 0 1 3 2 0 1 0 0 1 0 0 0 0 0 1 1 2 1 0 1 0 0 1 0 1 0 0 0 1 2 0 1 0 0 0 1 2 0 1 0 1 0 1 0 1 2 2 0 0 1 1 0 1 0 2 1 0 1 2 1 1
1 1 0 0 1 0 0 0 0 0 1 0 2 0 2 1 0 2 0 1 0 0 1 1 1 0 0 1 1 1 0 1 1 1 1 1 1 0 1 0 0 0 0 0 1 1 1 0 1 2 1 2 0 0 1 0 0 0 1 0 0 0 0 0 1 3 2 1 0 1 0 0 0 1 0 1 0 0 0 1 2 1 0 0 0 0 1 0 1 2 1 1 1 0 1 0 0 0 1 0 0 1 0 1 1 0 0 0 0 0 0 3 2 0 0 0 1 1 0 0 1 1 0 0 1 1 0 1 0 1 0 0 1 0 0 0 1 0 0 0 0 1 0 1 2 2 0 0 0 1 0 2 1 1 1 0 0 0 2 1 0 1 0 1 1 2 0 0 2 2 2 1 0 1 2 0 1 1 0 1 1 0 1 0 0 0 0 0 1 1 1 0 1 1 0 1 0 1 0 1
0 0 2 0 0 1 1 0 1 0 1 0 0 1 0 0 2 0 1 2 1 1 0 0 0 0 0 0 0 1 0 0 0 0 0 0 0 1 0 1 1 0 1 0 1 1 1 0 1 1 0 0 1 0 1 0 2 2 0 1 1 2 3 0 0 0 1 1 0 0 1 2 1 0 0 0 1 0 0 0 0 0 1 1 0 0 1 0 2 0 1 2 0 1 1 0 1 2 0 0 0 1 0 1 2 1 0 0 0 0 0 1 0 0 1 0 0 1 1 1 0 0 1 1 0 0 0 1 1 1 0 0 1 0 0 1 0 0 1 2 0 0 0 0 0 1 0 0 3 1 1 0 0 1 0 0 0 0 0 1 1 1 1 1 0 0 0 1 1 0 1 2 1 1 0 1 0 0 0 0 1 1 2 0 0 1 0 0 0 3 0 1 1 1 2 0 0 1 0 0
1 0 0 2 1 0 1 1 0 1 0 1 1 1 0 0 0 0 0 0 1 2 1 0 1 0 0 1 1 0 1 1 1 0 0 0 0 1 0 0 1 2 1 1 0 0 0 0 0 2 0 1 0 0 0 1 1 0 0 0 1 0 0 0 1 1 0 0 1 1 0 1 0 2 0 0 1 2 1 0 0 0 0 1 0 0 0 1 1 1 1 0 0 0 1 1 1 0 0 0 0 1 0 0 0 1 0 1 0 0 0 0 0 0 0 2 0 0 0 1 0 0 0 1 0 0 1 1 0 1 1 2 1 1 2 0 3 1 1 0 2 0 0 1 1 2 0 1 0 1 0 0 2 0 1 3 2 0 1 1 2 1 1 0 1 0 1 0 1 0 3 1 1 0 0 2 2 1 1 0 0 1 2 0 1 0 0 3 1 0 0 0 0 0 1 0 1 1 2 0
1 0 0 1 1 0 0 0 0 1 1 1 0 1 0 2 0 0 2 2 1 1 1 0 1 0 2 0 1 1 0 1 0 1 0 1 1 1 0 1 0 0 2 2 0 2 1 1 2 1 1 0 0 0 0 0 2 0 0 1 0 2 1 0 1 0 0 0 1 1 1 1 0 1 1 1 0 2 0 0 1 1 0 0 0 0 0 2 0 0 1 1 0 0 2 1 1 1 1 0 0 0 0 1 0 1 2 1 1 0 3 1 0 0 1 1 1 2 0 1 1 0 0 1 0 0 0 1 0 1 0 2 0 0 1 1 0 0 2 1 2 1 1 0 1 1 0 0 1 0 0 2 0 0 0 1 0 0 0 0 1 2 1 0 2 1 0 1 1 0 1 0 0 0 0 0 1 3 0 2 0 0 0 0 0 0 0 1 0 1 0 1 1 2 1 0 1 0 1 0
0 0 0 0 0 0 1 1 3 0 0 0 0 0 1 0 1 1 1 1 0 0 1 2 0 2 0 1 0 0 1 1 0 1 1 0 1 1 1 0 0 2 0 0 0 0 1 2 0 1 0 0 0 0 0 2 0 0 1 2 1 0 1 2 1 1 0 1 0 1 0 1 0 0 1 3 2 0 0 0 1 0 1 0 0 1 1 0 0 0 1 0 1 0 0 1 1 0 0 2 1 2 1 1 0 2 1 0 0 1 0 0 0 1 0 1 1 0 0 1 0 0 1 1 1 1 0 1 0 0 0 0 0 1 0 0 0 0 1 0 1 2 0 1 0 1 1 0 1 1 0 0 0 1 0 1 2 2 0 0 0 1 1 0 0 0 0 0 0 0 2 1 1 1 0 0 1 1 0 1 0 0 0 0 0 3 1 0 1 0 0 0 1 0 0 1 0 0 1 1
1 0 1 0 0 0 0 1 1 1 0 0 1 1 0 0 1 0 1 1 2 0 2 0 2 0 0 0 1 1 0 0 0 0 0 0 2 1 0 0 1 0 1 0 1 2 1 0 1 0 0 0 2 1 0 1 1 1 1 0 1 0 0 0 0 0 1 0 0 0 0 1 2 0 1 0 2 0 0 0 0 0 0 0 1 0 1 0 0 2 1 1 0 0 0 0 0 0 1 0 0 0 0 0 1 1 0 0 2 1 0 1 1 0 1 1 0 0 1 0 0 1 0 1 0 2 2 0 1 1 0 1 1 1 0 0 1 2 0 1 0 2 0 2 0 0 1 1 0 0 3 1 1 1 0 0 1 0 1 0 0 0 1 1 0 0 3 0 2 1 0 0 0 0 1 0 1 1 0 0 0 1 1 1 0 1 0 1 0 1 1 0 1 0 1 1 1 1 1 2
0 0 1 0 0 0 1 0 0 0 1 1 0 1 2 0 1 0 1 1 0 0 0 1 1 1 0 0 0 1 1 0 0 0 1 3 1 2 1 1 1 1 1 0 1 0 1 1 1 1 1 1 1 1 1 1 0 0 0 0 0 1 2 0 0 0 1 1 0 0 0 0 1 0 0 1 0 0 0 2 0 0 0 1 3 0 0 0 0 1 1 2 1 1 1 1 0 1 1 1 1 1 1 1 1 1 1 2 0 1 1 0 0 0 1 1 0 1 0 1 0 0 0 0 0 1 0 1 0 3 1 3 1 1 0 0 1 1 0 0 1 1 0 1 1 1 1 0 0 1 0 0 0 0 1 0 0 0 1 0 1 1 0 0 1 1 0 0 1 0 0 0 1 1 0 0 1 0 0 1 2 0 1 1 3 0 1 0 1 0 0 2 1 0 1 0 0 0 0 0
0 1 0 1 1 1 0 2 0 1 3 1 1 1 0 1 0 1 0 0 1 1 0 1 0 0 1 0 0 1 1 0 0 0 0 1 2 1 0 0 0 1 0 1 0 1 2 0 0 2 0 0 0 0 1 0 1 1 0 0 1 1 0 1 0 0 0 0 2 0 1 0 1 0 0 1 1 1 1 1 1 0 0 1 0 0 1 1 0 1 1 1 1 0 1 0 0 0 1 1 0 1 0 0 2 0 0 0 2 2 1 1 0 0 1 1 1 1 0 1 0 0 0 1 0 0 2 1 0 1 1 1 0 0 0 1 0 1 1 0 1 1 0 1 0 1 2 2 1 1 1 0 0 2 1 1 0 0 1 0 1 0 1 0 1 0 1 0 1 1 2 0 1 1 1 1 1 0 3 1 0 0 0 1 0 0 0 0 1 0 0 1 1 0 1 0 0 2 1 1
1 0 0 1 0 0 1 0 1 0 1 0 0 0 0 2 1 2 1 1 0 0 0 0 0 0 0 2 1 0 2 0 0 0 0 0 0 1 1 1 1 0 1 1 1 1 0 0 0 0 0 1 0 0 1 0 1 0 0 0 0 2 0 0 0 1 1 2 0 1 0 0 1 0 1 0 1 0 1 0 0 1 0 1 1 0 0 0 1 3 1 0 1 1 1 1 1 2 0 0 2 0 1 0 2 1 0 0 0 0 3 1 2 1 0 2 0 1 0 1 0 0 0 0 0 1 2 2 0 0 0 1 1 1 1 0 1 1 0 0 1 2 1 2 0 0 0 0 0 2 0 1 1 1 1 0 1 2 1 0 0 2 2 3 1 0 1 0 0 1 0 1 1 1 1 0 3 1 2 0 1 0 1 0 1 0 1 0 0 2 1 0 0 0 2 1 0 0 1 0
0 0 0 1 1 1 1 1 0 0 0 0 1 0 0 1 0 1 1 0 0 1 1 0 0 1 0 1 0 0 1 0 0 1 0 1 0 1 1 1 0 1 0 1 0 1 0 1 1 2 1 1 0 0 0 0 2 0 1 0 0 1 1 0 0 0 0 1 1 0 1 2 1 0 0 1 0 1 0 0 1 1 0 1 0 0 2 0 0 0 1 0 0 0 0 0 0 1 2 0 0 0 0 0 1 2 1 0 1 1 1 0 0 2 0 1 1 2 1 0 0 1 1 0 2 1 0 2 0 0 1 1 0 1 0 0 1 1 0 2 1 0 1 2 0 0 0 1 0 1 0 0 1 0 0 1 0 0 0 0 0 0 2 1 0 0 1 0 0 0 1 1 2 0 1 1 0 0 2 1 0 0 0 1 1 0 1 1 1 1 1 0 0 0 1 1 1 1 2 1
1 0 1 2 0 1 1 1 0 0 1 0 0 2 1 0 0 0 1 0 1 1 1 2 0 0 1 2 2 0 1 1 2 1 0 0 0 1 0 2 1 0 2 2 2 0 0 0 1 0 1 1 0 1 0 0 1 0 1 1 1 2 0 1 1 0 0 0 1 0 0 0 1 0 0 1 0 0 0 0 1 1 1 1 1 0 2 0 0 1 1 0 0 1 2 0 0 0 0 1 0 0 2 1 1 0 1 2 1 1 2 0 0 0 0 1 0 0 0 0 2 0 2 0 1 0 0 0 1 1 0 1 0 0 0 0 1 2 1 3 1 0 1 1 2 0 1 0 0 1 2 1 0 2 0 1 1 0 1 1 1 1 1 0 0 1 1 0 0 1 0 2 1 0 0 0 2 0 1 0 0 1 2 1 1 0 2 0 0 0 0 0 0 0 0 1 0 1 2 2
1 0 0 2 0 1 1 0 0 0 1 0 1 0 0 1 0 0 0 2 0 1 0 0 0 0 0 1 0 1 1 0 0 1 0 2 0 0 0 1 0 0 1 1 1 1 1 0 0 1 0 0 0 1 2 0 1 0 0 0 0 1 0 0 0 0 0 1 1 1 1 0 0 1 0 1 1 2 1 0 1 0 2 2 0 1 1 1 1 0 0 0 0 1 0 0 0 1 0 0 0 1 0 0 1 0 0 0 0 0 0 0 0 0 0 0 2 2 1 0 1 1 0 0 1 0 1 0 0 0 0 1 1 1 2 1 1 0 1 0 1 0 1 0 0 1 0 0 1 2 3 1 1 1 1 0 1 1 2 2 2 0 0 0 0 0 0 0 2 0 1 1 0 0 2 2 1 0 0 0 0 0 1 0 2 1 1 0 1 1 1 2 1 0 0 1 1 2 2 1
0 1 1 1 1 0 0 1 0 0 0 1 1 0 2 2 0 1 2 0 0 0 0 1 1 0 1 2 1 1 2 1 0 1 0 1 0 2 1 1 0 1 0 0 0 1 0 1 1 1 0 0 1 1 1 0 1 1 2 1 0 0 0 0 1 2 2 0 1 0 0 0 1 0 2 0 0 2 0 0 0 0 0 1 1 1 1 1 2 0 2 0 1 0 1 0 0 0 1 0 0 2 1 0 0 0 1 0 0 1 0 0 0 1 0 1 0 0 2 0 2 0 1 0 3 0 0 0 0 1 1 1 1 0 0 0 0 2 1 1 0 1 1 1 1 1 1 0 0 0 0 0 1 0 0 0 0 1 1 1 0 0 2 1 1 1 1 2 1 2 0 0 0 1 2 2 0 1 2 0 1 1 0 1 0 0 0 1 1 0 0 1 1 1 1 0 0 0 0 1
1 0 1 0 0 0 1 1 1 0 0 0 0 0 0 1 1 0 0 0 2 1 2 1 1 0 0 0 0 1 0 0 0 2 0 0 2 1 1 1 0 1 1 0 0 0 0 0 0 0 1 1 0 0 1 1 0 3 1 0 1 1 1 2 1 0 0 0 0 0 0 2 1 0 0 0 0 0 0 1 0 0 0 0 0 0 1 0 0 0 0 0 0 2 0 1 0 2 0 2 1 0 0 1 0 0 1 0 0 2 0 0 1 0 2 1 0 0 0 1 0 0 0 0 1 0 0 1 1 1 1 1 1 1 0 1 0 0 1 1 1 1 0 0 0 0 1 0 1 1 1 1 1 1 0 2 0 1 1 0 1 0 1 0 1 1 1 0 0 0 0 1 1 1 0 0 1 0 0 0 1 0 1 0 0 1 1 0 1 0 0 0 1 0 1 0 0 0 0 1
0 1 1 1 1 0 1 0 1 0 0 1 1 1 1 1 1 1 1 0 1 0 1 0 1 0 1 0 0 1 2 0 0 0 1 1 1 1 0 0 0 0 1 0 1 0 2 1 0 0 0 1 0 0 0 0 1 0 1 1 1 0 0 1 0 0 1 0 1 0 0 0 0 0 0 0 0 0 1 1 0 1 0 0 1 0 1 0 1 2 1 0 0 0 0 1 1 0 0 1 0 0 1 1 1 1 1 0 1 1 1 0 1 0 1 1 1 1 3 2 0 2 1 0 2 1 0 2 0 0 0 1 0 0 0 0 1 1 1 2 0 1 1 1 2 0 2 1 0 0 0 1 1 1 2 0 1 1 1 1 1 1 0 0 0 0 0 0 0 0 1 0 0 0 0 0 2 1 1 1 1 0 2 1 1 1 0 0 1 0 2 0 1 1 2 0 0 0 2 0
1 1 1 0 1 0 0 0 0 0 1 1 1 1 1 0 1 1 0 1 0 0 0 0 0 0 0 1 0 1 0 1 0 0 1 2 1 1 0 0 0 0 1 0 1 0 1 0 2 0 0 1 3 0 1 0 1 1 2 0 1 0 1 0 1 0 0 1 0 1 1 2 0 1 0 0 2 1 0 1 1 0 0 1 1 1 0 0 0 0 2 2 0 3 1 0 0 1 0 0 0 2 0 0 0 0 0 0 0 2 0 2 2 0 0 0 1 2 0 0 1 1 1 0 0 1 2 0 0 0 0 1 0 1 1 0 1 0 1 0 2 1 1 0 1 0 0 0 0 1 0 1 0 1 2 0 0 0 0 1 2 0 0 1 0 0 0 2 1 1 0 2 1 1 1 1 1 0 1 0 0 1 1 0 0 2 1 1 1 0 1 1 2 2 2 0 0 2 0 1
0 0 1 0 0 0 0 2 2 2 0 1 0 1 0 1 2 0 1 0 0 1 0 1 1 0 1 0 0 0 1 0 0 1 1 1 2 1 0 0 2 1 0 0 0 1 0 0 3 0 0 0 1 1 2 2 0 1 0 0 0 1 0 0 1 0 1 1 0 0 1 0 1 0 0 0 0 1 0 1 1 1 0 0 1 3 0 1 1 0 0 0 0 0 1 1 1 1 0 0 1 0 1 0 0 1 1 1 2 2 1 1 0 1 1 1 0 0 0 2 0 0 0 1 3 1 0 1 0 2 2 0 0 2 1 1 1 0 1 1 0 0 0 1 0 1 1 0 1 0 2 1 0 0 0 0 0 1 1 0 0 2 1 1 1 3 1 0 0 0 1 1 0 0 0 0 0 0 0 1 2 0 1 1 0 0 0 1 2 0 1 0 1 2 1 1 1 0 1 0
