150
10 11 13 12 3 12 13 7 14 17 1 12 3 1 15 12 18 3 15 18 9 9 2 17 6 6 9 1 9 1 8 4 12 4 18 18 5 19 12 14 11 3 1 13 6 20 14 8 18 16 10 12 17 19 12 5 16 6 9 18 6 4 5 15 12 1 12 3 19 4 20 7 18 11 10 11 1 6 17 13 16 18 14 19 8 15 3 8 13 19 7 6 8 11 11 8 6 15 19 6 8 2 14 4 20 12 14 13 12 15 14 13 3 2 4 15 1 10 7 10 20 15 7 8 11 3 17 9 1 7 9 20 13 12 15 2 13 6 7 13 14 3 7 5 17 20 10 19 16 1
0 1 6 5 2 0 5 0 4 5 10 0 2 5 2 5 5 5 4 5 3 10 3 5 2 1 5 2 0 10 5 2 4 10 0 2 1 2 0 2 2 2 4 2 5 2 2 2 2 0 0 2 2 5 1 4 0 5 4 5 1 4 0 0 0 0 1 5 10 3 0 1 10 1 3 10 2 2 10 10 6 2 3 2 0 3 1 0 0 1 10 10 5 2 2 5 0 10 5 0 6 2 0 0 0 0 0 2 0 2 0 2 2 5 1 0 10 2 0 0 2 0 0 0 5 10 0 5 5 2 0 5 5 5 2 3 2 1 0 5 10 3 2 5 0 0 1 0 2 10
1 0 5 2 4 5 0 0 2 4 0 5 0 2 2 0 2 2 4 6 0 0 2 0 1 10 0 10 4 2 2 2 0 0 3 10 2 4 2 0 2 10 5 0 1 3 2 0 10 1 5 5 0 4 2 0 5 2 0 1 4 10 2 5 1 2 5 10 0 5 10 2 1 6 0 10 1 0 0 2 0 0 5 5 5 0 5 5 0 1 5 10 10 2 1 2 2 4 2 5 1 0 0 0 0 0 5 5 0 5 2 1 0 1 0 0 4 1 5 4 3 1 3 5 1 1 5 2 10 0 0 5 0 2 5 5 2 0 2 10 5 0 5 10 0 10 0 5 0 2
6 5 0 1 4 0 2 0 1 2 5 5 0 3 4 5 2 0 3 4 0 10 2 5 4 3 2 3 5 5 4 0 0 1 0 2 0 2 1 10 0 0 5 5 10 0 3 2 1 2 6 0 4 0 1 5 0 5 1 10 6 1 0 0 0 5 5 10 0 0 10 2 2 1 5 2 2 2 0 2 0 2 0 5 1 2 5 0 2 2 1 4 5 2 3 6 2 0 2 2 5 5 0 2 0 10 10 2 2 5 2 0 2 5 4 2 5 0 10 0 5 5 5 2 0 2 5 5 0 10 0 1 5 10 0 10 0 2 2 5 0 0 2 0 5 2 6 5 2 5
5 2 1 0 0 3 10 0 2 0 4 0 2 0 5 3 4 2 0 5 5 2 2 3 5 2 5 5 2 5 0 1 3 0 5 2 1 2 1 0 6 5 1 0 0 5 5 0 0 6 5 0 0 5 0 3 0 4 0 1 0 0 0 2 3 1 10 5 2 2 1 2 5 0 2 6 5 0 5 2 2 4 3 0 1 0 5 0 2 5 5 5 2 10 0 10 1 5 10 5 5 4 10 2 0 0 5 0 10 2 4 6 6 1 3 2 5 0 3 2 5 4 0 0 2 10 1 10 2 0 0 0 0 2 5 4 1 0 3 0 3 5 0 1 3 3 0 3 2 5
2 4 4 0 0 5 1 0 3 0 0 5 0 1 5 0 10 2 4 5 10 2 5 4 3 5 1 2 0 6 2 2 0 6 0 0 0 0 2 2 0 2 0 1 0 4 0 1 2 2 1 3 0 5 10 10 5 0 0 10 2 2 0 6 10 5 5 1 10 5 5 2 0 0 0 0 5 5 2 3 2 10 3 3 5 1 0 5 5 2 2 0 1 0 5 0 4 2 0 5 5 1 2 0 0 5 0 0 5 0 5 3 3 1 2 0 0 0 2 3 3 0 0 2 0 5 2 0 6 2 10 0 5 0 10 1 4 5 5 5 0 0 5 5 5 0 0 0 5 2
0 5 0 3 5 0 5 0 4 2 10 0 0 2 4 0 2 5 0 5 2 0 2 5 10 10 1 0 10 0 10 10 1 5 3 5 10 0 1 5 2 10 2 3 0 0 0 5 0 10 5 4 0 0 0 5 0 5 2 0 2 0 1 5 5 1 1 0 0 0 0 1 5 1 2 3 2 0 3 2 5 4 2 10 0 5 0 4 0 0 1 2 4 1 1 5 1 0 0 0 2 1 4 0 0 10 1 6 0 10 0 5 10 2 2 0 2 0 5 2 0 2 0 0 0 1 5 0 0 0 10 5 1 0 1 10 3 2 1 5 10 5 5 1 10 2 0 2 4 2
5 0 2 10 1 5 0 1 5 0 4 2 1 4 0 2 2 0 1 5 3 3 0 0 5 5 2 0 0 0 5 0 4 2 5 2 0 5 2 2 5 1 0 0 1 0 5 2 0 5 6 5 4 5 0 0 5 10 0 2 0 2 2 0 2 4 6 5 10 2 0 1 5 0 0 3 10 1 5 1 1 0 0 0 2 5 0 0 0 5 1 0 5 0 0 10 0 0 10 1 1 5 1 0 5 0 0 0 0 0 5 0 4 6 3 1 5 5 2 2 2 0 1 5 2 10 3 5 0 2 5 0 2 2 0 3 0 5 1 2 1 1 10 5 0 0 2 0 3 0
0 0 0 0 0 0 1 0 0 0 5 0 1 0 0 1 0 5 0 5 5 0 0 2 2 4 2 2 2 5 0 0 2 10 0 3 2 6 0 4 4 5 2 4 1 5 4 0 0 0 0 0 1 4 1 2 5 5 5 5 1 5 6 0 2 0 2 3 0 5 0 5 5 10 10 4 3 2 2 1 0 5 1 0 5 4 6 0 1 2 1 1 2 0 0 5 0 5 2 10 5 1 1 0 1 0 1 2 5 0 5 10 0 0 5 0 2 0 5 0 0 0 10 1 0 0 1 1 0 0 5 0 0 1 2 2 5 5 2 5 0 1 1 5 5 5 0 2 2 2
4 2 1 2 3 4 5 0 0 0 0 0 1 5 0 3 3 0 2 0 0 5 0 0 10 0 4 1 0 0 5 5 0 1 1 5 5 0 2 5 2 2 0 4 0 1 1 2 10 0 2 5 2 5 0 5 1 2 0 4 5 2 0 0 0 2 3 0 0 10 0 2 3 5 0 0 6 1 5 5 2 0 5 5 2 2 2 1 2 2 0 5 0 1 5 2 5 2 10 5 0 2 5 1 5 1 0 1 1 4 10 5 1 4 0 1 0 5 4 1 0 0 0 1 5 0 0 1 2 0 0 5 4 1 0 1 0 5 0 4 1 1 5 0 2 2 1 5 6 0
5 4 2 0 0 2 0 0 0 0 0 2 5 3 0 1 4 4 2 0 3 2 5 1 5 1 5 0 5 5 4 6 0 1 0 5 5 5 1 0 10 2 5 4 0 5 10 10 1 10 0 10 0 1 5 5 5 0 1 2 1 2 2 5 5 4 0 0 5 5 0 0 0 5 10 5 5 0 5 4 1 2 10 0 0 0 2 0 0 2 5 4 0 0 2 0 5 0 2 3 10 0 6 1 0 1 5 0 0 2 1 2 5 0 1 0 0 2 0 6 0 5 2 5 0 1 2 0 1 0 2 10 0 5 5 0 2 1 3 0 2 5 2 4 5 10 10 5 0 1
10 0 5 4 0 10 4 5 0 0 0 1 0 0 0 5 0 0 1 3 2 5 4 5 2 2 5 0 0 0 2 5 0 2 5 5 2 5 2 0 10 10 0 1 3 2 1 6 4 0 4 0 0 1 0 0 2 10 5 0 5 0 0 1 2 2 3 0 1 2 5 1 5 1 10 0 1 3 2 1 2 4 0 2 5 5 0 3 5 0 0 5 1 5 2 1 1 6 2 2 10 1 1 0 1 0 0 1 0 1 4 5 1 1 5 5 0 1 0 1 5 0 1 0 0 1 0 5 3 2 5 0 5 0 2 0 5 2 2 0 3 1 4 5 0 0 4 1 5 2
0 5 5 0 5 0 2 0 0 2 1 0 5 2 5 0 5 0 0 1 0 10 5 5 2 2 2 2 5 0 2 10 2 5 2 4 0 5 0 4 0 0 2 10 1 1 0 4 5 6 2 0 0 5 3 6 5 2 4 5 1 0 0 2 0 5 2 5 5 5 10 3 10 5 0 10 5 0 0 10 2 2 0 3 2 5 0 2 1 2 1 10 2 1 0 10 0 2 4 0 10 0 0 0 1 2 5 5 1 5 0 5 1 0 1 0 0 0 0 5 5 1 2 0 1 1 0 1 2 0 2 0 0 0 0 10 0 2 0 0 4 2 0 0 5 0 10 5 0 2
2 0 0 2 0 0 1 1 1 5 0 5 0 0 0 5 0 10 5 0 1 0 2 0 5 0 2 5 2 2 5 0 0 2 0 1 1 10 1 2 10 5 4 0 0 1 0 10 0 1 4 2 2 5 2 2 5 5 10 10 6 2 5 2 5 1 6 5 5 0 2 0 0 2 2 0 2 0 2 10 5 0 0 0 1 10 2 1 1 5 2 0 2 0 4 0 0 5 1 10 2 5 5 5 0 4 0 5 0 10 10 2 0 5 1 2 1 5 2 5 5 2 1 4 4 0 5 0 1 5 2 0 10 4 2 10 5 4 0 1 2 3 3 5 6 2 10 0 2 0
5 2 3 0 1 2 4 0 5 3 0 2 0 0 5 5 2 2 0 2 0 0 5 5 1 0 2 0 5 2 10 0 5 5 5 2 2 3 0 10 0 3 0 0 2 0 2 0 1 0 2 0 10 2 5 10 1 2 5 0 5 0 1 5 0 4 10 0 0 0 0 1 5 2 1 0 10 5 1 10 2 0 2 2 0 4 5 1 2 10 0 5 5 5 0 2 2 2 10 1 2 1 3 2 10 5 2 2 0 0 1 0 0 0 2 0 2 5 0 10 0 0 4 0 2 2 6 5 2 5 5 0 4 5 3 1 0 1 0 0 5 2 0 10 0 5 0 0 1 1
2 2 4 5 5 4 0 0 0 0 0 5 0 5 0 2 0 1 1 0 5 0 1 0 5 5 10 10 2 0 5 5 5 0 1 5 0 2 5 2 0 2 10 0 0 1 5 5 5 1 0 2 2 1 0 3 1 2 1 2 0 2 10 0 5 0 2 2 0 2 5 0 2 2 5 2 0 0 5 2 5 5 0 0 0 2 4 1 5 5 0 2 10 0 0 1 5 1 0 3 0 0 0 5 0 2 2 0 0 5 0 5 0 10 2 2 0 0 0 0 2 3 5 2 1 0 2 2 1 0 0 2 6 3 2 1 0 2 3 10 5 0 0 10 5 0 5 5 2 0
5 0 5 3 0 0 2 1 3 1 5 0 5 5 2 0 4 0 0 0 5 5 0 5 2 1 0 0 0 0 2 5 0 0 3 0 2 2 0 5 0 1 2 5 0 5 2 5 10 2 0 2 0 4 3 2 2 0 1 0 2 1 5 5 2 2 1 0 5 10 0 3 5 5 0 0 5 2 4 0 4 0 5 0 2 10 0 1 0 0 5 2 10 0 0 2 5 0 0 0 3 2 2 5 0 4 0 0 5 4 3 0 0 1 5 0 2 0 5 2 4 5 2 5 2 0 3 10 1 5 4 2 0 5 1 5 2 0 0 5 0 0 5 6 0 0 0 0 0 2
5 2 2 4 10 2 2 0 3 4 0 5 0 2 0 4 0 2 10 2 4 5 0 0 0 0 0 1 1 5 10 2 10 10 0 0 5 2 0 0 2 0 5 2 0 0 0 3 0 0 10 5 0 0 4 10 1 0 5 2 2 2 3 5 1 5 0 3 1 2 0 0 4 1 2 5 10 0 2 5 2 5 5 5 5 5 2 2 0 0 0 5 0 5 2 10 5 5 0 2 5 0 2 0 2 0 2 10 0 2 5 0 6 1 1 2 0 5 5 5 1 0 2 10 5 5 1 1 0 0 4 0 2 2 1 5 0 0 0 4 0 2 10 5 4 5 0 5 0 5
5 2 0 2 2 5 0 5 0 4 0 0 10 2 1 0 2 0 0 0 0 2 5 0 2 5 10 10 1 2 1 0 5 0 5 5 0 2 1 0 5 5 2 5 0 0 2 3 5 2 2 4 0 0 0 5 3 4 1 0 2 0 10 5 0 0 2 0 0 10 1 5 1 5 0 4 2 5 2 10 10 1 5 10 5 2 0 10 1 0 0 10 2 0 4 0 5 2 5 0 0 5 5 3 5 3 5 10 0 2 0 5 0 0 10 2 5 0 0 5 6 0 3 2 0 1 2 0 2 5 6 0 5 2 5 2 6 4 0 10 5 0 10 0 1 5 5 4 2 1
4 4 3 0 4 0 1 0 2 2 1 0 5 0 1 0 10 0 0 6 5 10 1 0 5 4 2 2 5 5 5 0 0 5 2 0 2 4 4 5 1 4 2 1 1 3 0 5 0 0 1 2 0 1 4 0 4 2 2 5 4 0 5 0 0 2 5 2 0 0 4 10 0 0 10 5 5 0 0 2 0 0 2 1 5 0 0 1 4 10 1 5 5 4 5 5 2 2 0 5 0 10 2 0 1 0 0 5 1 5 5 0 5 0 5 0 1 5 4 0 0 0 10 0 0 2 0 0 4 0 2 2 0 0 0 0 0 0 2 5 5 3 2 2 10 0 1 2 2 4
5 6 4 5 5 5 5 5 0 0 3 1 0 2 0 0 2 0 6 0 5 0 3 5 0 10 1 3 10 10 0 10 6 0 0 1 10 5 0 0 0 0 0 3 2 1 2 5 10 0 0 0 0 0 0 0 5 10 5 0 3 5 2 3 2 6 5 0 0 5 0 3 0 10 0 5 0 2 0 1 1 0 0 5 1 5 4 1 2 10 10 2 5 5 2 2 5 1 2 0 6 2 2 0 2 0 1 2 5 0 5 2 0 0 0 0 2 3 0 2 5 5 1 2 5 2 5 10 0 5 1 2 0 5 10 5 3 2 2 10 0 2 3 6 0 5 1 1 0 1
3 0 0 5 10 2 3 5 0 3 2 0 1 0 5 5 4 0 5 5 0 1 0 2 5 2 2 0 4 2 0 5 2 10 0 2 0 5 0 0 2 4 10 3 0 1 5 1 0 0 0 5 0 5 5 2 5 10 10 10 10 10 5 0 3 10 0 4 0 10 1 1 0 5 3 2 0 0 0 2 5 1 0 0 2 1 4 10 0 0 2 0 5 2 10 1 5 2 5 0 2 0 10 2 1 0 0 0 2 1 0 2 0 0 10 5 4 1 2 5 5 5 2 5 0 2 5 0 2 3 0 0 2 1 0 5 5 10 0 5 2 0 0 0 0 0 4 0 2 5
10 0 10 2 2 0 3 0 5 2 5 10 0 0 0 5 5 2 10 0 1 0 2 5 0 2 5 0 0 5 0 0 2 5 2 2 0 2 0 10 0 5 5 0 0 0 5 2 2 5 5 0 1 1 5 5 2 0 10 2 0 3 0 2 5 0 0 3 4 10 1 6 2 0 10 2 2 2 2 4 3 0 2 0 2 0 6 5 0 0 2 0 10 1 0 10 0 1 0 0 6 0 5 0 4 0 5 0 4 0 4 1 5 1 2 0 0 2 0 5 2 0 0 0 2 10 5 5 2 0 5 6 0 0 2 2 10 10 0 1 2 1 2 5 0 6 1 5 0 5
3 2 2 2 5 2 0 0 0 5 4 5 2 5 1 0 0 5 1 3 0 2 0 5 2 0 0 5 10 3 0 5 0 5 10 10 2 3 1 5 5 0 2 1 2 0 5 0 0 0 0 0 2 5 0 10 10 0 2 2 5 0 0 10 1 5 5 5 0 0 2 5 0 0 0 0 1 0 1 0 0 1 2 4 0 2 5 10 0 1 5 5 5 0 5 0 1 0 10 2 0 1 0 5 5 0 1 10 2 0 1 3 5 10 10 2 6 5 0 2 2 10 5 2 10 0 1 1 0 2 1 2 0 10 5 1 0 0 0 1 5 5 2 5 0 0 1 1 0 2
5 0 5 3 4 5 0 2 0 1 5 5 0 5 0 5 0 0 0 5 2 5 5 0 0 1 4 0 0 0 0 1 5 0 0 1 0 5 1 5 1 0 0 0 2 1 5 0 10 0 2 0 0 0 0 2 2 0 5 0 1 5 2 0 2 0 0 4 0 1 5 5 2 0 0 0 2 0 0 10 3 5 5 2 2 0 10 3 1 0 0 2 0 0 0 0 0 5 2 2 2 0 0 10 0 0 0 5 0 0 1 0 2 2 5 2 10 2 3 2 6 5 2 5 6 2 0 1 10 2 5 2 0 2 10 0 3 3 0 0 1 10 2 0 0 10 5 2 4 0
2 1 4 5 3 10 5 2 10 5 2 2 5 1 5 2 0 2 5 0 5 0 2 0 0 2 10 5 0 2 2 2 10 0 4 5 0 2 1 2 0 0 0 4 0 10 1 5 5 0 0 0 2 2 1 0 5 0 2 2 2 1 0 1 10 10 2 5 2 6 5 1 0 5 1 2 2 2 0 1 1 0 0 10 1 0 5 2 5 5 0 2 1 4 5 0 1 5 5 0 5 0 2 0 0 5 4 2 1 5 0 1 0 4 0 10 10 0 0 0 1 5 5 0 5 1 1 0 2 2 6 0 0 0 0 2 5 10 5 0 10 2 5 0 0 10 0 2 5 0
1 10 3 2 5 10 5 4 0 1 2 2 0 0 5 1 0 5 4 10 2 2 0 1 2 0 2 0 1 2 5 6 10 1 0 0 5 5 0 0 5 0 10 10 2 2 1 4 1 2 3 0 0 0 5 1 1 2 1 5 2 2 10 10 0 2 2 0 0 5 10 0 5 1 3 0 10 5 0 3 10 0 1 0 3 5 1 0 1 3 5 2 0 10 0 2 6 10 5 0 6 1 2 0 2 2 0 0 0 1 0 2 5 0 0 10 0 2 10 2 0 0 5 5 2 0 2 0 4 2 5 2 0 5 0 0 2 5 10 0 5 6 5 1 2 0 2 2 2 10
5 0 2 5 1 1 2 2 4 5 5 2 2 2 10 0 0 10 2 1 2 5 0 4 10 2 0 2 0 2 0 0 5 5 0 2 2 2 0 10 10 10 2 0 5 10 0 0 2 0 2 2 5 0 0 2 2 1 0 2 10 0 0 0 5 0 0 5 10 1 1 4 0 2 2 2 5 4 5 0 0 0 0 4 1 0 0 0 0 0 0 2 5 1 6 4 5 10 5 5 0 0 1 1 2 0 1 0 1 4 0 0 0 5 5 10 3 0 0 2 10 3 0 2 1 5 0 0 5 10 5 2 5 1 0 2 0 3 6 4 5 10 5 2 5 10 4 5 0 5
2 10 3 5 2 0 0 2 1 0 0 2 5 0 10 0 1 10 2 3 0 0 5 0 5 0 2 0 10 0 10 5 0 0 2 0 5 3 0 0 3 2 0 1 0 10 5 5 0 0 0 5 0 0 2 5 6 2 5 0 0 0 1 0 2 0 0 2 2 1 1 10 3 0 0 0 5 2 0 2 5 0 10 2 0 10 4 0 0 5 0 6 0 1 2 5 1 4 5 5 10 5 2 2 2 2 6 5 0 10 0 0 0 0 1 10 0 2 2 2 0 1 0 2 5 5 5 1 2 0 2 2 2 2 2 2 5 1 0 5 2 2 0 2 0 0 10 0 0 4
0 4 5 2 0 10 0 2 0 5 0 5 2 5 2 0 1 1 5 10 4 0 10 0 0 1 0 10 0 1 3 5 4 0 5 0 5 0 1 0 0 4 5 6 1 2 2 0 2 4 4 0 5 5 5 10 0 5 0 0 2 1 0 5 10 0 0 0 4 1 5 0 2 0 2 0 2 2 1 2 5 4 1 0 5 10 0 0 2 3 3 2 4 5 5 2 0 10 1 2 3 0 6 4 0 1 0 2 0 0 1 0 0 2 2 0 1 2 0 1 0 4 1 2 0 2 1 2 0 2 1 2 2 5 1 0 10 1 5 5 3 5 5 2 1 5 2 0 5 0
10 2 5 5 6 0 0 5 0 5 0 0 2 2 0 0 5 2 5 10 2 5 3 0 2 2 2 0 1 0 0 5 5 5 10 10 0 2 0 5 0 0 10 2 0 1 0 10 5 0 1 0 2 10 2 4 4 0 0 2 2 1 5 0 5 0 10 0 0 2 5 1 4 1 0 3 0 0 5 3 5 0 0 5 5 0 5 0 1 5 10 0 2 1 2 2 4 2 4 1 0 6 2 0 0 4 5 5 2 2 5 10 5 1 10 0 6 2 5 5 1 5 0 0 5 5 10 1 1 0 2 10 2 0 0 10 4 5 2 3 0 1 0 1 5 0 6 1 0 0
5 2 4 0 2 10 5 0 5 4 2 2 5 10 5 2 10 1 5 0 0 0 0 0 2 5 0 10 3 0 0 0 5 10 5 1 5 5 0 1 5 0 6 0 5 1 5 0 2 0 5 0 3 2 10 10 0 0 4 0 0 0 0 2 2 1 10 3 2 0 2 0 2 0 0 3 4 2 0 0 4 5 0 5 5 0 2 0 3 5 5 10 5 2 5 10 1 0 2 1 0 10 0 4 0 5 0 5 3 5 0 2 1 0 2 6 2 3 2 0 5 0 5 2 5 5 5 5 2 0 1 0 5 5 2 5 1 1 5 2 5 0 2 1 0 0 5 1 0 6
2 2 0 1 2 10 0 0 5 6 5 10 0 0 5 5 2 0 0 10 5 0 5 1 2 6 0 5 5 5 0 0 1 2 1 0 0 0 5 0 2 10 0 2 5 0 2 5 5 4 5 2 1 2 0 1 5 2 0 4 5 1 1 0 2 0 6 5 4 5 10 2 10 2 0 2 1 2 2 0 3 5 0 1 3 0 5 5 5 2 10 0 10 10 0 1 10 1 5 0 2 2 1 2 0 0 1 10 2 10 2 0 4 0 5 1 2 5 6 10 5 0 2 0 5 1 2 6 0 0 2 6 0 0 0 0 2 5 2 0 10 3 5 0 2 5 5 5 3 5
4 0 0 3 0 1 4 2 0 0 0 2 0 5 5 0 10 5 0 6 2 2 0 5 10 10 5 0 4 5 5 1 0 4 5 3 0 3 2 0 2 2 5 4 0 0 0 2 1 2 0 0 2 1 3 1 2 0 0 0 5 5 0 0 5 6 1 4 0 5 5 0 2 5 5 2 0 0 2 0 3 0 0 0 1 1 5 5 5 5 2 10 6 2 2 5 1 10 0 0 0 0 2 10 0 2 5 2 5 0 0 10 0 5 3 5 3 0 10 5 5 5 0 5 4 5 5 10 0 2 2 5 10 6 0 1 5 1 1 2 0 5 2 0 10 1 0 0 1 5
10 0 1 0 6 5 2 10 1 1 2 5 2 5 0 0 10 0 5 0 10 5 5 0 0 1 5 0 0 5 10 2 4 0 2 0 0 2 5 1 0 1 4 5 0 1 5 5 0 2 5 2 1 5 10 6 5 0 2 0 5 2 5 2 5 2 2 5 1 2 5 2 2 10 5 5 5 5 0 1 2 5 0 5 2 2 1 6 5 4 0 5 2 2 0 2 5 4 0 2 10 2 10 1 0 5 5 0 5 2 5 0 5 4 5 2 0 0 0 5 2 2 0 5 5 5 0 5 0 5 0 5 1 5 2 2 10 10 0 1 0 2 0 2 5 1 0 1 5 0
0 3 0 5 0 3 5 0 1 0 5 2 0 5 1 3 0 5 2 0 0 2 10 0 4 0 0 2 5 10 5 1 5 2 0 5 3 5 0 5 1 3 0 2 10 1 2 1 2 0 1 2 0 2 5 2 1 0 0 5 2 0 0 5 2 2 0 2 10 5 2 5 10 5 0 5 0 0 0 5 5 1 5 5 0 0 3 10 1 2 0 5 0 5 5 2 5 0 4 0 2 5 6 1 0 2 4 1 0 5 5 5 2 5 1 0 0 3 0 1 4 5 5 5 0 0 10 4 0 0 0 6 5 0 5 5 3 10 2 0 10 10 6 5 10 10 0 0 5 0
2 10 2 2 0 5 2 3 5 5 5 4 1 2 5 0 0 5 0 1 2 2 10 1 5 0 2 0 0 10 1 0 3 0 5 0 2 5 5 5 2 0 0 5 5 2 2 3 1 2 1 0 2 10 0 5 1 2 2 0 5 0 0 2 5 5 5 10 0 5 5 0 5 2 3 2 5 2 0 5 4 5 5 4 2 1 1 3 0 5 5 1 2 2 0 0 0 1 5 10 2 1 5 10 2 0 2 0 5 4 5 4 0 1 0 6 10 5 0 0 3 5 5 0 2 5 2 1 5 0 10 0 5 0 1 0 1 0 5 1 1 4 10 2 1 0 0 1 5 5
1 2 0 1 0 10 0 2 5 5 2 0 1 2 0 2 5 0 2 10 0 0 2 0 0 5 2 5 5 0 5 0 0 0 3 2 0 5 4 0 0 1 0 0 0 5 1 0 0 0 0 2 0 2 4 4 0 10 0 0 2 5 0 5 10 2 2 1 0 0 2 5 5 0 2 2 10 0 5 5 1 3 1 6 5 0 0 5 0 10 5 2 5 3 2 5 1 5 0 0 0 0 10 5 0 1 3 5 2 3 0 10 4 0 10 0 2 0 0 0 4 4 2 4 6 0 6 0 2 2 4 0 5 5 4 4 2 6 2 2 1 0 10 0 4 1 0 5 1 2
2 4 2 2 0 0 5 6 0 5 5 5 10 3 2 2 2 2 4 5 5 2 3 5 2 5 2 3 0 2 5 0 3 2 5 5 5 0 5 6 0 5 5 2 0 1 0 2 0 4 2 6 0 2 5 10 5 0 1 1 3 10 5 0 1 2 0 0 5 4 0 0 0 0 2 1 2 4 0 2 2 1 5 2 2 5 2 3 1 5 10 0 3 2 0 10 2 2 2 4 4 1 0 2 5 3 2 0 0 1 5 0 2 0 0 2 10 0 1 0 6 1 5 2 2 0 5 0 5 3 2 0 1 2 2 3 1 5 10 1 5 2 2 0 5 1 6 10 0 2
0 2 1 1 2 1 2 0 2 1 2 0 1 0 5 0 0 1 4 0 0 0 1 1 1 0 0 0 1 0 0 5 2 5 0 5 4 5 0 0 2 1 5 0 0 0 10 0 2 0 1 1 1 10 0 10 1 0 0 1 0 5 1 1 0 0 2 1 0 0 5 4 3 0 5 0 5 5 1 2 6 2 10 10 1 5 5 4 0 5 10 5 0 5 1 2 1 10 0 5 2 1 5 0 5 1 1 5 0 10 1 0 4 5 4 0 0 0 0 10 5 4 1 0 0 5 5 0 0 0 5 0 0 5 10 2 4 0 2 2 1 5 10 2 2 2 5 2 2 0
2 0 10 0 2 5 2 4 5 0 0 4 2 10 2 5 0 0 5 0 0 10 5 5 2 0 10 0 0 5 1 0 0 1 5 5 0 6 0 0 0 5 5 10 0 2 2 0 5 5 3 5 2 5 0 5 1 5 2 10 2 5 0 5 0 4 5 5 1 2 2 3 0 1 0 0 2 1 2 0 1 0 0 2 0 2 0 0 1 0 2 0 0 5 1 0 5 5 3 1 3 2 5 1 0 2 6 3 5 5 5 0 0 0 5 2 5 5 5 0 2 2 5 2 0 10 0 1 2 5 2 5 0 1 2 0 2 1 10 2 2 2 3 5 2 2 2 10 3 5
2 2 0 6 0 2 5 4 2 10 10 0 10 0 0 0 2 5 1 0 2 0 5 1 0 5 10 3 0 0 5 2 2 0 1 2 0 0 2 0 0 5 2 3 0 0 4 0 5 4 0 0 0 4 5 0 0 1 2 3 0 5 0 10 5 10 0 5 2 2 0 2 1 2 2 5 0 0 0 6 3 2 10 5 5 0 2 2 10 0 5 10 3 10 2 0 10 0 0 2 0 10 0 10 0 0 4 5 0 4 10 5 1 1 2 0 0 0 0 5 2 1 2 2 0 10 2 0 5 5 2 0 5 5 4 0 0 0 5 0 0 5 3 0 2 5 0 0 0 1
2 10 0 5 2 10 1 5 2 2 10 0 5 3 2 1 0 5 4 0 4 5 0 0 0 0 10 2 4 0 0 10 2 1 3 0 1 5 1 5 5 0 1 10 5 1 6 5 10 2 0 0 0 5 0 3 0 10 1 0 2 0 5 6 0 0 10 2 2 2 0 5 5 2 4 5 0 5 5 2 2 0 2 0 2 5 2 5 2 0 1 0 0 10 0 1 0 1 4 1 1 0 5 2 1 0 10 1 2 3 1 10 0 5 5 5 1 3 1 2 4 5 0 5 0 3 3 0 2 5 5 0 4 1 0 2 2 0 2 2 5 5 5 2 5 5 2 10 2 0
4 5 5 1 0 2 0 2 0 5 0 2 4 0 10 2 5 2 2 0 10 5 2 0 0 10 2 0 5 10 6 0 5 4 0 0 0 5 5 5 2 1 0 2 2 2 1 1 0 2 1 5 1 5 5 5 10 2 2 2 2 0 2 2 0 0 0 2 2 0 0 0 2 2 5 2 4 0 2 5 2 2 10 2 4 1 10 0 5 10 1 1 10 2 5 5 0 2 4 5 2 2 5 2 5 5 0 5 1 5 0 1 5 1 2 5 10 5 2 5 0 2 1 0 0 0 2 2 2 10 2 3 0 0 0 4 2 10 1 1 0 4 10 5 1 0 5 5 0 5
2 0 5 0 1 3 0 4 4 4 1 10 0 0 0 5 2 5 1 3 3 0 1 0 4 10 0 1 6 2 0 2 4 5 2 5 0 2 0 10 3 10 2 0 1 10 5 5 0 0 0 3 2 2 2 2 5 1 5 5 10 1 2 10 6 10 2 1 0 0 3 5 0 2 2 0 0 6 1 5 3 0 2 4 5 5 5 10 5 1 0 0 0 1 0 0 1 1 0 5 3 2 2 5 5 2 0 3 10 6 2 2 0 5 5 10 0 5 2 0 0 2 5 0 5 2 2 0 10 1 2 0 2 10 2 0 3 3 5 1 5 0 5 0 2 0 0 0 0 0
5 1 10 0 0 0 1 1 0 0 3 1 0 2 0 0 0 0 1 2 0 0 2 2 0 2 5 0 1 0 5 5 0 0 10 5 0 0 0 0 0 5 2 1 0 1 2 3 0 4 0 0 5 0 5 1 3 1 0 5 2 3 2 4 3 0 10 0 1 5 0 5 4 0 5 5 2 0 0 5 5 2 5 0 0 0 5 5 0 0 2 5 0 5 2 2 2 0 0 0 1 1 0 0 2 5 0 10 10 1 10 0 0 5 0 2 0 2 0 1 5 5 0 2 0 6 10 5 1 1 2 0 1 10 0 5 1 1 3 5 0 5 5 5 0 0 0 0 1 2
2 3 0 5 4 0 0 5 1 5 2 1 1 0 1 5 0 0 3 1 1 0 0 1 10 2 10 10 2 1 1 0 0 1 1 2 5 1 0 2 0 1 2 10 1 0 10 1 2 0 1 0 5 2 5 0 5 10 0 2 0 5 0 0 0 0 0 1 10 5 2 1 0 1 0 2 10 5 1 2 2 5 0 2 0 2 1 1 0 2 1 1 0 5 0 10 10 2 5 4 0 2 0 1 0 0 0 0 6 5 5 2 10 1 0 1 2 1 4 2 5 10 0 5 1 3 0 5 2 1 2 4 3 10 5 0 1 4 10 0 5 0 5 5 1 1 5 1 10 0
2 2 3 5 0 0 5 4 1 10 1 0 0 2 5 2 0 2 0 2 5 5 5 5 1 1 0 5 2 0 5 2 0 5 2 2 1 0 10 2 4 6 1 5 2 10 0 10 1 2 0 5 10 2 5 2 1 1 0 2 10 2 5 0 3 3 1 0 2 4 5 0 1 0 2 3 2 5 2 0 2 0 1 2 5 5 5 0 5 5 5 0 0 5 1 0 2 0 0 5 5 10 0 1 4 0 2 2 0 5 2 0 6 2 5 0 5 5 5 5 4 0 2 3 5 1 0 0 4 5 2 2 0 0 0 0 10 0 0 3 0 10 1 0 0 10 3 2 4 5
2 0 2 0 1 5 2 0 2 10 6 4 10 0 5 5 3 3 5 5 1 2 0 0 5 4 0 5 0 10 0 5 2 5 1 3 0 2 0 0 0 5 1 5 3 1 10 0 5 2 5 0 5 3 5 1 10 0 0 5 1 0 5 6 5 0 5 5 1 2 10 0 5 0 3 5 5 1 2 2 0 0 5 2 0 1 4 0 2 5 5 2 0 10 4 2 6 0 0 5 4 1 3 2 0 0 5 2 10 10 5 2 2 5 0 0 1 0 3 2 5 6 5 2 2 1 0 0 1 0 10 5 5 0 1 0 0 0 5 0 10 2 0 10 0 5 2 1 10 2
2 10 1 0 2 0 0 0 10 1 4 5 0 1 5 10 0 5 0 10 0 2 0 10 5 1 2 0 2 5 2 5 1 0 2 1 0 0 2 5 5 10 0 0 0 2 1 5 0 10 5 0 5 3 1 0 1 0 10 4 10 0 5 1 6 5 0 3 2 2 0 5 0 0 2 0 0 2 0 0 0 1 0 0 5 5 0 5 10 2 5 10 1 0 2 2 2 5 2 0 1 2 5 5 0 5 10 1 4 0 2 0 10 5 5 5 10 5 5 5 4 2 0 1 6 5 5 10 1 5 2 0 5 0 5 2 5 3 2 5 5 0 0 10 5 2 0 3 5 2
0 1 2 6 2 10 5 0 0 10 0 6 1 0 1 2 0 2 0 0 0 5 0 0 0 2 0 0 4 0 0 4 2 2 0 2 0 4 0 5 4 2 2 0 4 0 2 2 10 0 2 10 0 0 5 10 2 10 10 3 0 3 2 2 0 1 0 5 0 0 0 5 1 0 2 2 0 1 4 1 0 0 0 0 5 5 10 2 10 6 5 0 3 4 0 2 2 5 0 1 10 0 0 2 4 5 0 4 2 2 3 2 1 5 0 10 0 0 5 0 2 5 5 5 0 5 2 0 0 0 1 3 1 0 2 5 5 0 4 0 2 5 0 0 1 0 5 0 2 0
0 5 6 5 1 5 6 0 2 0 4 2 4 2 0 0 10 2 1 0 0 5 0 2 0 3 2 0 4 1 5 5 0 5 1 1 0 2 1 3 0 0 1 0 0 1 0 5 5 2 0 0 2 0 1 0 5 5 10 0 1 1 0 0 4 0 0 5 2 0 10 0 5 0 10 2 0 10 4 5 0 1 0 3 2 2 2 0 0 4 0 0 2 2 0 5 4 0 5 10 0 0 2 0 5 2 0 2 0 5 10 0 0 2 5 0 1 1 0 2 5 0 5 6 1 0 0 0 5 10 3 3 0 2 0 1 1 5 5 0 2 10 0 10 1 0 2 5 0 10
2 5 0 0 3 4 5 0 5 10 0 0 2 0 2 2 5 4 2 0 5 0 0 0 0 0 2 5 0 0 0 2 0 2 2 0 2 6 1 5 0 0 5 3 0 0 5 0 0 10 0 0 5 5 3 5 2 5 2 5 2 10 2 5 10 5 1 0 2 5 5 1 3 2 0 4 3 0 1 2 5 2 5 5 10 5 4 1 5 0 1 2 4 10 5 0 2 5 2 0 1 2 2 2 2 10 0 5 3 0 4 0 0 0 10 2 10 0 3 0 5 2 1 0 0 1 10 0 2 5 10 2 5 1 0 0 0 5 5 5 2 5 2 0 5 0 10 5 1 1
2 0 4 0 0 0 4 1 2 0 0 0 2 10 2 0 0 0 0 0 0 1 2 0 2 0 5 0 5 2 3 1 2 1 0 2 0 0 1 2 0 0 1 2 5 5 10 5 5 0 2 5 0 5 2 5 0 0 10 2 5 0 1 0 4 0 2 0 2 3 0 1 5 0 5 3 0 5 5 0 0 2 2 2 10 0 5 1 0 0 5 10 2 0 0 2 5 2 0 5 1 5 5 10 2 1 10 1 5 4 3 0 0 5 0 3 5 5 10 5 0 0 5 5 2 6 5 2 4 0 2 0 0 5 10 2 5 10 0 0 2 5 2 0 5 0 10 2 0 3
5 4 0 5 5 0 5 4 5 1 1 5 5 2 1 4 0 0 1 0 5 1 5 0 2 0 0 0 5 10 2 2 1 5 2 10 2 2 10 5 4 5 5 2 0 2 2 3 3 0 0 5 5 0 5 5 10 10 3 4 0 0 5 2 0 3 5 5 5 5 2 5 0 5 5 2 0 0 2 2 4 0 1 1 4 0 2 0 0 5 0 1 0 5 0 0 5 2 1 5 0 5 1 0 10 2 0 10 1 0 4 0 0 5 0 2 5 0 5 5 2 3 5 1 5 0 10 10 5 2 1 4 0 2 5 0 1 2 0 10 1 5 10 0 0 10 0 1 1 6
1 2 1 0 10 0 0 1 0 5 0 3 2 5 0 3 4 0 4 0 5 5 0 0 1 5 0 2 5 2 10 0 3 10 5 0 4 5 0 0 5 0 5 2 5 5 5 5 1 5 1 3 2 5 0 5 1 5 5 5 4 2 2 3 1 5 5 0 5 2 1 5 0 0 10 4 0 1 0 10 0 10 5 2 0 0 0 2 5 10 0 5 2 1 0 5 2 0 2 2 5 0 2 5 2 0 1 1 1 0 10 5 6 5 5 0 2 0 5 1 5 0 10 2 0 2 1 10 0 0 2 10 2 3 4 5 1 5 0 0 2 0 2 5 5 5 5 10 0 5
4 0 5 3 10 5 0 2 5 5 0 6 2 10 3 2 10 5 0 0 2 5 10 2 0 1 2 5 10 4 10 1 1 6 2 5 4 10 10 5 0 3 5 2 1 0 2 1 0 10 0 5 5 5 5 0 5 2 0 1 1 0 2 5 2 0 0 3 2 0 5 2 0 1 0 1 3 0 3 0 0 0 10 0 0 5 0 0 5 2 0 0 1 5 0 5 1 5 3 0 10 0 6 3 5 2 3 0 2 0 3 10 1 0 2 4 4 0 2 10 2 1 0 0 0 3 1 2 2 2 2 1 0 5 0 5 0 4 10 0 2 5 3 0 1 0 1 5 3 5
0 5 0 0 5 0 5 5 1 5 2 5 5 1 1 2 1 3 4 5 5 2 10 2 5 1 2 6 0 4 0 5 2 5 1 1 0 5 1 1 0 0 10 5 3 5 1 10 1 2 5 2 0 10 1 5 0 0 5 1 5 0 4 5 10 5 10 2 2 5 10 0 4 5 0 5 2 10 0 2 0 5 5 0 0 0 2 5 1 0 2 5 1 5 0 0 3 5 0 5 3 10 5 5 5 2 5 4 5 10 5 0 5 4 2 5 2 0 0 0 1 0 2 1 5 1 0 2 0 4 10 5 0 0 4 0 0 5 0 0 5 2 0 5 10 2 0 2 0 2
5 2 5 4 0 5 10 5 2 0 10 2 5 2 2 0 0 4 2 10 10 0 0 0 0 2 1 2 5 0 0 2 0 0 0 2 10 0 0 5 1 10 2 1 1 10 1 0 0 10 5 5 0 10 5 2 0 0 0 5 1 1 0 0 2 2 0 5 0 5 2 0 6 2 3 0 0 2 0 0 0 10 5 2 1 10 2 2 2 0 3 1 6 6 1 2 0 2 0 0 2 2 0 0 2 1 0 0 5 0 5 0 1 2 4 1 3 5 1 10 3 5 0 0 2 10 0 10 2 0 2 5 0 0 0 5 5 0 1 5 2 10 5 4 10 0 5 5 2 1
4 0 1 0 0 2 0 5 0 1 5 4 10 5 1 1 5 1 2 5 10 10 2 5 2 1 0 5 0 0 4 0 0 2 0 2 0 1 0 2 2 1 2 5 0 0 0 0 10 10 10 2 10 3 5 0 5 0 0 0 3 4 0 0 5 5 3 0 0 2 2 10 1 2 0 10 0 2 5 0 5 1 3 10 3 6 0 0 2 2 0 10 1 0 0 5 1 5 0 3 5 5 5 0 0 5 1 2 5 0 2 1 0 5 10 0 0 0 5 10 2 0 5 2 0 5 0 0 10 5 10 0 5 2 5 0 1 5 4 0 0 0 2 6 0 0 2 0 10 2
5 1 10 1 10 0 2 5 4 2 0 5 10 0 2 0 2 0 5 0 10 2 2 0 2 5 2 0 0 2 0 4 0 0 5 0 0 1 1 10 3 0 2 5 5 2 2 5 4 3 0 5 2 4 5 1 1 5 0 0 5 10 0 0 10 1 0 0 1 1 0 1 5 1 0 5 6 5 3 0 5 2 0 2 5 0 0 4 1 2 5 0 0 0 0 2 0 3 10 5 6 0 5 0 0 5 0 2 0 2 1 0 5 5 5 2 10 5 5 4 2 0 2 5 4 1 2 2 0 0 5 2 0 2 3 2 1 2 2 3 4 5 1 2 2 0 1 0 2 10
1 4 6 0 2 2 0 1 5 1 5 1 6 5 0 2 2 2 4 3 10 0 5 1 2 2 10 0 2 2 0 5 5 5 2 5 2 3 0 2 0 2 2 10 2 0 10 1 10 0 1 2 5 0 4 1 5 1 3 5 0 0 5 0 10 0 2 1 5 0 1 10 0 5 5 10 2 5 0 1 0 0 0 0 0 5 5 0 5 0 3 5 5 5 4 2 3 5 1 4 5 1 5 0 0 1 10 1 0 2 5 1 1 1 6 0 5 5 2 5 0 2 5 1 0 0 0 2 0 0 4 0 2 5 0 10 0 0 1 5 0 1 5 5 0 1 0 0 0 1
4 10 1 0 2 0 2 5 2 2 0 0 2 0 2 1 2 0 0 5 10 3 0 5 1 2 0 0 1 1 0 1 5 2 0 0 5 10 5 5 5 0 0 1 3 5 2 0 0 3 1 10 0 0 2 0 0 1 4 10 0 0 5 10 1 5 0 5 5 10 0 10 0 0 10 5 4 5 0 1 2 4 3 5 2 5 1 5 0 1 0 5 10 0 2 1 0 5 0 2 0 1 0 1 0 5 0 5 1 10 10 0 2 2 0 6 0 5 0 1 5 1 10 1 1 5 2 0 0 5 5 5 1 3 2 2 0 2 0 2 0 2 10 4 5 0 0 1 0 10
0 2 0 0 0 1 2 6 0 2 0 0 5 1 10 5 3 10 5 2 5 0 0 2 0 10 0 1 0 5 0 1 0 5 0 0 0 5 1 0 0 5 2 2 2 0 5 5 5 2 0 2 1 5 2 2 4 0 0 0 5 5 0 0 2 2 1 0 1 10 2 1 0 5 0 10 0 0 1 10 5 4 5 5 3 1 4 5 3 0 0 0 5 5 5 10 1 3 1 1 2 5 2 5 1 0 0 5 0 5 10 2 6 5 5 5 1 3 10 2 0 1 5 2 2 2 1 0 0 0 0 0 2 10 3 0 5 2 5 2 3 0 2 0 1 3 10 0 0 4
0 5 0 2 6 5 0 0 0 5 1 2 2 5 0 5 5 5 0 3 0 2 10 0 1 10 0 0 5 0 2 0 0 2 5 2 5 0 1 5 10 6 2 10 4 0 0 6 1 2 0 5 0 2 3 5 5 0 0 0 0 10 0 0 2 4 5 3 5 10 2 2 0 5 5 2 5 1 6 2 0 10 4 1 0 0 5 5 2 5 4 5 3 1 0 10 1 2 5 10 5 2 1 3 5 2 4 5 5 0 2 1 5 2 5 2 0 4 2 5 2 0 5 1 1 5 4 10 3 5 0 0 5 10 1 1 1 5 4 2 1 0 2 5 6 0 1 5 0 1
0 1 0 3 10 5 2 2 0 5 2 0 5 0 5 2 1 0 0 2 3 5 1 2 10 0 5 2 10 5 2 2 5 5 2 5 10 1 0 0 5 0 0 6 3 0 3 5 6 0 4 10 4 0 1 2 10 2 5 10 10 1 2 2 0 0 4 10 1 0 2 10 5 6 2 0 0 2 0 5 0 1 5 5 5 10 5 5 2 0 10 0 10 5 10 0 2 0 0 0 5 4 5 0 0 0 0 2 0 4 5 1 2 5 5 0 5 0 6 1 2 6 1 5 1 0 1 0 0 2 1 2 0 1 4 1 0 5 5 1 5 1 3 0 2 0 10 2 0 0
0 2 5 1 5 1 4 0 2 4 2 5 1 4 0 2 5 0 2 6 10 0 5 0 10 2 0 0 0 0 1 0 6 2 2 5 2 2 0 4 10 0 0 10 0 0 3 0 5 1 0 5 0 3 5 0 5 2 5 1 0 5 2 4 0 0 10 1 5 10 3 2 10 10 2 0 1 6 5 0 1 0 0 2 5 0 0 6 5 10 2 0 10 1 2 5 2 0 2 0 1 10 0 5 2 2 3 0 4 5 1 2 3 6 0 10 5 0 5 1 0 1 5 5 0 5 0 1 2 5 0 3 0 5 5 0 0 1 4 2 2 4 2 10 5 0 2 5 5 2
1 5 5 10 5 1 6 2 3 0 3 2 6 10 2 1 0 2 5 5 0 0 5 0 2 2 0 0 0 10 10 6 1 2 0 5 2 0 2 5 0 10 0 2 10 0 1 5 0 0 0 1 2 5 5 0 10 0 3 0 2 0 1 5 4 10 0 5 2 10 10 2 10 10 0 0 0 3 1 5 4 10 1 5 3 0 2 1 1 1 5 10 2 10 5 0 2 2 2 0 5 0 0 5 5 5 4 0 4 2 4 1 0 2 0 10 0 2 0 5 5 0 0 5 5 2 5 5 6 0 3 0 0 5 1 0 5 3 1 5 0 5 2 5 6 10 0 2 4 5
5 10 10 5 1 0 5 3 0 0 0 5 5 0 2 0 3 0 2 0 4 3 5 4 5 0 5 2 0 0 3 5 4 5 2 10 1 0 1 5 5 2 2 1 0 1 0 5 3 5 5 0 0 5 0 3 2 5 0 0 1 5 0 3 10 1 5 0 2 0 5 1 1 2 0 6 0 5 0 0 1 1 4 0 4 1 1 0 0 2 2 10 5 3 5 0 2 0 5 5 0 0 0 0 1 0 5 0 0 0 5 5 1 5 0 10 5 5 1 0 1 0 0 0 2 0 0 2 2 2 4 0 5 5 0 0 2 1 2 2 5 3 2 2 0 2 1 5 2 4
10 0 0 2 10 0 10 0 0 5 1 5 5 0 0 5 1 0 0 0 0 4 0 0 2 0 10 2 4 0 2 4 0 1 10 0 0 5 0 1 2 2 2 0 1 10 2 1 2 0 2 2 2 5 5 2 2 0 0 1 5 5 1 5 1 5 2 2 0 1 10 0 1 5 0 0 0 10 1 5 2 5 0 10 1 4 2 5 1 5 2 2 2 1 5 3 2 6 2 4 2 2 0 5 0 1 0 5 0 3 5 0 5 1 4 4 4 0 5 3 0 0 10 0 5 1 2 0 0 2 5 2 0 1 6 0 0 3 1 4 1 10 0 5 0 1 5 1 0 5
3 5 0 2 5 0 2 5 10 5 2 5 0 0 2 10 2 10 0 5 10 10 0 1 6 5 1 1 1 2 0 5 5 2 5 5 0 4 0 2 2 2 0 0 5 5 4 2 2 0 0 5 3 5 2 0 5 5 2 1 0 10 10 10 0 10 10 0 1 0 1 0 2 5 2 0 2 0 0 5 0 2 4 1 2 1 2 2 10 1 1 10 5 0 5 10 2 4 0 0 1 5 2 2 0 0 2 0 2 0 0 2 5 0 4 0 0 1 0 0 0 1 0 6 0 1 0 1 5 5 0 2 0 0 5 0 5 0 4 4 1 10 0 0 0 5 0 2 0 2
0 10 10 1 5 0 0 0 0 0 5 10 2 0 5 0 0 1 4 0 1 1 2 5 5 10 1 1 5 5 2 10 5 5 2 5 2 0 5 2 0 0 0 3 0 2 5 10 0 0 10 5 0 2 1 5 10 2 2 0 1 0 2 2 2 3 10 5 10 1 0 0 5 10 2 10 10 5 0 0 2 6 0 10 10 5 0 5 5 5 5 5 3 3 0 2 2 0 5 1 5 10 2 2 5 0 5 2 5 0 1 1 0 2 2 2 2 1 1 5 10 5 0 2 10 2 5 2 1 1 0 5 0 5 0 2 2 2 0 2 10 4 5 0 1 5 5 5 2 5
1 2 2 2 2 1 1 5 2 0 1 3 0 1 0 3 0 5 10 3 1 6 5 5 1 0 4 10 0 1 0 2 0 2 5 0 5 0 4 3 2 5 0 5 5 1 0 0 5 5 0 1 1 5 5 2 0 0 10 1 10 10 1 2 10 2 2 1 0 0 0 0 5 0 5 4 1 5 5 5 0 4 5 2 0 5 1 5 5 1 2 5 10 2 5 0 2 5 2 6 5 1 0 0 5 5 2 0 1 2 0 5 0 5 0 2 5 10 0 1 2 1 2 5 0 2 0 4 5 2 0 0 0 4 10 0 3 5 2 5 2 0 2 0 2 1 1 5 10 2
10 1 2 5 0 5 5 5 3 0 5 10 0 5 2 5 4 1 0 0 0 2 0 2 0 5 0 3 2 4 2 10 2 2 10 5 5 0 3 0 1 5 2 0 4 0 1 5 0 1 5 3 5 0 0 0 4 6 1 5 0 0 0 0 5 10 10 1 1 2 5 5 0 1 2 0 2 10 10 5 0 1 5 2 5 0 2 2 2 0 10 0 2 2 4 0 5 1 5 2 0 10 5 1 2 10 0 0 0 5 1 1 10 0 10 2 0 2 2 0 1 1 2 1 5 10 0 2 1 0 5 4 0 1 4 2 5 1 1 10 2 1 5 10 2 2 0 1 5 4
1 6 1 0 0 1 0 10 5 5 1 5 2 2 2 5 1 5 0 10 5 0 0 0 5 1 2 0 0 1 0 2 5 10 5 2 0 0 0 1 2 2 2 2 0 1 0 0 0 0 0 2 0 5 0 1 5 2 2 1 5 0 5 5 6 10 10 2 5 5 10 0 1 0 4 0 0 1 0 0 5 3 10 1 5 0 5 1 1 1 2 1 1 5 0 0 3 0 5 0 2 5 0 5 5 3 1 4 0 5 3 1 5 2 5 1 0 3 2 1 2 2 4 1 0 0 0 0 5 5 4 3 5 5 0 0 2 3 0 0 0 0 5 0 5 0 0 0 1 2
3 0 5 2 0 2 0 10 0 10 10 0 2 1 5 0 2 0 10 0 3 10 0 0 1 3 2 0 2 0 0 0 5 5 0 3 2 2 5 0 2 4 5 2 5 0 2 3 2 2 10 0 5 5 10 0 0 3 0 0 5 10 0 5 2 2 0 0 0 2 2 5 2 4 0 2 10 0 5 1 2 5 0 0 1 2 1 0 0 0 0 3 1 5 10 0 6 5 4 5 4 1 6 1 4 0 0 0 1 0 0 5 4 2 5 0 10 2 5 5 0 10 10 0 10 10 0 10 5 2 2 5 2 5 0 1 0 5 1 1 5 2 2 2 0 0 5 5 5 5
10 10 2 6 0 3 3 4 0 5 0 10 0 0 2 0 5 4 5 5 2 2 0 0 2 0 2 0 0 3 3 2 2 5 5 2 2 1 0 0 5 5 2 0 5 2 3 5 0 2 2 4 3 2 4 1 5 0 10 5 10 5 10 2 0 0 0 6 0 0 10 4 0 0 2 0 0 5 5 0 4 2 2 0 5 3 0 3 5 0 10 4 0 0 0 5 10 1 5 5 5 5 0 5 3 0 6 5 4 1 5 10 0 5 2 10 2 5 5 0 10 4 5 2 0 0 0 10 5 0 0 5 10 2 1 5 4 5 2 0 5 10 5 5 0 2 1 0 0 5
2 1 2 5 5 2 10 3 6 5 1 5 2 10 0 5 10 2 5 0 0 2 1 2 2 10 5 5 2 0 4 1 0 5 0 5 10 2 5 2 0 0 4 0 2 10 2 5 0 0 0 3 0 0 0 3 2 0 0 6 2 4 0 5 0 1 0 0 0 2 10 1 2 0 10 0 0 2 5 0 2 2 0 2 0 10 1 0 0 2 5 2 10 0 5 1 3 2 2 1 5 10 1 0 2 2 1 5 0 0 1 3 0 0 1 5 2 2 5 2 4 5 4 3 1 10 1 1 1 1 0 10 1 1 0 1 5 5 2 0 5 1 0 1 0 1 10 0 2 2
2 0 2 0 5 0 1 2 1 0 3 0 0 5 0 2 0 5 0 2 0 2 0 0 2 5 4 2 2 0 2 2 0 5 0 2 0 4 5 1 0 5 0 6 0 5 5 1 2 1 10 0 5 0 1 0 10 2 2 5 5 5 0 1 2 6 3 5 10 0 5 5 10 1 0 5 2 0 0 2 2 0 2 0 5 5 1 2 10 5 2 0 1 4 5 2 2 0 10 4 6 5 5 5 10 0 0 2 3 0 0 5 0 1 5 10 5 0 0 2 1 10 2 3 10 10 1 0 10 3 5 0 10 2 5 10 0 2 5 0 0 5 0 0 6 5 5 1 2 0
10 0 0 5 2 3 5 2 5 5 2 0 2 1 5 4 2 2 0 0 0 2 1 0 0 0 5 0 1 5 0 2 2 0 0 0 5 0 1 2 0 5 2 1 0 1 2 2 0 4 4 1 5 2 0 3 0 0 5 3 0 0 1 6 0 5 1 0 1 0 0 5 10 0 5 5 5 0 0 2 1 5 1 0 2 1 5 0 0 4 1 5 5 0 2 2 0 10 5 1 0 5 0 5 10 5 2 4 1 4 5 4 0 10 10 10 1 2 0 0 5 1 2 5 6 2 2 2 5 0 5 0 0 3 0 0 2 5 5 2 10 2 10 2 4 1 10 2 2 1
10 2 2 2 3 2 1 1 5 4 1 10 10 10 2 0 5 10 2 1 2 4 0 10 1 3 0 2 2 3 0 0 0 1 5 5 5 2 2 0 6 2 5 5 5 2 0 2 0 1 5 2 0 2 10 0 2 0 0 0 1 1 10 2 5 0 5 0 5 5 0 5 5 0 1 0 0 2 2 0 2 0 0 0 10 3 5 5 2 5 0 0 2 1 2 0 0 5 6 5 0 5 5 0 10 5 1 5 2 0 4 5 4 0 5 5 5 1 1 2 0 2 1 1 0 5 5 2 1 0 2 2 0 1 2 6 10 5 2 3 2 5 0 5 1 0 2 5 0 5
6 0 0 2 2 5 1 0 2 1 2 2 5 2 5 4 2 10 0 1 5 3 0 3 1 10 0 5 5 5 4 3 3 2 5 4 1 2 6 1 3 2 2 3 5 2 2 0 0 0 0 5 0 4 0 0 0 0 5 5 0 2 5 0 0 1 4 1 2 0 2 0 0 5 2 4 2 2 1 2 0 0 1 1 5 0 2 0 1 2 5 5 0 0 1 0 3 5 0 2 1 1 0 0 1 5 0 1 5 0 0 1 2 2 10 0 1 0 5 0 1 0 2 10 6 0 2 1 3 5 6 0 6 4 1 2 0 5 5 0 0 5 0 0 5 2 5 2 0 0
2 0 2 4 10 4 0 5 0 2 4 2 0 0 5 0 5 1 0 0 1 0 1 5 0 0 0 0 4 0 5 5 0 5 1 5 3 1 2 0 2 0 2 0 2 5 0 0 1 0 1 2 2 0 10 0 5 10 1 2 0 4 4 10 1 0 10 1 5 2 6 4 1 3 5 2 2 0 5 0 0 0 1 2 0 2 0 0 2 3 1 10 5 0 2 3 0 2 0 0 2 2 6 1 5 1 5 5 5 1 5 4 2 5 0 5 5 6 3 4 2 5 0 1 2 1 1 0 4 5 5 0 0 5 0 5 0 0 1 0 2 5 10 0 0 1 0 5 5 1
3 5 0 3 3 2 0 1 5 10 0 0 0 2 0 5 5 5 2 0 0 2 2 5 0 1 0 10 1 0 0 0 0 0 5 5 1 5 10 0 10 2 10 2 5 0 1 5 0 0 0 5 2 1 5 10 5 5 3 0 0 3 5 4 5 0 1 4 0 4 0 5 5 10 0 2 0 2 1 0 1 1 0 10 1 5 0 2 5 2 2 2 5 3 1 0 0 3 6 1 0 0 4 10 10 6 3 5 1 10 5 10 1 1 10 0 5 0 0 2 2 3 1 5 2 2 2 0 3 5 5 1 6 2 4 0 0 0 2 0 5 1 0 0 0 6 5 1 5 0
2 5 5 0 3 10 0 0 5 0 2 3 0 2 0 0 5 10 1 5 0 0 4 2 10 0 4 2 0 5 5 1 0 5 5 4 6 2 10 2 5 0 2 4 0 2 2 2 0 0 3 5 2 1 2 0 0 2 10 2 0 5 5 1 5 2 5 0 10 1 10 2 2 1 0 0 2 0 0 0 1 2 10 0 5 1 5 0 5 0 0 5 2 1 2 0 2 0 2 2 3 0 5 0 5 1 4 0 0 4 0 5 0 10 0 0 0 5 2 0 5 6 2 10 2 10 2 5 1 0 2 10 5 2 0 2 2 5 10 0 0 5 10 0 1 1 4 1 10 2
0 5 1 1 5 0 2 5 2 0 5 2 1 0 0 2 5 5 5 1 2 2 0 2 1 3 1 0 5 5 5 3 1 2 0 2 5 2 1 0 5 2 4 5 0 0 5 0 5 5 2 10 10 4 0 0 0 1 3 5 0 2 3 0 5 5 3 4 1 2 10 0 5 5 1 5 0 5 2 10 5 0 1 5 0 2 10 0 5 0 10 10 0 6 2 2 2 5 2 1 1 5 2 5 3 5 4 0 2 0 3 2 2 1 2 10 2 1 0 0 0 0 5 1 0 0 2 2 3 1 5 10 2 0 0 1 10 2 0 0 4 2 5 0 1 5 3 0 10 2
3 0 2 0 1 5 5 4 2 0 5 5 10 4 2 10 5 2 0 5 1 0 2 0 0 5 0 10 10 0 0 0 1 2 0 1 0 5 5 2 0 5 1 5 0 2 5 1 5 5 2 5 0 0 0 5 0 10 6 0 5 5 1 0 10 0 0 1 4 1 5 5 0 0 2 3 10 5 1 3 0 2 5 1 2 0 0 5 3 5 0 5 4 5 0 0 0 2 0 5 5 5 1 0 0 5 4 10 10 0 10 2 0 10 1 0 5 0 2 2 1 1 5 2 1 5 10 2 0 0 4 1 5 5 1 0 10 5 0 5 10 0 5 5 2 2 1 10 0 0
1 5 5 5 0 0 0 6 2 2 0 0 2 5 4 0 2 0 0 4 4 6 5 10 5 1 0 4 0 5 2 5 5 1 3 1 0 2 5 0 2 2 10 5 5 1 5 4 0 10 2 4 5 2 0 0 2 2 0 0 5 1 4 5 5 0 2 1 2 2 0 1 2 5 1 0 1 1 5 5 2 0 0 5 10 0 0 0 5 1 5 0 0 10 10 0 3 5 0 0 0 2 0 0 1 0 6 3 3 0 10 1 5 10 0 5 0 1 0 2 0 0 5 5 5 5 0 3 5 0 5 5 5 1 5 5 1 10 0 0 1 5 3 2 10 0 1 4 1 0
0 5 0 0 5 4 0 0 1 0 3 2 1 1 1 1 2 10 1 1 10 5 10 3 2 0 0 0 0 0 0 5 5 6 10 3 5 3 4 0 2 5 0 10 5 1 0 0 5 2 0 1 1 0 2 0 5 2 0 4 0 5 5 5 5 6 1 0 5 2 5 5 2 1 0 3 0 2 0 5 0 0 2 0 0 5 0 0 2 5 1 2 1 0 4 2 2 0 5 5 1 0 0 5 5 1 5 2 10 3 0 0 1 5 0 0 3 0 0 0 5 1 2 5 5 0 1 5 0 10 0 1 3 2 3 0 2 0 0 5 1 2 0 5 1 0 0 4 3 0
0 0 2 2 5 0 0 1 2 0 5 1 1 2 5 0 0 1 4 2 0 0 0 1 5 1 0 0 2 1 3 5 5 5 1 0 0 1 0 1 10 2 5 5 0 0 5 2 10 10 0 5 0 0 5 5 1 2 2 1 5 0 3 2 2 5 1 0 1 10 5 5 2 1 0 5 0 10 0 2 1 2 5 5 5 3 5 2 0 1 2 1 5 3 10 0 5 5 10 1 3 10 5 3 0 5 10 0 5 2 10 0 3 0 2 2 5 10 5 2 5 0 0 3 1 5 5 0 2 3 1 1 1 5 1 2 2 2 10 5 0 0 0 4 5 4 10 0 2 4
1 1 2 5 2 0 5 2 2 2 0 2 5 10 5 0 0 0 10 10 0 0 1 0 5 3 0 5 3 5 5 2 5 4 2 5 10 5 5 0 0 0 10 1 0 2 5 5 2 6 4 0 0 5 10 2 0 0 2 2 0 1 0 5 0 10 1 2 5 1 5 1 0 1 0 0 2 5 4 5 2 3 2 0 0 5 1 5 1 0 1 1 0 10 0 2 1 5 2 10 10 1 2 0 0 0 0 1 0 2 2 10 0 4 5 0 5 5 0 2 2 1 2 0 1 0 2 4 0 0 0 0 0 0 0 4 0 2 2 0 0 10 6 1 2 0 10 0 1 0
10 5 1 5 2 1 1 1 0 5 0 1 2 0 0 5 0 0 1 10 2 2 5 0 0 5 0 0 3 10 5 10 2 0 0 5 5 10 10 2 5 1 1 0 2 1 5 5 5 5 0 1 5 0 0 0 2 3 0 5 3 0 0 4 10 2 5 2 2 1 5 2 10 2 0 10 5 2 1 0 5 1 2 0 10 0 5 1 2 1 0 10 2 2 0 0 1 0 5 0 0 0 2 2 2 2 5 0 0 0 0 4 0 0 0 0 5 2 10 0 0 0 0 0 0 5 2 10 0 3 2 0 2 2 0 10 0 0 2 3 5 5 3 5 2 0 0 1 4 10
10 10 4 5 0 2 0 1 5 4 5 10 0 5 2 2 5 10 5 2 0 0 5 2 2 2 2 6 2 0 10 0 10 5 5 1 2 0 5 0 10 0 1 0 5 1 0 2 10 0 0 2 10 1 5 0 5 1 10 0 5 5 0 5 0 0 10 10 2 10 5 5 0 1 3 4 2 0 5 0 5 10 2 5 10 5 0 2 1 1 10 0 3 3 10 10 0 0 2 2 5 2 1 0 10 1 5 1 0 5 5 5 0 0 3 0 2 4 5 5 0 5 0 0 0 0 0 0 3 1 0 2 0 5 1 0 5 0 5 5 2 5 2 2 2 0 0 1 5 2
5 10 5 2 1 4 5 2 0 0 1 2 2 5 10 10 0 2 5 5 5 10 5 0 1 0 5 0 4 2 5 10 6 2 0 2 5 3 0 0 3 0 10 0 0 0 0 0 1 3 2 4 2 0 2 1 1 6 1 0 5 10 5 3 10 10 2 5 2 5 3 10 2 1 1 0 10 1 5 2 0 5 5 2 0 4 0 1 5 0 2 3 0 4 5 5 0 5 0 10 5 5 4 0 10 4 5 0 0 0 5 2 0 2 0 0 5 6 5 0 10 10 2 2 0 2 4 2 2 4 1 0 0 2 1 0 0 2 3 10 4 0 2 2 0 4 2 3 1 3
2 2 2 10 0 1 0 0 1 0 5 1 0 5 0 0 5 0 4 5 2 1 0 0 4 10 1 1 5 1 2 10 2 2 5 2 3 2 5 5 10 10 2 1 5 5 5 10 0 4 2 10 0 5 1 5 5 6 0 0 5 0 5 1 5 1 10 3 1 0 3 2 2 5 5 0 0 4 0 1 0 0 3 1 6 5 10 0 3 10 2 3 4 0 0 1 1 5 1 0 0 5 10 0 1 5 10 5 10 0 5 10 2 5 1 4 2 3 0 6 0 2 0 10 2 10 2 2 1 5 1 5 0 5 5 5 10 0 0 0 1 2 2 1 6 3 5 1 10 0
2 1 3 0 5 1 0 0 5 2 2 0 4 0 0 0 2 4 5 2 10 0 5 0 5 0 6 2 5 2 5 0 2 0 5 0 2 0 1 1 2 0 5 0 2 0 1 4 2 0 0 5 0 0 0 0 0 1 0 0 4 2 5 0 10 2 5 5 5 5 0 5 4 0 10 0 5 5 2 2 1 2 1 2 2 0 10 4 10 0 0 10 5 0 0 10 4 2 2 1 3 0 0 10 0 5 1 5 0 5 1 5 2 6 0 2 2 5 5 2 5 2 2 2 10 1 2 0 0 2 5 10 0 5 5 2 0 6 10 0 2 5 10 10 1 6 0 0 1 0
5 2 6 10 0 5 10 5 2 0 1 10 0 2 1 2 10 0 5 2 1 10 0 0 0 2 4 5 2 2 10 1 5 2 2 0 5 10 2 0 0 1 5 0 2 10 0 2 2 2 5 0 2 0 5 5 0 2 5 2 2 1 10 10 0 5 0 0 3 10 2 0 0 0 0 5 1 2 2 0 0 3 0 0 2 0 0 2 0 2 0 10 5 1 10 0 10 4 2 10 10 5 0 0 1 2 4 5 4 1 5 0 0 1 2 2 6 0 5 3 1 0 5 10 0 10 1 4 5 1 10 1 0 0 0 3 2 1 1 2 2 5 2 5 5 0 0 1 1 0
0 2 2 1 4 1 0 0 5 5 1 0 0 2 5 5 5 5 2 5 5 0 1 0 1 6 5 1 0 4 1 10 1 5 5 0 1 2 1 5 10 0 0 1 2 10 2 6 2 2 4 2 5 5 2 1 3 0 1 0 3 0 1 1 2 2 2 2 2 2 2 2 5 3 6 10 3 2 0 0 3 0 0 2 2 0 3 2 5 1 1 0 0 1 4 10 0 2 3 1 2 0 1 0 0 5 2 5 2 0 2 5 0 0 0 0 5 0 2 1 5 2 0 0 0 0 0 1 4 0 5 10 5 5 2 0 2 2 5 2 5 5 2 2 5 2 0 1 5 5
10 4 0 5 2 0 0 5 2 0 6 2 5 2 1 0 5 2 2 1 2 1 0 5 5 10 10 4 10 2 0 1 10 4 0 1 5 2 10 5 0 1 2 1 0 2 0 0 5 5 0 5 2 2 0 5 5 2 5 3 5 5 3 2 0 0 2 0 6 4 0 5 1 0 5 1 2 0 10 5 5 2 3 0 5 2 5 0 5 5 0 0 5 5 2 4 2 0 5 5 1 5 1 2 5 5 0 4 5 1 2 10 0 1 3 1 1 0 1 0 5 0 0 10 5 10 0 2 0 5 10 5 0 2 0 5 5 0 0 1 5 5 0 2 1 1 2 2 0 10
5 2 2 10 0 0 10 2 10 2 2 4 1 10 0 0 0 5 0 2 5 0 10 2 5 5 5 5 1 4 2 5 0 0 4 5 0 2 0 3 0 4 4 0 0 5 0 0 2 0 5 2 0 1 2 3 0 0 0 10 1 0 1 5 0 2 2 5 2 0 5 2 5 5 4 5 2 10 5 6 0 0 6 2 2 0 0 5 10 2 5 2 0 1 2 2 3 5 0 5 2 5 10 5 1 1 10 2 0 0 2 5 2 5 5 1 0 0 2 0 0 10 1 0 2 0 0 10 4 0 5 2 0 4 0 5 6 1 2 3 10 6 1 5 0 6 2 1 1 5
0 5 2 5 5 0 1 10 5 3 2 0 10 1 3 0 2 0 5 0 0 0 2 2 0 0 5 5 2 1 1 0 0 2 0 10 0 4 5 1 2 1 5 5 0 4 5 5 0 1 10 0 5 5 2 0 5 0 3 5 4 2 1 10 0 0 0 5 4 0 1 6 2 0 5 5 1 4 1 5 2 0 1 2 1 5 0 5 1 10 0 2 10 0 1 10 1 5 5 0 0 5 0 0 5 0 2 1 0 10 5 0 0 2 2 5 1 0 4 2 5 5 6 0 5 6 0 2 0 1 2 5 10 5 2 0 2 2 1 0 0 2 3 1 5 0 10 0 1 2
6 1 5 5 5 2 1 5 0 10 10 10 2 2 0 3 5 0 0 6 2 6 0 2 5 6 0 10 3 0 0 2 0 10 2 2 0 4 2 3 0 1 2 3 1 0 5 4 1 10 0 1 1 0 5 10 3 2 5 6 5 0 2 5 5 1 5 0 2 1 5 5 0 2 4 5 5 6 0 0 1 2 0 3 1 5 0 1 3 10 0 5 5 0 3 10 2 1 2 0 0 0 0 2 1 2 6 5 4 0 1 2 2 5 1 2 4 3 2 10 5 3 5 0 0 0 1 2 0 1 0 5 0 2 4 5 2 2 5 2 0 4 5 4 3 0 2 2 0 2
2 0 5 4 1 1 5 1 2 0 1 0 5 1 0 2 0 5 10 2 0 0 1 0 0 1 0 5 0 6 10 2 0 2 5 1 0 1 1 2 10 0 2 2 1 2 10 1 2 0 0 2 5 5 0 0 10 2 5 0 1 1 5 2 4 10 0 0 2 5 10 1 10 5 1 5 10 5 5 5 1 2 0 0 5 5 2 0 10 1 0 2 5 5 0 5 0 5 5 5 0 0 0 2 2 5 5 0 4 1 0 0 0 0 10 3 2 10 4 2 10 3 5 1 3 5 2 2 0 2 2 1 2 1 10 0 2 2 10 10 1 0 2 0 2 5 4 5 0 10
0 0 0 10 2 4 1 1 5 6 1 0 5 3 0 2 2 5 2 2 10 5 0 0 2 2 1 2 6 2 0 1 2 10 6 5 10 0 5 5 0 5 5 2 0 0 0 3 5 0 2 2 5 1 2 6 5 0 5 5 5 0 2 1 5 0 0 0 0 2 2 0 5 0 6 0 1 5 0 5 0 6 4 5 2 1 0 0 5 2 2 1 4 10 0 0 1 1 10 0 0 0 0 0 2 0 3 1 2 1 4 5 10 0 5 10 3 2 4 0 0 0 5 3 0 2 2 5 1 0 4 10 6 0 2 3 2 0 2 2 5 5 6 0 0 0 2 2 6 5
0 0 2 2 0 0 0 0 1 1 0 0 5 2 5 5 0 3 0 0 2 0 5 10 0 0 1 2 4 0 4 2 10 1 1 10 5 2 0 1 10 2 2 5 0 1 1 2 5 2 0 2 10 0 5 3 5 0 0 0 0 1 5 3 0 5 5 0 5 2 2 0 1 5 1 5 0 5 5 0 0 1 10 0 5 0 0 5 3 0 2 0 0 0 10 0 0 2 5 0 2 2 0 0 5 5 3 5 3 4 3 1 0 0 0 2 0 0 10 5 1 0 5 2 2 1 2 0 2 0 0 0 1 6 0 2 5 5 2 0 0 0 4 3 0 5 2 2 4 10
0 0 0 0 0 0 5 1 5 0 1 1 0 10 0 0 2 5 1 2 1 4 5 0 0 2 2 2 0 0 0 0 0 0 0 2 0 5 5 0 0 1 5 5 2 0 4 0 0 4 5 2 2 10 2 5 5 2 0 0 0 0 1 5 0 2 5 1 0 0 5 5 2 5 4 3 2 10 10 10 1 5 10 5 3 0 1 5 0 0 2 10 10 1 0 1 0 5 1 5 1 2 2 5 0 1 5 0 0 10 5 0 2 5 1 6 5 2 0 5 1 2 5 0 5 0 0 3 0 10 4 5 1 1 5 10 2 0 2 0 6 10 0 2 0 0 0 2 0 5
0 0 10 0 5 10 0 0 1 1 0 2 4 5 2 4 0 3 0 0 0 0 0 0 5 2 0 2 1 4 5 0 2 5 2 0 1 3 1 2 0 0 5 2 5 0 0 0 5 5 2 10 1 2 0 2 2 1 5 5 1 5 0 2 0 2 5 0 1 0 0 5 10 3 0 0 2 0 5 5 5 1 6 1 5 5 0 1 5 0 2 1 4 5 5 2 5 5 1 0 2 5 0 5 1 0 2 2 10 5 0 0 2 3 5 0 0 0 2 0 0 0 1 5 5 2 3 2 2 5 0 10 1 5 0 10 10 5 0 0 5 0 0 5 2 10 0 0 0 0
0 5 10 5 0 1 0 1 0 5 0 5 0 2 2 0 2 5 0 1 0 5 1 0 4 0 1 6 0 5 0 1 5 5 4 2 3 2 1 6 4 10 0 0 0 0 2 5 10 0 0 0 10 0 1 3 5 0 1 0 10 0 0 4 0 3 4 5 0 2 5 2 0 1 0 6 1 0 2 1 0 5 3 4 4 4 6 5 10 0 5 5 5 10 1 4 2 0 10 2 6 5 3 3 5 2 0 2 0 2 0 0 0 0 0 10 0 5 5 1 0 1 0 2 0 2 5 0 0 0 5 0 2 0 2 5 6 2 1 3 5 1 2 0 5 2 2 1 5 10
2 5 2 0 0 6 0 2 1 0 1 5 5 2 0 0 10 10 5 2 0 0 10 5 2 0 0 5 2 5 5 10 2 0 1 0 5 0 5 3 5 1 5 3 10 0 2 2 1 4 2 5 1 10 1 0 4 0 2 2 1 5 5 5 2 0 0 0 5 0 2 0 0 4 0 5 5 2 4 5 1 5 5 0 0 10 3 2 0 1 0 1 0 5 5 5 5 4 2 1 5 0 1 5 0 2 2 0 5 5 0 5 0 0 5 1 4 10 0 2 5 1 3 2 5 6 5 10 5 2 2 1 0 4 1 2 2 2 2 1 5 5 2 6 0 0 2 10 5 3
0 0 2 10 5 0 0 5 1 0 0 1 0 0 0 5 0 0 1 5 2 4 2 0 1 0 1 0 0 2 3 2 5 5 0 5 2 0 0 5 0 2 1 10 10 6 0 10 4 2 0 3 5 1 1 2 5 5 5 0 0 1 0 5 0 4 4 0 0 2 5 1 0 0 1 4 0 3 1 2 5 5 1 0 2 10 3 10 5 0 0 0 0 10 0 4 2 5 0 0 4 4 2 3 0 10 0 5 0 2 2 1 5 5 0 6 0 0 5 5 0 5 0 2 1 1 3 10 2 0 2 3 1 1 10 1 5 10 2 4 10 0 10 5 4 0 1 2 2 4
2 5 5 2 0 10 0 0 4 2 1 5 10 0 5 4 2 2 5 0 1 0 0 0 5 1 4 10 0 2 5 10 0 2 5 4 3 1 10 5 4 3 5 6 1 5 5 10 0 2 5 0 4 0 0 0 10 0 0 2 2 10 5 0 4 5 2 0 3 0 0 2 5 5 0 1 0 0 4 0 0 1 10 4 0 0 0 3 2 2 0 5 0 0 5 1 0 1 0 10 0 1 1 4 10 5 2 5 2 0 6 0 0 4 3 0 2 2 5 2 4 5 2 2 1 4 0 1 1 10 5 1 5 3 0 3 5 10 0 5 0 2 2 0 5 2 10 5 0 0
0 2 2 4 5 0 5 5 10 1 4 0 10 1 0 3 5 0 5 5 0 4 1 1 0 0 0 0 1 5 0 2 0 5 5 5 0 5 1 5 10 1 0 2 10 5 2 5 2 3 10 4 3 4 10 3 5 5 2 1 5 10 10 2 5 1 4 5 5 0 1 0 1 3 0 5 1 0 5 4 0 5 5 0 3 10 10 0 10 2 0 5 5 5 1 5 2 2 2 5 1 0 4 3 5 0 0 0 2 6 0 0 2 5 2 2 0 0 0 1 0 2 2 2 0 0 0 5 2 5 5 1 0 1 0 0 0 0 0 1 10 5 0 5 5 2 0 2 0 2
2 1 0 6 3 5 0 10 5 2 5 5 2 0 5 0 0 5 0 2 2 1 3 0 1 2 0 0 0 10 2 0 10 0 5 4 10 0 0 0 5 10 1 2 0 2 0 2 0 2 0 0 0 0 5 10 0 0 1 0 1 0 2 1 1 2 1 5 0 2 1 5 1 1 5 10 3 5 4 5 1 4 10 5 2 2 1 0 0 10 4 5 2 10 5 0 5 10 5 0 2 0 5 1 0 0 0 5 1 0 0 0 1 0 4 2 0 0 0 2 2 2 2 1 0 0 0 10 4 5 3 3 0 5 5 5 0 6 5 5 5 0 0 2 0 0 10 3 3 5
2 0 2 6 3 10 4 0 1 5 1 1 0 0 0 0 6 0 5 0 0 5 5 2 0 5 0 0 0 5 1 4 0 5 2 0 4 2 4 0 1 0 5 0 0 10 6 2 10 1 0 0 0 0 6 1 5 1 0 5 1 2 6 5 2 3 0 1 5 5 0 0 10 5 4 0 0 0 0 4 2 2 1 0 2 0 5 1 3 0 0 0 0 2 2 0 0 0 2 0 2 0 10 0 2 2 0 0 5 0 2 1 0 5 6 5 5 0 0 0 0 2 0 2 5 0 2 3 0 10 0 0 0 0 3 3 5 1 5 2 5 2 0 5 2 10 5 0 5 1
5 1 5 1 1 2 6 0 4 0 1 0 5 0 10 1 1 0 0 0 0 1 10 2 4 0 5 0 2 1 0 0 5 4 5 1 0 0 5 0 1 5 1 5 5 1 2 5 5 5 2 0 5 5 5 0 4 2 5 5 1 2 5 2 5 6 2 5 1 0 2 5 0 2 2 5 0 1 10 0 2 5 1 10 1 10 10 5 0 4 0 0 2 5 6 1 0 1 5 2 5 0 0 0 5 3 0 0 5 4 5 0 5 0 2 5 10 5 0 3 3 6 5 0 3 0 2 2 0 5 0 2 0 5 4 0 2 0 0 10 5 0 5 0 1 6 0 4 2 2
1 0 4 3 2 2 3 5 0 1 5 1 1 2 2 5 1 10 5 0 10 2 10 5 0 0 5 1 2 10 2 5 3 5 1 0 10 0 4 5 2 5 2 5 0 0 5 0 5 0 5 10 0 0 5 2 2 4 10 5 6 0 5 5 5 0 0 0 4 4 2 0 10 5 5 2 1 5 10 5 10 0 10 0 2 1 0 0 2 5 0 3 0 1 0 2 0 3 5 2 1 10 5 0 1 5 0 5 0 3 2 4 6 2 0 1 10 2 0 5 5 0 5 2 0 3 0 5 10 10 5 5 5 0 1 10 1 4 5 2 3 0 5 5 5 2 2 1 5 0
0 0 2 2 0 0 1 0 1 0 5 0 2 0 2 0 2 2 0 0 5 0 2 2 10 10 10 10 0 0 6 1 5 2 0 6 0 2 0 2 0 5 5 10 2 1 0 0 5 10 0 2 3 2 0 4 5 1 0 2 0 6 5 2 0 10 10 10 4 0 2 2 2 1 0 10 5 10 10 5 0 5 0 0 10 0 5 0 2 0 0 0 0 4 2 2 0 1 1 5 2 3 10 2 6 0 10 1 6 0 2 2 5 5 1 0 1 0 2 10 1 10 1 10 5 10 0 1 0 5 5 5 2 5 1 10 2 0 5 10 0 0 0 6 5 5 2 3 10 2
10 4 5 5 0 2 5 2 0 0 0 0 1 2 0 2 0 5 1 2 4 0 6 10 10 0 3 0 1 6 2 2 3 0 0 10 2 10 0 5 0 1 10 0 0 2 5 1 10 0 1 10 5 5 2 4 2 3 0 10 5 0 1 0 5 5 0 5 4 0 2 5 0 0 10 2 2 5 1 5 1 5 5 0 2 5 0 3 5 5 5 2 5 2 2 6 5 1 0 1 4 2 3 0 5 0 0 4 0 2 0 0 5 10 10 1 0 0 0 0 1 0 10 2 5 5 5 0 4 5 10 2 3 5 0 1 4 0 5 3 0 1 4 0 0 5 1 0 0 0
2 1 0 0 0 0 5 0 5 2 1 0 5 5 0 0 5 0 5 3 1 2 5 2 0 2 0 2 2 2 3 5 0 0 3 5 0 0 0 5 0 3 5 5 2 1 5 0 5 0 1 0 5 0 0 0 0 5 0 5 5 5 3 4 0 0 2 5 0 1 1 10 2 3 2 5 2 0 2 1 0 6 0 5 1 0 1 0 10 5 2 4 6 3 5 0 0 0 0 0 3 10 2 0 2 0 5 10 0 2 0 0 0 5 2 0 0 0 0 2 0 0 0 0 1 2 0 0 0 5 2 4 4 5 0 10 3 5 0 5 6 0 4 1 0 0 5 2 3 0
0 5 10 3 2 5 2 5 4 0 0 0 2 0 0 5 5 0 4 0 2 0 0 3 0 10 0 2 0 5 2 6 10 0 0 0 0 1 0 5 0 1 2 2 0 4 5 3 5 5 0 3 10 5 5 2 0 1 5 5 2 0 10 2 6 5 0 1 5 0 1 0 2 2 5 5 5 0 0 1 5 3 0 2 0 2 0 0 5 0 10 5 5 0 5 5 2 1 2 4 2 4 4 10 0 2 5 0 5 5 0 0 0 0 0 2 0 0 0 0 5 5 0 10 0 1 1 0 0 0 0 0 5 2 0 4 4 0 0 2 2 0 5 5 2 1 2 2 5 3
0 4 0 2 3 2 2 0 1 6 1 5 5 10 0 2 5 5 0 2 5 5 2 2 0 2 2 2 1 5 0 10 5 5 1 0 0 0 10 0 5 2 5 0 1 2 5 2 5 0 2 0 5 5 1 10 0 10 10 4 5 1 2 5 1 1 5 0 3 0 5 1 0 1 5 0 2 2 0 2 0 4 2 0 0 2 2 0 2 2 0 5 0 6 2 3 1 0 0 2 10 2 0 5 5 0 1 2 5 2 1 2 0 3 5 10 0 2 0 0 0 0 1 10 5 0 0 2 1 0 5 1 1 0 0 5 1 5 2 0 5 4 5 5 0 1 0 5 1 0
2 3 5 5 3 0 2 0 0 0 5 5 5 0 2 4 1 6 0 5 5 2 2 6 1 0 10 0 0 1 5 5 5 2 4 3 4 6 5 2 2 4 0 0 5 5 4 5 4 2 5 5 0 2 5 2 1 3 2 2 0 5 0 2 2 0 5 1 0 0 10 2 1 2 0 10 4 1 5 0 1 2 2 5 0 1 0 5 5 2 0 0 10 0 5 1 5 5 0 5 5 10 0 1 1 0 0 5 0 4 0 2 0 3 5 1 1 0 5 0 0 2 4 0 10 1 5 0 2 10 1 2 5 5 2 3 0 0 2 1 3 1 0 10 0 5 1 6 1 0
0 1 5 4 0 2 0 0 0 5 0 1 2 0 3 5 0 0 0 5 5 0 10 5 5 0 3 1 4 5 0 0 5 2 5 5 4 1 4 2 1 5 2 2 5 10 0 6 2 5 0 2 0 3 0 1 0 5 0 0 2 1 1 0 6 1 0 0 0 1 5 1 1 2 10 4 5 10 1 2 0 5 3 6 0 1 0 1 0 1 0 5 10 2 2 0 2 0 10 5 3 3 0 0 2 0 1 1 5 5 2 2 2 6 0 10 0 0 5 0 2 0 5 1 0 10 0 5 0 5 0 2 0 10 10 2 5 1 0 2 0 0 3 2 1 2 10 4 2 10
0 3 5 0 0 0 1 10 0 2 1 2 1 4 5 2 2 3 10 1 2 0 5 2 5 5 0 0 1 0 5 2 0 0 5 5 2 5 1 5 2 0 1 5 0 0 2 5 0 5 5 1 5 5 10 0 2 0 5 2 5 10 5 5 1 5 0 0 10 0 0 2 2 4 10 5 4 2 2 1 2 0 1 2 5 5 5 2 0 2 0 0 2 0 2 5 0 0 1 6 5 5 5 5 5 1 0 3 0 2 2 2 0 5 5 1 10 0 0 1 4 5 0 4 0 0 5 10 2 0 5 5 10 4 0 0 0 1 3 1 5 2 5 0 1 0 1 10 5 0
0 5 2 0 2 0 5 1 1 5 0 0 4 0 2 5 10 2 0 2 5 0 2 5 0 5 2 2 2 0 2 0 5 5 5 0 4 2 0 2 2 5 0 0 2 5 3 2 1 5 6 0 5 1 2 0 1 0 2 5 1 1 2 1 5 5 5 0 0 6 2 5 1 1 0 2 3 3 5 1 10 1 5 10 1 2 5 5 3 0 0 0 2 10 2 10 0 10 0 0 0 1 3 2 0 5 2 2 2 2 2 1 2 0 2 10 2 0 10 10 0 1 4 0 10 5 6 2 0 5 1 0 1 1 1 0 1 1 0 2 1 10 6 0 0 0 0 0 0 0
5 1 0 2 0 0 2 0 5 0 0 1 4 2 1 2 5 0 0 5 0 2 10 6 5 2 1 5 0 5 5 5 4 5 0 2 6 2 0 0 0 0 0 5 0 1 5 2 6 0 1 0 2 5 0 0 5 2 0 4 0 1 2 1 1 0 5 2 5 0 10 0 5 0 10 0 1 10 6 0 6 2 2 2 0 1 5 5 1 1 0 0 0 2 10 0 0 5 2 5 0 3 0 2 5 5 0 5 1 1 0 0 5 3 0 5 5 1 0 5 10 0 0 10 0 1 2 2 1 0 0 1 2 5 5 0 5 5 5 1 5 5 0 5 0 1 2 0 1 1
10 1 2 10 5 1 10 0 0 1 1 1 0 2 0 0 5 1 2 2 2 10 0 2 1 0 5 5 2 5 5 1 5 5 0 5 0 0 5 10 10 3 0 2 6 3 1 1 5 5 0 1 6 0 2 3 1 10 5 1 0 5 2 5 0 5 2 0 1 1 2 2 10 0 10 0 10 10 2 5 0 1 2 10 0 5 5 0 5 0 5 0 2 10 1 10 0 10 0 6 0 5 2 1 0 2 2 6 1 4 0 0 0 0 3 10 5 2 1 0 1 10 0 5 1 0 2 5 2 0 5 2 0 5 5 1 5 0 5 0 3 5 10 0 3 10 4 0 0 1
0 5 5 1 2 5 3 1 0 2 0 0 5 6 2 3 1 2 0 5 5 5 1 0 1 2 0 5 1 10 5 2 5 0 10 2 6 5 5 0 2 3 2 2 10 0 0 0 5 2 0 10 5 10 1 1 0 0 0 2 0 2 1 4 1 0 5 0 2 0 5 0 0 0 0 0 1 1 2 5 2 1 2 2 2 10 0 1 5 2 2 0 4 2 2 1 0 0 0 0 1 2 2 2 0 3 5 5 3 0 0 0 2 2 0 0 5 0 1 0 5 0 5 6 2 2 0 2 2 3 1 0 0 0 10 4 2 3 0 0 5 5 1 0 0 0 5 10 10 2
5 2 5 10 0 0 5 1 1 0 5 1 0 5 2 10 1 0 0 10 0 5 1 1 0 0 0 1 2 1 5 6 10 5 4 1 0 0 0 1 0 0 2 0 5 5 0 0 10 0 0 0 2 10 10 2 2 10 0 2 2 0 0 10 0 1 5 2 0 1 2 4 2 0 10 10 1 0 2 2 1 0 0 5 2 2 3 5 0 4 10 0 2 2 0 4 1 2 10 2 2 2 5 0 3 2 0 10 10 1 5 10 3 2 5 1 0 0 0 2 0 5 10 2 2 5 2 0 10 0 2 1 10 2 2 1 1 4 0 10 0 0 1 6 10 2 0 0 10 1
5 10 0 2 6 0 0 0 2 1 3 2 1 2 1 1 0 2 4 0 2 2 0 10 2 4 5 2 0 1 2 0 0 0 0 5 2 5 0 2 5 2 2 10 1 2 4 1 1 0 5 2 4 5 0 2 0 2 10 0 0 0 0 3 0 2 6 2 0 5 1 5 1 5 5 5 1 10 5 1 3 4 3 1 3 0 5 0 2 0 0 3 2 1 0 5 4 0 4 0 0 0 1 2 0 2 0 5 2 1 2 4 0 0 10 0 4 0 0 1 2 0 2 0 1 2 2 10 0 5 5 0 10 0 4 0 5 5 5 10 1 2 0 0 2 5 0 0 5 5
2 0 10 0 2 0 2 0 0 0 2 0 5 5 0 5 0 5 0 5 3 0 2 2 2 2 10 0 2 0 0 0 2 5 0 0 2 3 0 5 5 5 10 1 1 1 5 0 5 0 10 5 0 2 0 2 4 0 5 0 0 5 0 5 2 5 0 2 2 5 1 2 0 5 2 0 1 3 0 0 5 5 5 0 1 0 0 10 3 0 3 1 4 5 2 1 0 5 0 1 1 2 0 0 10 5 0 2 0 10 5 5 10 5 10 5 5 5 0 0 10 5 0 5 0 0 3 0 5 0 1 3 0 0 2 0 0 1 1 1 6 2 2 2 2 5 2 1 2 5
0 0 0 0 10 10 5 5 0 2 5 2 2 5 0 4 4 6 2 1 0 5 1 5 6 5 5 2 1 2 1 2 2 0 0 10 4 2 5 2 2 5 2 2 2 2 2 10 2 1 3 10 2 1 2 2 10 2 10 5 4 5 0 0 1 0 3 4 5 0 0 0 5 4 2 0 0 5 5 2 6 5 5 2 5 4 5 0 1 0 2 0 1 1 5 10 5 10 5 2 0 2 4 0 4 0 5 2 2 5 5 3 0 0 5 5 10 2 0 5 1 0 5 1 0 5 1 2 5 1 0 1 10 1 5 0 0 2 0 5 2 2 0 0 0 0 0 10 2 2
5 5 1 0 0 5 0 0 5 10 0 0 0 0 2 2 0 0 2 2 0 6 2 2 0 2 2 2 2 10 0 6 5 5 6 0 0 0 0 5 0 0 3 0 0 4 2 5 0 3 3 2 0 4 10 1 5 5 0 2 0 5 0 0 2 3 0 0 2 2 5 0 4 3 5 5 10 0 0 2 0 0 1 10 10 1 5 1 1 0 0 2 0 5 10 1 10 5 2 5 5 1 10 0 5 10 0 1 3 1 1 3 0 2 5 5 2 4 0 1 2 2 5 0 1 2 0 1 0 3 1 0 4 1 5 2 1 4 5 2 2 1 0 1 0 2 5 1 2 0
5 0 5 0 5 1 2 0 4 0 5 0 10 4 6 0 2 5 0 0 2 0 0 0 0 0 5 2 2 2 5 0 10 1 5 5 5 1 0 0 5 4 0 2 1 3 0 5 5 1 0 5 0 0 2 0 0 0 5 0 2 1 2 5 0 0 0 5 0 0 0 0 0 5 2 10 1 10 0 0 6 0 6 5 2 5 5 3 1 0 2 0 0 0 0 0 5 0 0 10 0 2 6 1 1 1 2 0 1 5 0 0 0 0 5 2 3 4 5 1 5 0 10 1 2 0 0 10 10 0 10 4 0 3 0 5 1 0 0 1 0 5 10 1 6 5 0 2 5 5
5 2 10 2 0 0 2 1 1 5 0 0 4 5 3 5 2 2 0 5 1 0 10 2 0 5 1 2 5 0 5 0 6 5 0 0 5 2 5 1 5 1 0 10 10 10 0 0 0 0 2 1 5 2 3 5 0 0 2 2 5 3 10 10 1 5 5 5 1 0 5 4 1 5 5 2 1 2 3 1 4 5 2 2 0 5 1 2 5 0 2 5 2 5 5 0 5 2 4 5 2 1 0 6 1 5 0 4 1 3 1 5 0 5 0 5 5 5 2 0 5 10 4 1 5 5 0 2 0 0 1 1 3 0 0 0 10 0 3 2 0 1 0 2 0 2 0 1 2 2
2 5 0 5 10 1 0 2 0 5 2 0 2 3 2 1 1 5 0 10 0 2 5 10 0 0 0 2 1 0 2 0 0 2 5 1 4 2 10 2 4 0 0 2 0 5 0 1 5 2 0 0 10 5 4 0 4 0 5 3 0 2 3 1 4 5 1 0 6 5 0 10 4 0 0 1 0 5 0 2 1 0 4 0 0 1 5 3 1 0 0 1 1 5 5 0 2 0 0 2 4 10 2 0 5 0 2 1 10 0 0 5 3 4 1 1 0 0 0 0 2 10 0 1 5 5 10 2 4 2 5 5 0 0 0 0 2 10 5 0 3 5 0 1 2 0 0 0 5 0
3 5 10 4 1 10 3 2 1 0 0 10 10 1 1 5 5 2 0 5 5 2 1 0 2 0 2 2 0 10 5 0 1 2 5 0 4 3 2 0 0 2 4 0 5 0 0 0 2 5 1 0 2 0 5 5 0 5 0 2 10 2 0 1 1 0 0 0 0 0 2 0 2 0 1 5 1 10 0 6 2 5 0 2 1 0 5 0 2 4 10 0 0 5 2 3 0 5 5 0 5 0 3 2 10 10 5 2 1 3 0 5 3 0 10 10 1 10 4 5 3 2 0 0 0 1 4 1 0 0 0 2 5 0 0 0 5 0 10 1 0 0 1 0 6 0 1 1 4 2
2 2 0 1 4 3 0 5 0 2 5 0 5 0 0 2 0 6 0 3 5 10 0 3 5 2 0 5 10 4 1 2 5 10 3 1 2 1 4 2 0 2 2 3 1 1 10 0 5 5 1 0 5 1 1 0 0 5 1 1 0 0 5 1 0 0 5 2 0 5 2 3 5 2 0 4 5 0 2 10 0 0 0 2 10 10 1 2 2 0 0 5 0 10 0 2 2 5 6 2 2 2 2 5 2 10 6 2 5 5 0 0 5 2 1 2 4 3 4 1 0 5 0 1 5 5 2 1 5 0 0 1 1 10 2 5 0 0 3 0 2 5 0 1 10 0 1 1 2 0
1 0 2 0 5 2 5 5 5 1 2 2 4 1 2 0 0 4 0 2 10 10 0 3 10 5 3 1 1 5 1 5 1 10 10 0 6 5 0 1 0 0 10 3 1 4 0 0 3 0 5 5 10 2 5 4 5 0 5 2 0 2 2 5 5 1 3 1 3 0 2 5 1 3 5 5 5 2 5 5 5 0 0 5 2 5 10 0 2 2 0 0 2 0 6 1 2 0 1 2 2 2 0 5 0 5 2 2 10 10 0 6 1 0 4 0 0 5 0 5 0 1 1 1 5 0 3 4 5 1 2 4 0 0 10 0 0 0 5 3 3 3 10 1 5 5 5 2 0 10
0 2 2 3 5 1 1 2 0 3 2 0 0 0 3 0 0 0 2 2 0 0 0 0 5 10 6 0 5 2 5 2 1 0 2 5 2 10 2 10 5 2 1 5 3 10 0 5 2 4 5 5 0 0 0 10 0 1 4 2 1 0 5 4 5 4 1 2 1 4 0 2 1 0 1 2 2 5 5 2 5 1 2 10 0 0 0 0 10 2 2 5 3 0 10 1 5 0 2 1 5 10 2 2 2 0 1 2 2 0 0 5 5 0 5 5 5 0 0 2 2 0 3 0 5 5 0 0 5 1 0 5 0 3 5 10 3 5 0 5 0 4 5 2 1 2 2 0 10 5
5 10 5 0 5 5 2 5 4 0 0 0 1 0 10 5 4 10 5 10 5 1 1 0 0 0 4 5 5 3 2 0 2 1 0 1 2 1 2 2 0 2 1 1 5 0 3 0 5 0 0 5 0 10 0 0 0 5 0 3 5 2 2 2 1 2 5 2 4 4 2 5 10 0 1 0 0 0 2 3 0 0 0 0 0 5 0 5 5 0 3 5 10 0 0 2 2 1 3 0 2 10 2 0 0 0 3 1 4 5 1 5 2 10 2 10 3 5 2 0 1 2 1 2 1 0 0 10 10 1 5 2 1 2 0 1 0 3 5 0 1 1 2 5 6 1 0 5 1 5
10 5 0 3 0 10 1 0 1 2 3 4 2 5 5 0 0 5 5 0 2 2 5 1 10 5 5 2 3 0 5 10 0 0 10 1 1 5 1 2 0 5 0 5 0 5 0 10 5 2 2 2 2 1 2 2 5 2 0 4 0 0 3 1 5 2 0 5 1 1 10 2 2 0 5 5 5 0 10 2 0 2 5 0 4 10 1 1 0 0 5 2 4 1 2 2 5 5 10 0 0 1 5 0 6 5 5 5 10 0 10 5 5 5 3 0 0 6 2 5 3 0 5 1 5 3 5 0 1 6 2 2 0 0 3 0 2 3 0 1 0 2 4 2 2 5 2 1 1 0
3 0 0 5 0 5 1 1 1 5 1 2 3 2 0 0 2 0 3 2 0 1 5 10 2 6 10 2 5 1 0 3 5 2 10 4 0 2 5 2 5 5 4 0 5 0 10 2 0 5 10 5 5 5 0 5 2 10 0 5 1 2 0 0 1 4 5 3 10 10 4 0 1 0 2 10 1 5 2 5 5 5 1 5 2 0 5 2 0 10 5 5 0 2 5 5 5 5 6 2 4 0 5 0 10 0 1 5 0 2 5 0 2 0 0 0 1 0 0 4 1 0 2 10 5 5 5 0 2 2 2 1 5 1 5 0 5 3 4 1 2 0 4 2 0 0 0 0 0 1
2 5 2 0 5 5 10 1 5 2 4 0 3 0 0 5 10 10 2 3 0 2 2 2 5 5 5 0 5 0 2 5 2 0 6 10 10 2 10 3 3 5 10 5 5 5 1 0 0 0 0 2 2 10 2 3 0 5 2 1 5 10 2 2 3 2 2 2 0 0 5 2 5 5 2 5 0 0 10 0 0 10 0 10 5 5 3 0 0 6 3 2 2 2 10 2 2 0 1 3 5 2 6 4 0 0 2 2 10 2 0 0 0 5 5 0 4 4 5 5 0 3 5 6 0 10 1 1 0 2 0 0 10 0 0 1 0 10 5 2 4 4 0 10 0 2 4 5 0 0
5 10 0 1 5 1 5 5 0 4 5 0 5 10 10 6 5 0 2 6 0 5 5 0 0 1 2 2 2 1 1 0 0 2 5 2 0 0 2 5 0 2 5 0 5 5 0 10 10 0 10 0 0 0 5 0 5 4 6 2 5 4 0 5 0 10 5 2 5 0 0 0 10 0 2 5 1 0 2 5 0 0 0 0 0 5 2 5 4 1 5 2 2 1 10 5 2 2 5 1 4 0 0 3 2 5 0 6 5 0 5 2 5 0 5 6 0 1 5 5 10 2 0 0 5 0 0 6 0 2 0 1 1 2 1 0 1 1 2 5 2 2 10 0 2 0 4 5 2 0
0 0 5 3 5 10 0 5 2 5 0 5 6 0 5 0 4 1 10 0 0 0 0 0 0 2 5 0 1 5 0 2 10 5 10 1 4 5 2 2 2 5 1 2 0 1 0 0 5 1 1 5 5 0 5 1 10 10 0 2 0 5 1 6 2 5 6 0 0 0 1 2 2 5 0 0 0 6 4 1 5 0 0 1 1 2 10 1 5 2 2 2 0 6 1 5 5 1 0 5 3 2 0 0 0 2 5 0 4 5 5 0 2 1 5 5 0 0 2 0 0 1 1 0 0 3 0 10 2 2 0 0 6 0 2 6 10 5 1 6 2 0 0 2 0 10 5 0 10 3
0 10 2 3 0 2 0 5 2 10 0 0 2 5 0 0 5 5 0 5 0 6 0 10 10 0 10 0 5 0 0 5 1 1 10 0 1 1 2 2 5 5 0 0 0 1 10 5 2 0 0 0 0 10 5 0 2 0 0 0 1 0 3 0 0 0 10 2 1 5 5 1 2 0 0 2 1 5 1 0 2 1 6 1 5 2 0 0 4 0 0 0 4 3 6 0 2 1 6 0 0 5 0 5 0 10 2 0 0 2 2 0 10 6 2 5 5 0 1 1 5 2 0 0 1 10 0 2 5 5 0 2 5 2 0 0 0 5 2 1 5 0 2 0 10 0 2 0 2 2
1 0 6 0 0 0 2 0 1 10 4 10 10 0 5 0 0 5 1 1 4 1 1 5 0 2 4 10 2 6 5 5 0 0 0 0 0 6 5 2 0 2 5 0 0 5 3 2 0 5 2 10 10 0 5 1 0 5 2 1 0 0 10 1 10 2 0 1 5 0 5 1 0 0 5 1 10 5 10 2 5 0 5 4 3 1 1 0 10 10 0 0 2 5 0 0 0 2 2 10 2 4 2 2 0 0 2 2 1 10 0 10 5 0 2 2 1 5 2 0 1 10 1 0 2 4 5 0 0 2 0 5 0 0 0 1 1 5 2 0 2 0 4 4 5 2 0 0 5 10
0 5 5 3 0 2 0 2 5 5 1 5 0 0 5 0 5 4 2 1 0 5 1 2 2 2 5 0 0 1 1 5 0 1 0 1 5 10 2 10 0 10 5 0 0 1 2 1 3 0 5 5 2 1 10 5 2 5 0 0 0 1 0 5 2 5 2 5 1 2 5 5 1 0 5 0 0 1 2 5 2 5 1 1 0 10 4 4 0 0 1 1 3 1 0 1 1 2 1 0 2 5 2 2 2 0 1 10 2 5 2 3 0 4 1 3 0 2 2 5 6 4 10 0 0 0 10 0 0 1 10 1 2 1 0 1 1 2 0 5 1 0 5 5 0 0 0 0 0 1
2 0 2 2 5 4 3 2 6 0 5 0 2 1 2 0 0 2 2 0 2 0 0 4 5 2 0 0 5 0 0 3 1 5 5 5 1 0 2 3 0 2 0 0 1 10 4 10 5 2 0 1 0 1 0 3 0 2 10 2 0 0 0 0 0 5 4 2 0 0 2 10 5 1 5 0 2 2 2 0 0 5 5 10 10 0 1 3 2 1 4 5 1 10 1 1 5 0 1 1 0 0 6 4 0 0 5 5 2 0 0 3 5 2 5 10 0 3 5 1 1 2 5 0 1 0 10 10 5 2 2 2 5 2 5 4 2 0 10 1 1 0 0 2 10 2 5 0 0 0
10 2 5 5 2 2 0 2 0 1 2 2 0 1 0 2 5 1 4 1 5 5 2 0 0 10 5 4 0 0 6 5 5 0 0 5 2 2 0 5 1 0 5 0 2 0 5 2 2 0 10 1 3 6 5 5 2 1 2 10 1 10 4 1 0 2 5 4 5 2 5 2 4 2 5 5 2 0 1 5 0 1 0 2 2 0 0 0 4 0 10 2 3 0 0 0 5 10 5 2 2 10 5 10 5 0 10 3 4 0 2 5 1 2 0 2 0 0 3 0 0 10 0 0 1 1 2 1 5 5 2 0 5 2 0 2 0 10 5 5 0 1 0 0 3 2 10 1 0 0
