200
9 7 6 3 3 1 8 13 13 4 1 2 9 8 14 12 15 12 12 11 14 3 9 4 1 15 5 15 10 11 14 3 2 4 9 15 3 9 12 8 15 12 9 10 6 12 3 4 8 9 6 3 3 7 10 3 7 14 6 14 10 12 5 3 2 15 10 4 13 5 10 15 1 9 3 4 8 15 5 10 3 8 6 14 4 8 10 11 2 4 3 6 14 1 2 7 5 2 14 3 15 15 10 1 3 8 15 8 9 7 7 14 10 7 4 6 14 11 12 7 2 8 4 7 6 9 12 3 15 5 8 4 3 7 2 6 6 4 5 13 1 9 6 4 9 5 15 5 13 11 6 2 12 4 3 15 13 3 13 4 3 6 13 14 4 5 10 1 15 8 15 8 4 13 10 3 7 9 11 15 2 6 11 6 5 8 5 8 12 10 15 4 6 6 1 3 11 1 11 11
0 5 2 2 3 3 5 0 5 2 0 2 5 0 10 5 2 4 2 0 0 10 0 0 0 2 2 10 0 1 0 1 1 1 0 0 5 0 2 0 0 0 2 10 0 2 5 3 5 2 5 0 1 2 1 0 5 10 0 5 2 2 3 2 0 5 5 1 4 2 0 0 0 5 0 2 0 2 0 1 0 10 5 2 4 0 2 3 4 0 1 0 10 5 10 5 0 5 1 0 10 0 5 0 10 1 1 2 5 0 2 4 0 0 2 5 0 5 0 1 3 5 2 2 5 10 10 5 0 3 5 5 2 0 5 2 5 2 0 4 10 1 0 0 5 0 5 0 0 0 0 1 5 5 0 5 3 1 5 6 0 2 2 5 5 5 10 0 4 5 2 0 5 0 10 2 0 5 4 5 5 0 1 5 0 0 1 5 5 2 0 4 0 0 1 5 5 3 0 1
5 0 0 5 1 2 0 2 2 2 1 0 0 2 10 5 1 0 0 10 5 0 3 3 10 4 2 5 2 5 2 10 0 0 5 0 0 1 5 10 0 0 5 10 0 1 0 5 3 1 4 0 1 0 0 4 0 5 0 0 0 0 5 5 2 5 0 2 3 2 2 0 4 2 10 0 4 5 0 2 0 5 0 2 0 0 0 0 1 5 0 0 2 0 0 10 1 1 2 0 2 1 2 1 10 0 2 5 2 1 0 2 0 0 5 10 0 2 5 0 5 0 2 0 0 0 0 1 0 0 4 0 5 5 0 5 5 5 0 5 2 2 2 3 0 1 10 5 5 1 1 5 10 2 0 2 2 2 1 0 5 5 1 0 2 1 1 5 5 0 2 0 0 2 10 1 2 0 3 2 2 2 1 5 0 0 2 0 4 1 0 2 5 5 5 5 1 10 0 5
2 0 0 2 0 2 2 0 2 0 5 2 10 0 1 5 2 0 0 2 2 5 0 2 5 1 2 2 5 0 5 5 5 10 0 1 1 0 0 3 0 0 5 1 10 1 2 3 0 0 0 10 5 2 0 2 0 5 5 6 0 5 5 5 4 0 0 2 1 2 0 5 1 6 10 3 2 2 0 0 0 0 0 5 0 5 5 10 0 5 2 3 0 10 5 0 10 5 5 2 2 0 6 10 0 10 10 4 10 5 3 10 0 1 5 2 4 0 5 5 5 0 5 4 1 2 2 1 2 5 5 1 5 10 0 2 1 0 0 5 2 1 0 5 2 0 0 0 2 0 0 4 0 0 0 10 1 0 2 1 5 5 5 5 0 5 0 4 0 6 2 3 0 10 4 2 10 5 5 1 5 2 2 5 5 1 0 0 0 2 5 2 5 2 5 5 0 0 3 0
2 5 2 0 10 5 2 1 4 2 5 0 10 4 0 5 2 3 5 2 5 1 6 5 10 0 0 0 1 2 0 2 1 0 1 0 0 1 0 1 5 0 4 10 2 0 5 3 1 2 10 5 10 2 0 0 5 0 1 5 0 2 5 10 1 6 2 4 10 5 0 2 0 2 1 5 0 0 0 5 2 2 1 3 5 5 2 0 3 0 2 0 6 3 5 0 0 5 2 5 2 2 2 2 2 0 3 3 1 4 2 10 5 10 10 1 0 0 6 5 5 0 10 0 0 0 0 10 0 0 3 2 2 2 1 5 10 0 1 2 2 2 10 2 0 6 5 0 2 5 0 2 5 4 5 0 0 0 4 0 2 3 10 0 10 1 3 5 10 6 0 2 2 0 5 0 0 0 0 1 0 1 10 2 5 0 0 0 0 2 3 0 0 0 1 4 0 4 2 2
3 1 0 10 0 2 0 2 10 5 0 1 5 0 0 1 4 0 2 0 5 2 10 0 1 5 0 5 1 0 1 10 4 3 10 0 2 0 2 5 2 1 1 0 0 0 1 2 2 1 5 1 2 1 0 5 0 0 1 10 0 1 0 0 2 0 2 2 2 5 1 1 0 0 1 2 5 10 0 2 1 0 1 1 5 0 2 5 0 5 5 5 5 1 0 0 5 2 2 0 10 1 0 10 0 0 0 1 10 5 10 10 1 3 4 4 10 5 2 5 5 4 2 0 10 1 2 10 1 1 5 0 0 5 4 0 0 5 1 2 2 10 2 2 0 2 5 0 2 0 5 5 5 6 0 5 0 5 3 0 10 5 1 5 2 1 0 0 3 0 3 0 6 4 1 0 0 2 4 2 5 0 5 1 2 5 0 2 0 0 0 10 0 1 5 0 0 5 5 5
3 2 2 5 2 0 2 10 1 1 2 1 5 5 5 3 4 5 0 10 0 1 5 1 4 10 1 0 0 5 10 5 1 0 0 5 0 5 1 4 0 5 1 5 0 5 1 0 4 5 0 5 0 3 5 10 3 2 0 0 5 1 2 2 3 5 5 0 5 10 0 10 0 10 0 0 5 5 0 0 4 0 1 0 2 5 0 0 2 0 10 5 5 3 1 3 2 0 5 2 1 1 3 5 5 5 0 2 5 2 1 4 5 0 5 2 0 0 5 10 0 2 5 0 1 2 1 5 10 2 0 2 0 0 1 5 0 10 0 5 2 2 0 5 0 4 1 0 0 1 5 2 10 5 5 5 5 4 0 2 5 2 2 1 2 2 2 10 0 0 1 1 0 10 1 2 0 2 10 5 3 0 5 2 1 5 0 0 1 5 2 10 10 5 0 0 1 0 3 5
5 0 2 2 0 2 0 5 2 5 0 5 10 0 0 2 2 0 5 0 1 1 1 0 5 0 0 5 0 1 2 5 5 6 2 1 4 0 0 0 0 5 5 0 5 0 2 0 2 5 5 0 0 0 5 1 2 2 0 1 0 5 0 0 0 0 10 1 0 10 5 6 0 0 2 3 0 2 5 4 3 10 5 5 0 2 2 2 2 2 5 10 0 5 1 2 10 1 0 5 5 2 0 10 1 5 5 0 1 5 6 5 2 4 10 1 0 5 6 0 1 2 5 0 5 5 5 5 4 10 2 2 10 10 0 5 5 5 2 5 5 0 5 1 5 1 4 2 0 0 1 0 10 0 5 1 0 5 0 0 0 4 4 5 0 0 5 10 5 0 0 0 10 5 1 1 2 0 4 3 0 2 0 1 10 10 0 0 6 5 10 2 10 1 0 5 3 0 2 2
0 2 0 1 2 10 5 0 4 5 0 2 0 5 4 1 0 0 10 2 2 0 0 5 2 0 5 10 5 2 0 1 2 5 10 1 5 1 2 0 1 5 2 5 0 10 0 5 0 0 0 5 2 0 0 5 1 3 5 2 10 4 3 5 0 0 3 5 3 4 5 2 5 10 0 5 0 0 0 2 5 0 0 0 0 2 0 5 0 1 10 4 1 0 3 2 2 0 2 4 0 2 0 3 4 10 10 2 0 3 10 1 5 2 10 2 5 1 2 10 2 0 5 2 0 10 5 6 5 0 2 2 5 0 5 2 5 2 0 0 5 1 0 2 5 0 1 0 0 2 5 0 0 1 5 3 1 0 1 6 2 0 0 10 1 5 5 10 2 0 1 1 6 0 2 2 2 1 1 0 1 1 0 5 5 2 5 10 0 1 1 2 5 2 2 5 10 0 5 2
5 2 2 4 10 1 2 4 0 0 1 0 1 0 1 10 6 1 4 2 10 2 1 5 5 5 0 5 2 5 1 5 5 5 5 10 2 2 0 5 5 0 2 0 5 0 5 5 1 0 6 2 5 0 1 5 0 5 2 0 5 2 2 5 5 2 5 10 3 2 2 2 10 2 10 0 6 2 1 10 3 0 2 2 1 2 2 5 0 5 2 3 2 2 1 0 2 5 0 3 1 5 5 10 0 0 2 2 5 0 0 5 0 2 1 0 5 10 0 6 2 5 4 1 5 3 0 3 3 10 2 4 3 0 0 5 5 2 2 0 0 2 3 5 5 2 0 5 5 1 2 5 0 0 2 3 1 5 0 4 0 0 5 3 2 0 5 0 10 2 0 2 0 2 4 5 4 0 2 0 0 5 5 1 2 2 2 0 0 1 5 3 2 0 5 0 5 4 5 3
2 2 0 2 5 1 5 5 0 0 5 0 5 1 2 2 0 0 0 10 0 5 5 1 0 0 2 10 2 5 0 5 0 4 5 0 5 0 0 1 3 0 0 5 2 0 2 0 5 2 0 0 2 2 0 5 0 0 5 2 2 3 5 0 3 5 3 2 3 2 1 5 2 3 10 0 5 2 2 0 2 0 2 1 5 0 10 0 5 2 10 0 6 6 2 0 1 0 3 1 4 5 5 5 0 5 0 0 5 0 0 0 1 5 10 10 2 5 4 6 5 5 5 2 0 0 1 2 5 5 6 2 0 2 1 0 2 3 5 2 2 1 4 10 4 5 5 0 10 2 0 4 5 5 5 10 5 0 1 5 0 3 1 5 0 0 2 2 5 0 5 4 1 5 5 4 5 2 10 2 0 0 6 0 5 0 2 0 4 5 5 5 0 2 1 10 2 5 4 5
0 1 5 5 0 2 0 0 1 5 0 0 2 0 5 0 1 1 0 3 5 5 0 1 10 0 5 0 2 2 5 0 5 5 10 2 2 0 5 0 5 5 5 0 2 0 5 0 5 5 2 5 2 10 0 0 0 0 0 1 5 6 0 1 0 0 0 2 1 5 10 0 0 0 6 4 0 0 10 0 0 0 0 10 1 0 0 3 0 0 2 5 5 10 0 5 1 2 2 5 2 1 10 0 2 0 5 5 5 2 2 1 1 4 5 2 2 0 2 0 10 1 4 10 1 0 4 2 2 0 2 1 2 10 10 5 2 0 0 5 0 1 5 0 2 5 10 0 1 10 4 3 0 0 6 1 0 5 0 0 4 0 2 2 0 5 0 0 1 0 5 10 2 2 0 1 1 4 3 2 2 5 0 5 10 10 0 0 5 5 3 0 1 0 10 2 5 3 5 0
2 0 2 0 1 1 5 2 0 0 0 0 2 0 1 0 0 1 10 1 0 0 2 5 2 10 0 0 0 5 4 10 5 2 0 0 4 5 5 3 2 0 10 1 2 4 10 10 2 0 3 5 5 0 1 10 0 5 0 0 0 1 2 0 1 5 5 1 0 0 2 4 0 5 5 0 4 10 0 5 4 1 2 2 5 6 0 5 5 5 5 5 0 1 0 5 2 1 0 0 6 6 2 10 5 10 0 5 4 4 5 0 0 5 2 0 5 3 2 2 0 2 2 2 5 5 5 10 4 1 2 5 10 2 2 2 2 2 2 6 0 5 1 2 0 0 5 0 1 0 5 3 2 1 10 0 0 2 2 1 5 10 0 0 2 0 5 2 5 5 0 10 2 0 5 0 5 2 0 0 2 3 10 2 5 2 0 3 0 0 0 5 5 5 2 2 0 5 6 0
5 0 10 10 5 5 10 0 1 5 2 2 0 5 10 5 2 0 5 4 0 1 5 1 1 0 2 1 0 1 1 1 5 5 2 5 0 0 4 0 2 2 6 5 5 5 1 2 2 2 0 4 2 5 2 2 5 3 10 2 0 0 5 2 0 0 5 0 3 5 10 3 0 1 5 5 1 10 0 0 5 4 0 0 2 4 0 1 1 2 0 2 1 0 1 0 0 1 3 3 0 1 4 3 0 0 0 0 5 10 2 10 5 1 2 5 6 2 10 0 2 0 10 0 2 2 0 2 4 3 5 1 0 5 0 2 5 0 0 0 2 2 10 2 0 5 0 0 5 0 10 2 3 0 5 0 2 5 1 0 4 2 6 2 10 0 0 0 0 5 10 3 5 0 10 2 5 2 1 5 0 5 0 1 1 0 0 1 5 0 5 0 4 5 0 5 2 1 0 0
0 2 0 4 0 5 0 5 0 1 0 0 5 0 0 1 0 5 2 0 0 0 0 0 1 2 0 5 2 0 2 5 0 0 0 10 5 2 5 5 2 0 5 2 5 10 6 0 0 0 5 2 6 2 2 1 10 0 1 10 10 2 1 1 5 3 0 2 2 0 0 0 5 0 2 0 0 0 5 1 0 1 5 2 0 2 5 10 0 6 5 5 2 5 0 2 2 3 1 2 5 0 0 0 0 5 1 1 0 5 5 5 10 0 5 0 5 0 2 2 2 5 5 2 0 0 2 0 5 0 5 2 5 10 5 10 2 1 0 1 5 10 0 2 0 5 2 6 2 0 2 0 5 0 1 0 0 1 5 5 2 1 1 4 0 2 0 5 2 1 2 0 0 1 2 0 2 4 0 5 0 10 5 0 2 0 0 1 2 10 0 0 2 2 0 1 1 5 0 4
10 10 1 0 0 5 0 4 1 2 5 1 10 0 0 5 0 2 5 0 1 5 3 3 6 5 1 2 5 4 6 2 4 0 2 4 2 2 10 2 0 5 1 0 5 0 6 1 5 2 2 0 1 0 1 3 0 2 4 0 5 1 0 0 0 10 2 10 0 0 0 0 2 5 0 1 5 0 0 2 5 5 10 10 0 0 1 0 0 0 5 4 1 2 5 0 0 5 0 5 0 0 0 2 5 2 2 4 5 10 1 0 0 0 0 0 0 3 0 0 5 10 5 5 2 0 4 2 0 1 1 0 10 5 0 2 1 0 4 10 1 2 10 0 0 0 0 5 6 6 10 5 6 3 0 5 10 2 2 2 0 0 0 10 1 5 1 0 2 0 1 0 3 4 1 1 2 3 0 2 0 0 3 5 1 0 1 0 0 0 2 0 10 5 0 0 5 5 0 5
5 5 5 5 1 3 2 1 10 2 0 0 5 1 5 0 10 0 0 2 1 6 3 0 0 1 1 0 1 1 10 1 1 2 10 2 2 5 0 4 0 0 1 10 0 10 1 0 5 0 5 0 0 0 1 10 10 0 2 5 1 5 2 2 2 5 5 0 0 0 1 0 2 5 2 0 5 0 1 5 1 0 5 1 0 0 0 5 3 5 3 3 0 2 5 0 0 4 2 0 1 5 0 2 5 1 5 0 0 2 2 0 2 1 0 3 5 5 0 2 5 5 3 0 2 5 0 1 4 2 5 5 0 5 3 5 1 2 0 5 4 2 1 5 4 5 0 2 4 0 10 3 5 2 6 1 0 5 0 0 0 2 4 2 2 2 10 4 0 1 1 0 5 10 5 2 5 2 2 0 10 1 0 4 5 1 5 5 5 5 10 0 0 10 5 1 1 0 1 1
2 1 2 2 4 4 2 0 6 0 1 0 2 0 0 10 0 5 2 0 5 5 2 0 2 5 1 10 5 1 0 5 3 5 3 2 2 0 6 10 1 5 5 4 2 2 1 0 0 0 10 5 0 5 0 5 10 10 5 1 0 0 0 4 0 0 5 2 0 1 4 10 0 0 5 0 2 5 4 0 2 0 1 0 3 0 0 2 0 6 0 0 1 0 5 3 4 5 2 0 4 1 5 5 2 1 5 0 1 3 0 10 6 2 0 4 3 5 5 5 5 2 4 10 0 10 2 0 0 5 5 1 5 10 0 3 0 2 5 0 5 2 5 1 5 10 2 5 5 1 1 0 1 5 1 0 0 0 5 6 2 1 10 2 1 0 0 1 0 2 2 6 1 0 5 5 0 2 0 6 1 0 1 0 5 0 0 2 0 10 0 0 0 0 0 10 1 10 10 0
4 0 0 3 0 5 0 0 1 0 1 1 0 5 2 0 5 0 0 2 2 6 1 5 4 2 0 10 5 5 10 10 2 10 0 2 2 0 0 1 1 1 5 2 0 5 10 5 3 0 10 1 0 0 5 5 6 10 0 1 2 0 0 0 5 4 0 6 2 0 5 0 1 10 0 0 5 2 0 4 0 0 0 2 2 5 0 5 5 5 2 1 3 0 2 10 1 6 0 0 5 0 0 2 5 0 6 0 5 0 5 2 0 0 5 0 4 2 2 5 0 0 2 2 5 5 0 0 5 2 2 0 5 0 3 10 2 2 5 0 0 0 6 5 10 10 0 0 1 0 0 0 10 1 1 5 10 0 1 2 0 0 10 2 4 1 0 0 1 5 3 5 10 2 2 0 1 4 0 5 0 5 5 2 1 0 1 4 0 2 1 10 5 0 10 0 2 1 4 10
2 0 0 5 2 0 5 10 4 0 0 10 5 2 5 0 2 0 0 5 2 2 5 2 0 2 10 1 0 2 0 10 2 1 0 10 1 3 6 5 5 2 5 0 0 0 0 5 5 5 0 0 2 3 0 5 2 0 5 3 0 5 2 10 0 1 2 0 0 5 5 5 5 1 0 5 0 2 5 5 2 2 0 5 1 10 0 1 0 0 1 0 2 0 6 4 0 5 5 1 0 3 0 4 2 1 0 5 2 0 3 2 1 1 1 10 0 1 10 2 0 0 1 2 5 0 0 2 2 2 5 4 5 6 2 0 6 10 0 2 3 2 0 2 10 0 5 2 1 2 2 2 10 2 1 4 4 2 1 1 5 2 5 0 0 2 2 2 5 0 1 0 2 0 0 2 0 5 4 5 1 5 0 0 0 10 10 10 0 5 0 0 0 5 3 5 5 5 3 0
0 10 2 2 0 10 0 2 2 10 3 1 4 0 0 2 0 2 5 0 0 4 2 0 2 2 0 0 2 2 2 1 0 2 2 2 1 2 3 5 5 2 0 10 2 5 10 0 1 5 5 0 1 10 10 0 0 0 3 5 2 0 3 5 0 10 10 2 2 2 0 5 5 10 1 0 2 1 0 5 0 0 5 2 0 6 5 0 1 1 0 10 2 1 1 5 0 2 10 10 0 5 2 10 10 0 0 5 3 5 5 5 1 2 10 5 0 4 3 1 2 3 5 0 5 0 0 0 2 5 3 0 3 5 1 0 2 0 0 5 2 0 1 1 1 0 0 5 0 5 0 0 10 5 4 0 2 5 0 5 5 2 10 10 1 2 0 10 2 5 0 2 2 5 10 5 5 4 0 0 0 2 5 0 3 4 1 0 5 1 0 2 2 5 0 0 0 0 0 5
0 5 2 5 5 0 1 2 10 0 5 0 0 0 1 1 5 2 2 0 0 1 10 4 2 10 5 0 4 2 0 0 5 10 0 0 5 2 2 2 5 5 0 0 2 1 0 1 4 5 2 1 5 10 5 2 5 5 2 5 0 0 10 5 5 5 5 0 5 5 10 2 5 4 2 2 0 0 0 5 2 5 0 5 2 5 0 2 10 2 6 1 3 1 1 2 0 0 1 0 0 4 5 3 2 2 10 1 2 10 6 1 10 1 0 1 5 5 10 2 1 5 10 5 5 2 1 10 0 1 0 0 2 0 0 1 5 0 1 10 0 5 0 1 10 1 5 0 5 0 1 2 5 2 0 0 2 2 2 1 5 2 0 0 6 10 0 5 5 0 3 10 1 10 5 0 2 1 5 6 5 10 1 2 5 5 5 0 5 6 0 5 5 2 2 1 0 0 0 0
10 0 5 1 2 1 1 0 2 5 5 0 1 0 5 6 5 6 2 4 1 0 0 5 0 0 0 2 1 1 0 10 4 0 1 0 5 2 2 0 0 0 2 5 2 0 5 0 0 5 0 3 0 0 5 1 4 0 2 2 2 10 5 1 0 5 0 2 5 10 2 10 0 0 2 4 0 1 0 1 1 5 0 5 0 2 5 5 2 1 2 2 1 3 2 0 0 0 5 0 3 2 3 2 0 2 4 2 2 2 0 0 0 5 6 5 5 0 0 1 5 0 3 10 2 0 1 2 4 0 0 1 5 0 5 5 0 3 0 2 1 3 2 2 0 5 10 5 0 2 10 10 4 10 2 10 0 6 5 5 2 2 2 2 0 0 10 0 10 10 0 2 0 3 0 4 4 0 5 0 10 2 10 0 5 1 2 4 10 2 3 0 5 5 1 4 1 2 1 5
0 3 0 6 10 5 1 0 1 5 0 2 5 0 3 3 2 1 5 2 10 0 0 2 0 3 1 0 1 3 2 5 10 0 0 0 3 1 1 0 5 0 4 5 10 2 0 0 1 0 0 5 5 0 4 5 2 10 5 1 3 1 0 0 1 0 4 0 0 5 1 3 5 2 6 10 1 10 10 5 1 10 1 2 2 1 0 0 3 0 2 1 1 0 5 5 0 0 2 10 1 1 1 0 5 2 5 0 0 0 2 2 0 5 0 5 1 4 2 2 5 0 2 0 0 2 5 10 0 5 1 5 2 2 6 0 1 5 3 1 0 0 0 0 0 2 10 5 5 2 2 1 3 5 0 0 0 0 1 3 10 5 0 0 0 2 2 0 2 1 2 10 5 1 0 0 3 0 0 2 4 5 4 0 5 3 0 0 0 2 5 2 0 10 0 1 2 5 1 0
0 3 2 5 0 1 0 5 5 1 1 5 1 0 3 0 0 5 2 0 4 5 2 0 2 5 0 2 5 4 1 2 3 0 10 1 2 5 0 0 0 10 3 0 2 2 2 0 10 2 1 1 3 5 0 4 5 2 1 0 0 0 1 10 5 2 2 1 5 2 10 1 5 5 4 5 0 5 1 0 2 5 5 0 2 0 0 0 5 5 1 10 5 2 1 0 2 5 2 1 1 5 5 0 2 10 2 2 3 1 0 5 1 2 0 0 5 1 4 0 1 2 2 2 2 4 2 1 1 2 10 0 0 0 1 0 2 5 5 3 0 1 2 1 1 2 10 2 2 0 0 2 0 2 2 0 0 5 5 2 1 0 6 5 5 10 0 0 5 1 0 0 5 10 0 2 5 5 10 4 5 1 0 10 2 1 2 0 2 0 2 10 5 1 0 0 5 1 0 5
0 10 5 10 1 4 5 2 5 0 10 2 1 1 6 0 2 4 0 2 2 0 0 2 0 0 0 0 5 5 10 10 10 5 0 5 0 2 2 2 5 5 10 5 5 0 10 5 0 1 2 0 0 3 0 1 2 0 5 2 0 2 0 5 5 5 1 5 0 5 2 2 0 0 5 0 5 2 1 10 5 0 1 5 0 3 0 5 10 0 0 2 0 5 0 1 5 5 0 5 5 0 5 5 10 2 0 5 5 10 5 0 1 2 10 2 0 0 2 10 1 5 10 1 2 2 2 1 0 10 2 10 10 0 5 10 10 0 0 10 2 2 1 0 2 0 3 10 0 1 0 0 4 5 2 2 0 2 10 0 0 3 10 0 10 2 5 10 5 5 5 5 2 6 5 0 0 10 10 0 3 5 0 10 2 0 0 0 0 2 10 3 5 2 0 5 4 1 0 0
2 4 1 0 5 10 0 0 5 0 0 10 0 2 5 1 5 2 2 2 10 0 3 5 0 0 5 2 0 2 2 5 4 0 2 2 3 4 3 0 5 10 10 0 5 5 6 0 0 2 2 3 2 2 5 5 0 10 5 2 3 10 5 2 0 0 2 5 5 0 5 0 5 5 10 0 2 2 0 5 5 0 0 0 0 2 0 0 0 0 10 10 10 10 2 1 0 0 5 0 10 5 10 0 2 5 1 1 1 3 2 4 5 0 5 10 0 10 2 0 5 5 2 10 0 2 0 2 2 5 2 6 6 0 5 0 2 2 10 5 0 0 0 5 0 1 1 0 5 2 2 4 0 10 0 4 1 1 5 0 0 2 5 5 5 0 1 0 2 0 2 2 5 0 2 5 3 1 0 1 5 3 2 2 1 5 4 1 3 2 0 10 1 0 5 3 5 2 2 0
2 2 2 0 0 1 0 5 0 2 5 0 2 0 1 1 1 0 10 0 5 0 1 0 0 5 0 1 2 5 5 3 2 5 0 1 0 1 10 4 1 1 0 2 5 1 0 5 10 0 1 3 2 2 5 3 0 3 5 2 3 0 5 2 1 2 1 10 2 0 5 6 5 10 2 2 5 3 0 5 5 4 5 2 5 0 5 5 2 1 10 1 5 0 0 1 0 0 0 10 0 5 0 0 2 0 0 3 5 0 1 5 2 0 3 2 4 5 1 0 5 2 5 0 0 1 5 5 2 6 2 4 1 0 6 5 4 1 0 0 1 0 0 3 2 1 0 0 0 0 0 5 5 1 1 2 0 0 10 5 2 1 5 2 0 0 0 3 2 1 3 2 0 1 2 1 0 1 5 0 5 0 0 0 1 5 0 3 0 0 3 1 2 2 0 0 6 1 10 2
10 5 2 0 5 0 5 10 5 10 0 0 1 5 2 0 10 10 1 0 0 2 0 2 0 2 1 0 0 10 0 10 5 5 1 5 5 2 6 0 0 3 5 0 4 1 1 0 0 2 0 10 0 4 4 5 0 1 4 1 5 5 0 3 0 0 0 2 6 5 1 0 3 2 5 1 2 2 0 5 10 2 0 0 0 5 2 4 5 1 2 0 2 0 6 10 0 2 10 1 0 2 0 4 1 5 1 0 1 5 4 0 0 0 2 3 2 6 2 5 5 2 0 0 5 1 2 2 1 1 1 5 1 5 2 5 2 2 0 5 2 5 3 2 10 0 0 0 0 5 0 0 0 5 2 0 0 5 0 0 1 1 0 1 0 2 5 3 2 0 0 5 5 0 0 1 1 0 0 4 2 0 5 0 0 2 5 6 1 2 0 0 10 4 0 1 1 0 2 0
0 2 5 1 1 0 0 5 2 2 2 0 0 2 5 1 5 5 0 2 4 1 1 5 5 0 2 0 0 0 2 0 2 0 0 0 1 0 1 5 0 5 5 0 10 5 0 10 1 3 3 0 2 5 5 3 2 5 0 0 0 2 0 4 1 3 4 2 5 0 0 10 0 0 5 0 4 10 0 5 0 5 10 0 4 5 4 2 3 10 5 0 0 6 10 2 5 0 0 0 4 5 0 2 3 5 4 10 10 0 6 0 0 0 2 1 0 1 5 1 3 2 2 2 0 2 5 2 0 10 2 10 2 1 1 0 5 2 10 3 6 2 10 1 2 2 2 0 5 0 0 5 1 5 0 3 4 0 2 5 1 2 0 2 1 5 1 2 2 10 1 5 0 5 1 1 0 0 2 5 2 4 5 5 3 0 1 2 2 5 0 1 0 2 2 2 2 0 0 0
1 5 0 2 0 5 1 2 5 5 2 5 1 0 4 1 1 5 2 2 2 1 3 4 5 2 5 10 0 0 1 2 2 5 1 10 5 2 2 10 1 5 0 5 2 5 0 2 1 1 0 1 2 5 0 2 5 0 0 0 1 2 4 1 0 0 2 0 3 5 5 4 0 0 1 2 3 2 10 2 0 3 0 0 0 10 0 5 5 0 1 2 5 10 0 1 10 1 5 2 2 3 0 1 1 0 2 6 3 0 1 1 1 2 0 4 10 1 5 0 0 3 1 0 2 0 5 10 0 4 1 5 5 0 6 0 4 0 5 0 5 0 1 5 0 0 2 5 0 0 5 1 1 0 4 5 5 5 0 5 1 0 5 4 1 1 2 10 5 3 4 1 6 0 2 5 5 10 0 0 0 0 5 0 2 5 0 0 0 3 0 5 2 3 5 0 5 0 5 2
0 2 5 0 1 10 2 0 1 0 5 4 1 2 6 10 0 10 0 2 0 0 2 1 10 2 5 0 2 1 0 0 1 0 2 5 5 4 5 2 0 5 10 5 0 2 2 10 0 5 1 5 5 10 2 0 4 1 0 2 0 1 0 2 0 10 2 5 0 10 1 1 1 0 1 2 2 5 0 2 0 5 5 1 6 0 0 5 5 1 3 4 2 5 1 3 2 10 0 2 0 0 5 0 4 10 5 0 2 2 0 0 0 0 1 5 2 0 0 1 5 0 6 0 0 5 2 1 2 2 0 5 5 2 5 10 0 5 1 2 5 1 1 1 3 5 0 0 5 0 10 0 0 5 5 5 10 3 0 0 2 6 1 5 2 0 5 2 3 0 1 0 10 5 2 2 0 2 0 2 4 1 2 0 0 0 3 0 0 2 2 10 3 1 0 0 0 10 10 5
1 10 5 2 10 5 5 1 5 5 0 10 1 5 2 1 5 10 10 1 0 10 5 2 10 5 3 10 0 2 0 0 5 0 5 10 2 10 0 2 0 0 0 1 1 0 5 2 0 0 0 10 2 1 1 5 5 2 1 0 5 0 1 0 10 0 10 2 0 5 0 1 5 0 10 2 4 10 5 0 2 2 10 1 1 0 5 6 2 3 0 10 0 10 5 0 2 10 5 0 0 5 0 5 5 2 0 1 0 3 0 2 0 5 5 1 0 2 5 10 4 2 1 5 5 5 2 6 1 2 0 1 5 2 0 2 10 0 0 4 5 10 5 4 5 0 2 4 0 0 0 5 0 3 1 5 10 5 2 5 2 0 5 0 10 0 10 0 5 0 4 2 3 2 5 1 10 0 5 2 0 0 1 10 5 2 4 5 2 2 0 2 4 0 4 2 3 1 0 2
1 0 5 1 4 1 5 2 5 0 5 5 5 0 4 1 3 2 2 0 5 4 10 3 10 4 2 5 2 2 1 5 0 0 5 1 0 2 2 5 5 2 5 5 0 2 0 5 1 0 0 0 0 5 1 5 2 5 2 5 0 0 1 1 5 1 0 1 1 10 2 0 3 1 0 1 1 0 0 1 5 0 1 0 0 2 0 0 10 0 0 5 5 5 0 5 2 2 5 0 2 5 0 0 2 2 1 5 0 5 0 0 0 1 2 0 2 2 3 5 10 2 0 0 0 10 5 5 2 1 2 5 2 5 0 2 0 3 1 2 2 5 1 5 0 1 5 1 0 0 0 2 0 0 5 5 1 5 1 10 0 2 4 2 0 0 1 4 2 5 0 5 1 0 5 3 5 10 1 0 2 10 1 2 2 10 5 5 0 0 0 1 5 0 1 4 2 10 0 0
1 0 10 0 3 0 6 5 5 4 5 2 5 0 0 2 5 10 1 2 10 0 0 0 5 0 5 5 0 5 0 0 0 0 4 5 0 1 4 0 10 1 5 0 10 10 2 0 2 5 1 5 5 5 0 10 1 2 0 2 0 5 3 2 5 1 5 1 1 2 2 0 1 0 5 0 10 10 0 5 6 5 10 0 0 2 5 0 6 0 0 10 5 0 5 5 0 2 0 0 5 5 5 5 10 1 2 0 2 5 0 0 0 0 0 10 5 0 4 5 0 3 0 0 10 0 4 10 3 0 0 0 0 1 1 5 5 0 5 5 0 5 10 0 2 5 6 5 1 5 0 2 2 3 2 0 0 1 2 10 4 0 0 2 2 2 0 0 0 3 0 0 0 10 0 0 3 5 0 0 0 0 2 10 10 10 0 1 5 0 4 1 4 0 0 1 2 1 5 10
0 5 0 1 10 0 2 10 5 5 10 0 2 0 2 10 3 0 0 2 0 1 0 10 0 2 0 1 0 1 2 5 5 4 0 0 5 0 0 3 0 1 2 2 0 5 1 5 0 0 0 0 1 0 2 1 4 10 6 2 5 5 2 10 0 0 2 0 6 0 3 5 5 6 2 2 2 3 2 4 5 2 6 3 2 1 5 5 10 5 0 0 0 2 2 0 5 0 0 3 0 5 5 10 0 2 1 0 2 0 2 0 2 0 5 0 0 0 1 0 2 2 4 4 1 4 10 5 0 5 10 0 2 5 10 2 0 10 5 1 10 2 5 3 0 2 3 3 2 1 0 3 0 2 2 2 5 2 0 5 6 0 5 10 0 0 0 1 3 3 2 5 2 0 2 10 0 0 3 3 5 5 0 1 0 10 2 10 0 2 1 2 5 0 2 1 0 3 2 4
0 0 1 0 0 5 1 1 10 0 2 0 5 10 4 2 2 2 10 2 0 0 0 1 5 2 1 5 0 10 5 10 1 5 0 0 5 5 5 0 5 1 0 5 5 10 5 0 2 6 2 3 0 0 2 4 3 1 2 5 5 1 5 0 2 5 5 3 2 3 1 0 0 0 2 5 1 1 1 1 2 5 5 2 3 6 0 10 0 2 0 2 0 3 6 0 10 1 2 4 5 1 5 5 0 5 4 0 5 10 1 0 2 10 2 1 3 0 2 0 2 5 5 2 0 0 0 2 4 2 5 0 2 0 4 0 3 0 10 5 1 1 5 0 5 2 5 5 2 5 0 1 6 0 4 0 5 2 1 10 0 1 2 5 4 3 5 1 0 2 5 0 3 0 10 0 0 5 2 5 10 4 0 1 0 2 1 2 0 3 5 1 2 5 5 2 0 4 5 5
5 0 1 0 2 0 4 5 2 5 2 4 0 5 2 2 2 2 1 1 5 5 3 2 0 3 0 5 1 5 5 2 0 0 5 5 0 3 0 10 5 2 2 5 1 10 1 0 0 10 5 1 2 10 6 0 3 2 2 5 5 10 5 4 4 0 5 5 2 10 0 5 0 2 10 4 3 2 2 0 5 1 0 0 5 10 2 0 5 1 1 10 2 0 0 5 5 0 0 1 5 1 10 2 2 0 0 3 0 10 10 2 5 1 5 2 2 1 1 0 0 10 6 0 0 2 2 2 1 0 0 0 0 0 5 0 0 0 5 0 0 4 5 6 0 1 10 6 1 1 2 0 5 10 0 4 0 5 0 5 5 5 2 0 5 0 5 5 0 1 2 5 5 0 1 5 2 0 3 0 5 5 5 1 5 0 2 5 1 0 10 0 0 5 1 5 5 5 5 10
0 1 0 1 0 5 0 1 2 0 0 5 0 2 2 5 0 0 3 2 2 2 1 5 2 4 1 2 0 2 4 10 2 1 0 5 3 0 0 0 0 0 0 1 2 0 0 2 10 5 10 1 2 0 1 5 1 1 1 2 1 5 0 5 0 5 2 5 0 0 4 10 0 10 0 0 3 2 2 5 2 0 6 0 0 2 5 5 0 0 5 1 6 2 4 0 1 0 5 0 0 10 2 0 10 0 3 10 1 3 0 5 0 0 0 0 5 0 10 2 10 2 10 1 1 2 2 2 2 0 1 3 2 2 2 0 0 0 3 1 2 1 2 5 0 1 0 2 5 0 2 0 0 1 5 5 1 3 0 4 1 0 5 5 0 0 10 3 1 2 1 10 6 5 1 0 0 5 5 10 5 10 1 0 0 0 10 10 2 3 5 0 0 2 5 2 2 0 10 5
2 5 0 0 2 1 0 2 0 0 5 5 4 5 10 0 6 0 6 3 2 2 1 0 2 3 10 6 1 2 5 0 2 4 0 5 0 0 0 2 5 5 2 0 5 1 0 2 6 5 5 5 5 5 5 2 2 5 2 0 2 0 1 0 4 0 2 2 0 5 4 0 10 2 5 0 0 1 0 4 0 4 10 2 1 0 4 2 5 5 5 2 0 0 0 5 4 5 2 1 2 0 0 1 2 0 4 5 0 1 2 0 5 5 0 3 1 5 2 0 0 1 5 1 3 3 0 5 2 1 5 10 0 6 0 5 1 1 2 1 0 5 1 5 5 10 0 3 5 0 0 4 0 0 1 0 0 4 10 10 2 0 2 5 5 3 5 0 5 5 4 5 1 1 5 0 5 1 10 2 2 0 10 2 5 0 5 1 10 0 4 2 0 0 6 1 0 2 2 2
0 10 3 1 5 4 0 0 5 1 0 3 0 5 2 4 10 1 5 5 2 0 0 0 2 0 4 0 5 10 2 2 5 0 3 0 10 0 2 0 0 1 2 2 5 0 0 2 5 2 0 0 0 10 0 1 2 2 3 0 2 0 0 10 5 2 1 1 0 2 0 5 10 0 2 2 10 2 5 5 0 5 0 5 5 5 5 5 0 1 6 1 5 0 0 10 6 0 2 5 5 2 5 0 1 0 5 1 3 0 2 0 1 4 0 5 5 2 2 2 5 0 0 1 5 0 5 5 1 5 3 5 0 0 0 3 0 0 0 10 2 5 1 5 5 5 6 0 2 0 2 0 0 1 10 0 0 3 0 0 1 0 5 2 0 6 0 2 10 5 0 1 5 10 1 5 0 1 1 4 5 0 3 3 5 2 2 0 0 0 0 2 2 0 1 0 1 0 5 5
0 0 0 5 2 0 0 1 5 3 5 2 2 2 0 0 1 1 5 5 5 0 5 0 5 5 1 0 0 1 0 0 5 10 0 5 5 0 5 0 0 0 0 5 10 5 2 5 0 2 2 2 0 0 0 10 0 5 3 1 5 1 6 0 0 0 0 2 0 5 1 5 5 3 1 2 0 2 5 2 1 5 2 0 5 5 1 4 0 0 5 5 5 0 2 5 1 0 10 3 10 5 5 0 4 10 5 0 1 5 5 1 0 10 10 2 0 5 3 2 5 0 0 0 5 0 10 0 2 2 10 2 0 5 0 0 2 2 10 10 5 2 0 0 1 5 2 5 10 10 0 0 0 1 5 5 5 5 0 2 2 1 1 2 5 0 3 0 2 10 0 6 0 2 4 5 0 0 6 5 0 10 5 0 10 0 2 2 10 0 2 10 1 2 10 0 5 5 5 0
0 0 0 0 1 5 5 5 0 0 5 0 2 0 5 0 5 1 2 2 5 0 0 10 5 10 1 3 5 5 5 0 2 1 1 1 2 0 5 1 0 0 0 1 10 0 3 2 5 5 1 0 5 1 1 5 3 5 5 1 5 0 3 0 2 4 0 0 1 10 0 0 10 5 4 0 3 5 2 2 5 1 2 0 0 10 0 2 2 0 0 0 5 0 0 0 0 2 10 4 5 2 4 0 0 0 5 0 2 5 5 4 1 5 0 2 1 1 0 2 3 5 0 5 6 5 10 0 2 0 5 0 2 0 2 6 5 0 2 2 0 1 2 2 0 1 0 0 6 0 2 4 5 0 1 0 1 2 4 5 3 5 6 5 10 2 4 0 2 2 0 2 5 2 10 5 10 5 0 5 1 0 5 5 0 5 0 2 2 0 0 5 1 5 0 0 1 10 1 4
2 5 5 4 1 1 5 2 2 0 5 10 6 5 1 1 5 5 5 0 0 2 4 3 10 10 0 5 5 0 10 0 5 5 2 0 2 0 2 2 0 0 0 1 0 6 1 3 10 2 0 5 5 10 2 0 2 5 5 0 10 10 0 0 1 2 0 5 0 4 0 5 1 1 5 10 10 2 0 2 5 0 1 0 0 2 0 3 5 1 5 2 3 0 0 2 1 5 0 1 2 1 4 5 5 0 0 0 0 2 6 5 5 3 0 2 2 2 2 0 2 6 0 0 2 5 0 0 10 1 0 2 5 2 6 1 0 0 4 5 0 0 10 2 2 0 5 0 5 0 0 1 0 0 5 6 0 5 0 0 5 10 0 1 2 1 5 2 0 10 0 6 5 4 5 2 2 2 2 0 5 0 0 5 5 4 3 1 0 0 3 0 0 0 5 0 10 0 2 0
10 10 1 10 0 5 0 5 0 5 0 1 5 2 0 10 4 2 0 10 0 5 5 0 5 0 2 0 0 5 5 1 5 0 2 5 5 1 0 2 5 1 1 0 6 0 1 0 0 0 5 5 1 0 2 6 5 2 1 0 0 5 5 0 10 0 0 2 0 2 0 1 0 1 3 2 2 2 5 0 3 1 0 5 0 5 0 2 0 1 2 5 5 1 5 0 0 1 1 4 10 0 5 0 5 4 5 2 1 0 5 0 2 1 2 0 0 1 0 5 1 2 5 5 0 1 0 2 0 5 5 2 5 0 1 2 5 3 0 2 2 5 5 10 2 0 5 4 0 0 5 1 0 2 10 10 10 5 0 0 1 2 1 10 1 5 0 10 5 5 0 2 0 1 2 2 1 0 2 0 2 5 2 1 5 5 10 1 1 2 5 0 5 0 10 2 2 2 1 3
0 0 10 2 0 0 5 0 5 2 2 2 5 5 5 0 2 0 0 2 2 2 10 2 5 5 5 4 10 2 0 1 0 10 0 5 1 2 5 5 10 10 0 6 0 4 1 4 2 0 0 2 0 2 0 10 0 0 5 5 0 2 2 3 1 0 3 5 2 0 2 5 0 5 0 0 2 10 1 5 2 3 0 0 0 0 0 0 2 2 0 0 2 2 6 1 0 0 1 5 5 10 0 2 0 0 0 10 10 2 2 3 5 5 5 0 2 0 1 2 0 5 0 3 0 10 2 3 1 2 2 4 5 0 5 10 2 0 2 2 0 5 0 5 0 0 10 0 0 2 2 0 10 0 5 2 2 5 0 0 4 0 0 0 1 1 0 5 10 6 10 5 0 1 5 3 5 3 4 0 5 0 5 0 10 6 2 5 0 0 0 2 5 2 5 1 5 2 10 2
2 1 1 0 0 5 0 10 0 0 0 4 5 10 0 10 2 5 0 5 1 0 2 2 0 5 1 1 5 5 2 0 2 10 5 10 10 0 1 0 5 0 6 0 4 0 10 0 10 5 1 2 0 5 1 5 0 0 5 2 2 5 0 10 5 6 6 10 0 0 2 1 0 5 4 3 5 0 2 1 2 0 1 5 0 0 5 5 2 2 5 10 0 1 4 0 1 1 0 0 0 0 1 5 10 0 0 5 0 0 5 0 10 0 2 5 10 5 0 6 2 5 1 1 4 3 5 10 2 0 1 1 0 2 1 1 5 6 2 0 1 3 0 5 10 4 2 5 5 4 1 0 0 1 0 5 5 0 1 6 0 10 2 3 3 10 5 0 0 0 5 0 0 4 2 1 1 5 2 2 0 0 0 5 2 6 2 1 1 0 5 5 0 0 5 1 4 0 0 10
5 0 2 5 1 1 2 0 5 2 5 10 1 6 6 1 1 10 0 10 0 5 0 2 10 6 0 1 0 0 2 5 0 2 1 5 1 0 0 0 2 3 1 1 1 10 0 10 5 10 2 5 1 5 1 5 3 0 10 5 0 0 0 0 1 6 0 10 5 2 2 2 6 5 2 5 1 1 4 4 10 2 1 6 0 5 5 5 0 2 5 0 0 2 2 2 5 0 5 2 0 1 10 5 0 10 5 2 5 3 5 5 2 2 2 0 5 5 0 10 10 5 2 0 2 0 1 0 2 0 1 1 2 1 3 0 3 0 0 2 4 2 1 10 5 1 5 5 10 2 5 3 0 2 2 2 2 4 2 10 3 2 1 0 2 1 0 2 5 4 0 1 5 5 0 10 5 5 1 0 0 2 3 0 10 2 0 5 0 2 1 0 10 10 2 1 0 10 5 5
3 5 3 3 2 0 0 5 5 0 0 10 2 0 1 0 0 5 5 0 1 0 0 0 5 0 5 0 10 2 10 2 5 0 5 0 0 2 2 2 5 2 3 0 4 0 10 0 10 5 0 0 0 0 3 4 0 0 5 0 10 1 3 10 0 0 5 0 2 0 2 1 5 0 2 2 4 0 0 10 2 10 2 1 10 5 5 1 0 0 10 1 1 1 2 0 2 0 0 2 10 0 5 2 5 5 1 2 2 2 5 0 1 10 10 5 5 1 0 1 4 10 0 10 0 0 0 1 2 0 0 5 2 5 5 2 5 3 5 0 0 4 5 0 2 0 0 2 2 2 0 0 5 2 1 0 10 5 0 2 2 1 4 10 5 5 0 0 2 0 0 1 5 5 1 5 5 10 0 3 0 0 1 1 10 1 3 0 2 10 2 0 0 2 2 0 0 0 5 10
5 3 0 1 2 4 2 0 1 5 5 2 2 0 5 5 0 3 5 1 4 0 1 10 0 0 10 0 1 1 0 0 1 2 0 2 0 10 6 5 0 5 10 0 2 10 5 10 0 0 5 1 1 1 0 0 4 3 0 2 2 10 0 1 0 2 0 2 2 2 2 10 2 2 2 4 5 5 1 5 5 2 2 0 0 0 5 0 1 0 5 2 0 2 3 2 1 2 0 1 10 0 0 10 0 0 0 1 10 0 0 1 10 10 5 1 5 5 0 1 5 5 0 10 0 1 10 5 5 1 0 5 2 1 10 1 0 0 10 10 5 6 0 1 5 0 0 10 10 1 5 0 10 10 0 2 2 10 1 10 1 0 0 2 2 2 0 0 0 2 5 2 0 2 2 5 2 3 0 0 0 0 1 1 1 5 0 0 1 0 6 0 3 1 10 0 2 0 10 3
2 1 0 2 1 5 5 0 0 2 5 0 2 0 2 0 0 0 5 5 5 5 0 2 1 2 0 2 3 1 5 0 0 5 0 6 10 5 5 2 2 5 2 0 0 5 10 5 0 0 2 1 1 0 10 1 2 6 10 0 5 0 4 0 0 2 5 0 2 0 2 4 1 1 0 0 3 2 1 1 2 1 0 5 3 0 5 10 2 2 5 2 5 2 0 4 10 5 0 1 5 0 1 0 0 10 4 10 0 0 0 0 2 0 2 5 2 3 0 1 6 2 0 0 2 2 0 5 2 10 10 10 0 0 2 10 2 2 1 0 2 5 0 2 0 1 0 2 0 1 4 1 2 0 3 2 2 0 5 5 0 3 0 5 1 0 2 0 0 10 0 1 10 5 2 10 5 3 1 0 1 10 5 2 0 0 0 0 2 0 2 0 5 10 1 4 2 0 5 0
5 4 0 10 5 0 5 0 6 0 2 3 0 5 2 5 10 10 0 5 2 0 0 1 2 2 1 0 3 0 1 0 0 1 0 2 5 10 5 0 2 1 0 5 0 1 2 0 5 2 0 2 0 0 3 10 10 10 10 2 3 0 0 0 10 2 5 5 0 2 5 5 2 0 0 0 0 0 0 0 10 0 2 6 5 5 0 0 2 0 0 1 0 1 5 2 0 2 2 0 0 0 0 0 5 3 10 5 5 0 1 5 2 2 0 0 2 0 1 5 5 0 10 1 0 0 10 10 5 2 0 10 0 1 0 3 0 0 5 2 5 0 5 5 1 1 0 2 2 0 10 0 4 5 0 3 2 0 5 5 5 5 5 10 3 1 0 5 3 5 0 2 4 10 4 0 5 10 0 10 0 2 0 1 0 5 5 2 0 0 0 0 0 5 5 2 0 0 3 0
0 0 10 5 1 5 0 5 2 0 5 5 4 2 0 0 5 1 0 0 1 3 5 1 0 3 3 10 0 1 5 10 0 5 0 3 1 1 5 0 2 0 5 5 2 2 5 0 1 1 2 0 2 1 2 2 0 2 0 1 0 10 6 2 0 1 0 0 5 0 3 2 0 10 2 2 0 5 2 1 1 0 0 0 0 0 0 0 0 3 10 3 2 0 0 2 1 5 0 0 0 0 2 0 3 5 1 5 5 0 0 0 10 10 5 0 0 5 2 1 1 0 0 0 2 1 5 5 0 0 0 5 2 2 1 4 5 6 4 10 10 0 1 5 1 5 0 5 0 2 0 10 0 2 0 5 1 10 10 1 5 2 10 0 0 5 5 2 5 0 10 2 0 10 0 0 5 5 10 10 0 1 1 10 1 5 2 4 2 2 0 10 1 5 1 2 5 5 2 2
1 1 5 10 2 0 0 2 5 2 2 5 2 6 1 0 0 0 2 1 5 0 5 3 0 2 2 0 2 2 5 2 0 5 1 0 2 2 5 0 0 5 5 1 0 0 1 0 1 1 0 2 0 0 2 0 1 1 0 1 2 5 0 1 3 2 2 2 0 2 3 5 2 5 2 2 4 0 4 0 0 2 1 0 1 5 3 2 3 2 0 2 2 1 4 2 5 6 5 0 2 4 5 10 0 2 3 10 0 0 0 2 1 2 2 0 10 5 1 0 10 0 0 0 2 5 0 3 5 0 5 5 0 10 5 5 2 0 0 5 2 0 2 0 0 2 0 2 5 1 0 0 10 4 5 2 0 1 0 1 1 1 5 5 0 0 1 10 0 5 0 5 0 1 0 5 3 0 0 2 1 10 5 4 0 10 4 5 0 0 0 10 1 2 5 5 2 2 1 10
2 0 2 2 1 3 0 0 0 2 10 0 5 2 0 0 5 0 3 10 10 0 0 5 3 2 2 4 5 5 10 1 5 5 0 0 10 0 5 10 0 1 10 0 2 5 5 0 1 0 0 1 0 0 0 1 0 4 2 0 1 0 3 0 10 10 1 10 4 5 5 0 10 2 0 4 0 0 3 0 5 5 5 2 2 1 2 0 10 5 0 5 5 2 2 0 0 1 0 1 2 1 1 2 6 5 10 5 0 0 0 5 5 0 0 4 1 10 10 2 2 1 10 5 4 1 4 4 2 0 0 0 5 4 0 5 5 0 6 1 1 1 0 0 2 10 5 2 0 0 5 5 0 5 0 10 1 2 2 2 2 4 0 3 1 2 0 0 2 0 5 0 1 2 2 5 2 0 0 1 10 2 0 1 3 10 0 4 2 5 0 5 5 3 2 0 2 0 0 2
1 0 0 0 0 5 5 0 1 0 0 1 2 2 1 1 0 5 0 10 5 5 4 0 0 5 5 4 5 0 2 1 1 0 2 2 6 1 5 0 0 1 2 2 0 1 1 3 0 10 3 2 2 0 0 5 0 2 5 0 5 1 0 0 3 5 10 5 2 2 1 10 0 0 5 0 5 0 0 2 0 5 0 0 5 4 2 5 0 5 5 5 0 2 2 3 0 0 10 1 1 5 0 10 10 5 1 1 0 1 0 0 0 0 10 0 2 2 5 0 5 4 1 3 0 1 5 2 1 1 3 0 5 10 1 2 0 4 0 0 6 1 1 10 5 4 5 10 0 3 10 2 1 5 2 10 0 1 5 0 0 0 0 2 2 3 10 0 2 2 5 2 3 1 0 2 2 3 5 1 0 1 0 5 5 5 2 5 1 10 0 1 0 10 2 0 3 0 0 1
0 4 2 0 5 10 1 5 5 5 0 10 2 1 3 10 5 5 5 0 2 1 5 4 1 5 3 5 3 2 0 5 5 10 1 4 0 5 2 1 10 5 0 6 10 5 5 4 0 1 10 2 0 1 5 0 5 0 5 1 5 2 5 10 2 0 2 2 5 1 0 0 5 5 5 0 2 2 0 0 2 0 2 0 1 5 0 0 4 2 3 1 0 0 5 1 0 3 0 2 2 0 0 5 6 0 2 5 0 2 0 0 0 1 0 10 1 1 10 0 0 0 1 1 0 3 0 0 1 0 10 2 0 10 5 2 3 3 0 5 2 10 1 5 1 0 1 2 2 2 1 5 2 2 4 0 0 2 5 0 1 5 1 1 4 5 0 4 2 1 2 1 5 1 2 2 5 5 3 1 0 10 0 4 2 0 2 3 2 0 0 0 2 0 0 2 2 10 5 0
5 0 0 5 0 3 2 1 0 0 0 0 5 10 0 10 10 6 2 0 5 4 2 5 2 0 0 0 2 5 4 5 2 1 4 3 3 1 2 2 0 3 2 5 0 0 3 0 4 2 10 0 1 0 0 5 0 2 0 4 10 4 5 2 2 1 0 0 2 5 1 0 0 5 3 0 1 0 10 0 10 5 0 0 2 10 0 3 5 5 5 2 2 2 0 0 0 5 1 0 1 5 10 1 5 5 0 0 0 2 10 0 10 0 10 10 5 0 6 1 0 5 2 1 2 1 1 5 0 0 5 5 0 0 5 1 0 0 0 0 0 5 6 0 0 1 2 0 5 10 0 2 0 0 5 0 6 1 0 6 2 5 0 10 2 2 0 0 2 0 5 1 10 5 2 0 0 1 2 3 1 4 0 5 10 0 5 4 2 2 2 2 3 1 2 0 2 0 0 6
10 5 5 0 0 2 2 3 5 0 0 5 3 0 2 0 10 10 0 0 5 0 10 2 0 10 3 1 5 0 1 2 5 2 10 1 2 1 5 2 5 5 5 2 0 0 0 0 3 6 10 2 1 4 2 0 2 0 0 5 10 5 0 2 2 2 1 1 1 1 2 0 5 0 0 0 2 2 0 0 0 10 5 10 0 2 3 10 2 5 0 2 2 3 2 1 4 5 2 1 5 0 5 0 0 0 5 2 2 2 0 0 2 5 5 5 5 0 1 2 1 0 2 5 2 5 4 2 10 0 1 0 0 0 10 3 0 5 2 5 0 10 3 6 1 2 5 1 0 2 5 1 2 0 5 2 2 0 1 5 1 10 5 6 5 2 5 0 5 10 5 10 2 2 5 0 3 0 2 5 10 2 1 0 2 5 5 5 5 2 5 2 5 2 0 0 2 1 0 0
0 0 5 1 1 0 0 5 2 5 0 0 10 1 4 2 5 0 5 3 2 2 5 1 5 5 5 4 0 0 0 1 2 0 6 2 2 1 2 3 3 5 5 1 5 5 10 5 0 10 10 0 0 2 5 5 0 0 0 1 10 2 0 5 4 2 10 0 0 0 0 0 0 2 5 0 0 2 2 1 0 2 0 5 0 1 1 2 1 4 1 2 5 2 5 10 5 2 2 0 5 2 5 0 0 5 0 5 0 5 5 0 2 5 0 5 1 5 10 5 0 10 0 5 0 5 0 1 0 0 0 2 5 5 1 5 3 5 2 1 1 5 5 2 0 2 5 0 10 0 10 3 0 5 5 0 2 0 0 1 0 0 0 5 5 5 0 0 0 10 10 5 10 0 5 0 2 5 0 0 2 5 2 2 2 5 1 5 0 1 2 2 5 0 2 0 5 1 2 0
5 0 6 5 10 0 1 2 0 2 1 0 2 10 0 5 1 1 3 5 5 2 1 0 2 2 2 1 0 0 2 0 5 2 2 5 5 2 0 0 1 1 0 0 5 2 5 0 2 0 2 1 1 0 0 1 4 5 1 0 0 0 10 5 2 10 4 2 4 0 10 0 0 2 0 5 2 5 10 1 0 2 1 1 5 5 10 5 2 0 5 5 5 5 3 0 0 0 2 10 2 5 5 0 2 5 0 2 0 0 2 0 2 1 0 5 0 5 5 0 0 0 5 0 5 0 10 6 6 0 1 3 5 2 4 4 10 1 0 0 5 0 1 2 1 2 10 0 5 0 2 1 0 0 0 0 5 2 2 5 2 5 1 1 0 2 6 2 2 0 0 2 0 0 0 5 0 0 2 2 0 0 2 6 4 1 2 10 2 2 2 0 0 2 6 0 5 5 3 0
2 0 0 0 0 5 0 10 5 2 5 0 0 10 5 1 0 2 0 2 0 2 3 0 0 3 3 5 0 1 0 5 0 0 5 5 5 1 2 2 5 5 10 0 0 2 0 10 2 5 3 0 2 1 5 5 10 10 10 0 0 3 2 1 0 10 5 4 2 10 3 0 2 1 0 1 5 0 5 5 1 10 6 1 2 3 5 5 0 4 3 5 5 2 1 10 5 1 2 4 10 5 0 2 1 5 0 1 2 0 1 0 0 3 1 4 1 0 1 2 0 2 0 0 0 2 10 10 10 10 10 5 0 2 5 10 0 1 5 0 0 5 0 10 0 2 0 5 4 0 5 0 10 5 0 0 1 4 2 2 4 5 4 10 0 0 2 0 5 5 0 3 0 5 10 3 2 0 3 1 6 0 0 4 10 5 2 5 0 2 0 4 2 3 2 0 2 5 2 0
2 0 5 2 1 1 5 4 2 3 6 1 0 2 1 5 0 0 5 0 0 10 1 0 2 10 0 5 2 2 1 0 0 5 5 1 10 5 0 0 1 0 10 5 2 5 0 1 10 0 0 10 5 0 1 2 4 5 2 0 3 0 2 0 4 2 2 5 5 0 4 0 0 0 1 3 0 5 5 0 0 2 0 1 0 0 0 2 5 5 1 0 0 1 3 5 2 0 1 6 0 2 2 2 3 0 0 6 2 5 0 3 2 10 3 6 5 5 1 5 2 0 5 0 5 0 6 4 1 5 4 2 5 5 10 0 0 1 1 5 5 4 2 5 0 1 1 2 5 1 5 2 2 2 2 6 2 10 5 5 4 0 5 5 0 0 0 2 10 0 1 5 2 0 5 2 2 5 5 1 1 2 0 0 0 1 6 10 0 0 10 2 0 5 3 1 5 1 1 2
3 5 5 5 0 2 0 3 2 5 0 2 5 1 0 2 0 0 2 3 10 5 0 1 0 5 5 0 0 4 0 1 1 3 2 5 5 0 1 0 6 3 0 5 2 0 0 3 0 4 0 6 0 3 0 5 5 0 0 10 2 2 0 5 0 6 1 2 5 0 10 1 10 1 0 10 0 0 0 1 1 0 0 5 10 0 10 0 1 4 1 3 5 2 2 1 5 5 2 0 5 2 0 4 0 5 0 5 1 5 5 0 0 2 10 2 2 0 2 1 10 2 4 0 1 0 0 10 1 4 1 0 10 0 0 10 2 5 10 1 5 1 0 6 0 10 1 5 2 3 0 2 10 1 10 2 5 5 0 5 1 0 0 5 2 5 1 1 2 5 10 0 2 0 5 10 1 5 0 0 1 2 2 0 0 0 5 0 0 0 2 0 0 0 0 0 1 0 2 10
2 5 5 10 0 2 0 5 5 0 1 0 2 1 0 2 4 0 10 5 5 1 0 10 5 2 2 3 4 1 2 0 1 2 10 0 4 5 0 10 0 0 0 0 3 10 0 10 1 0 0 2 1 0 0 10 2 2 5 5 1 0 5 0 5 1 0 2 0 2 5 0 0 6 10 10 1 10 0 1 5 2 5 0 5 2 5 1 10 0 4 5 4 2 10 1 5 6 3 0 0 5 10 2 2 10 0 0 2 3 5 5 0 2 5 1 0 2 0 0 5 1 2 5 2 6 5 1 2 4 0 3 1 6 5 3 3 1 5 5 2 0 4 5 0 5 0 5 0 0 0 2 0 10 4 5 0 0 3 0 5 3 2 3 1 5 5 0 0 5 0 1 2 3 0 0 1 0 10 0 0 4 10 1 1 5 3 5 3 0 0 2 1 4 0 10 5 0 0 1
0 2 4 1 2 3 0 0 5 3 0 1 0 5 0 2 0 5 0 0 5 0 1 5 5 0 1 0 1 0 0 10 5 5 0 2 4 0 4 5 0 2 1 10 1 5 1 0 0 0 10 0 3 10 3 2 2 2 4 2 0 4 0 5 0 0 0 2 1 0 0 5 4 0 0 1 0 0 0 5 10 0 2 10 1 1 3 2 5 5 0 5 10 2 4 0 2 6 1 2 10 2 0 0 0 2 1 6 0 2 0 0 5 5 6 5 5 0 0 0 0 0 4 1 0 1 1 1 0 5 2 0 5 0 5 0 10 1 5 0 4 2 10 1 0 5 1 1 0 5 3 1 0 10 5 3 2 1 3 2 0 5 10 3 1 2 3 2 2 2 5 0 1 4 5 5 1 0 4 2 3 5 2 2 2 0 5 1 0 5 2 5 1 5 1 10 2 0 2 0
5 5 0 6 0 5 0 0 2 5 0 5 0 3 10 5 0 4 1 10 5 5 0 2 5 0 2 0 3 0 10 0 1 1 0 5 0 5 0 2 0 4 2 0 0 6 6 0 2 2 2 1 2 10 5 0 1 2 2 10 10 2 6 1 0 0 2 1 1 3 0 5 1 10 5 0 0 1 0 10 1 10 5 1 10 1 10 5 2 0 6 1 6 1 1 10 1 0 0 5 0 2 5 1 1 5 0 3 2 0 3 5 0 1 2 5 5 1 0 5 0 2 0 10 2 0 0 0 0 3 2 5 10 0 0 2 2 5 5 5 10 0 5 2 2 1 2 10 2 5 2 5 0 2 5 5 6 5 2 5 6 2 2 10 1 1 5 5 4 1 2 2 2 1 5 6 0 1 0 5 5 4 5 5 2 0 2 0 1 5 0 0 3 0 10 0 5 5 2 10
5 0 0 2 2 5 10 3 5 3 0 5 5 0 2 5 5 0 2 10 5 0 4 2 1 2 1 0 4 2 2 10 0 5 2 5 5 2 2 1 0 0 0 0 3 6 0 5 0 5 5 0 2 1 10 2 0 1 10 4 5 2 1 0 0 2 0 5 10 10 5 0 5 4 1 2 5 0 5 5 0 5 5 5 0 0 0 5 0 2 2 2 0 0 6 2 2 0 2 0 2 0 0 1 2 2 1 2 0 2 0 0 0 0 2 10 1 0 1 0 3 0 5 6 4 5 0 10 0 5 1 0 0 5 0 1 4 2 5 1 5 2 0 1 0 0 5 2 0 2 1 10 1 2 2 5 5 2 0 0 5 0 0 5 10 5 5 10 2 0 10 5 10 0 2 2 3 0 5 5 5 5 3 1 0 3 1 5 2 0 5 2 0 5 4 0 3 2 0 1
1 2 2 4 2 0 1 5 10 2 2 1 0 2 10 0 2 6 0 2 0 2 0 1 5 5 10 2 2 0 5 2 1 1 0 3 5 5 2 1 2 0 5 2 5 10 10 0 2 0 5 0 2 10 5 2 0 1 0 2 4 5 2 2 2 1 5 0 0 5 0 5 0 0 10 0 3 5 2 0 3 1 10 4 2 5 2 6 2 1 2 1 1 0 0 0 0 2 0 5 1 1 0 0 0 0 5 0 4 0 0 10 2 0 0 2 3 4 0 1 1 5 10 10 0 1 0 5 10 0 1 5 5 5 1 0 0 5 0 5 2 5 5 0 0 2 5 6 0 0 4 0 10 0 2 0 0 5 5 0 5 2 2 10 0 1 3 0 0 2 5 0 5 5 0 1 2 0 0 2 4 1 0 4 5 10 2 0 5 1 0 0 5 0 1 1 5 0 2 10
4 3 1 10 2 5 0 3 3 3 1 0 3 2 0 0 0 2 0 2 5 5 0 5 0 5 2 6 5 3 0 0 1 1 6 2 2 0 0 0 0 1 0 0 2 0 5 2 2 2 0 5 0 4 2 5 2 1 0 4 2 5 5 0 1 1 10 0 0 5 5 4 0 5 2 10 5 2 5 0 0 10 0 5 0 0 5 0 1 2 0 5 0 2 0 0 0 0 1 4 0 0 0 0 2 10 5 2 0 2 5 0 5 0 6 1 2 6 4 0 1 5 2 2 2 2 10 10 5 2 2 0 3 10 2 2 4 0 4 5 5 1 5 0 6 2 5 5 4 5 10 2 2 5 0 0 5 3 10 5 3 5 6 10 4 0 0 0 0 10 0 5 10 0 5 2 2 5 0 0 0 0 10 2 2 4 5 5 4 2 0 0 5 0 2 10 0 0 2 0
2 2 2 5 5 10 10 4 2 2 5 0 5 0 0 0 1 0 5 2 5 10 5 2 5 0 0 5 0 5 10 5 10 2 0 3 10 0 5 2 5 10 4 2 0 0 2 0 2 0 2 0 2 5 2 1 5 1 0 0 10 0 0 2 0 3 10 5 5 0 0 10 5 2 2 5 5 0 1 2 0 2 10 0 5 2 2 1 0 2 5 6 0 5 1 10 1 2 1 1 0 5 5 1 0 5 2 0 5 2 3 0 0 2 5 2 0 0 0 0 10 1 1 0 0 2 4 0 6 5 5 2 1 2 0 0 5 6 3 5 5 0 5 0 5 0 5 0 1 5 5 5 0 5 2 0 0 0 3 0 10 2 5 5 5 5 0 0 2 2 0 1 2 2 1 5 0 0 5 2 5 5 0 0 2 4 1 5 2 5 1 5 1 4 10 2 0 5 5 4
0 2 0 0 1 0 5 5 2 1 10 2 10 0 0 1 4 5 5 0 10 2 1 10 2 5 5 1 0 5 1 0 2 2 3 1 0 4 4 0 1 0 0 0 2 2 2 2 2 2 5 3 3 5 1 0 1 2 0 10 3 4 10 5 0 0 5 0 5 0 0 10 5 2 5 10 3 0 2 1 1 0 5 0 4 0 1 6 0 1 1 1 2 0 0 3 1 2 0 10 0 10 0 0 10 5 0 5 0 2 5 1 10 1 10 6 5 1 0 10 5 1 2 1 2 1 0 0 5 10 0 2 0 3 5 1 1 0 6 2 5 0 1 6 1 0 1 1 2 5 2 2 1 5 2 2 5 0 5 2 0 2 0 0 0 5 1 0 0 2 0 2 6 2 0 5 10 2 5 1 2 5 5 10 1 10 5 1 5 10 2 5 0 2 2 5 4 0 5 1
0 0 5 2 1 10 6 2 2 5 0 4 3 0 0 0 10 0 5 5 2 10 3 1 2 0 6 0 10 4 1 1 0 0 5 0 5 10 0 5 5 0 5 1 5 1 2 1 10 4 5 2 5 0 10 0 0 0 0 0 0 0 1 0 5 5 0 5 4 10 10 0 0 0 5 5 5 2 5 10 0 0 10 2 1 2 4 5 0 0 0 2 10 3 0 2 3 5 0 2 5 5 10 0 10 5 2 2 1 0 5 0 1 2 1 0 0 10 5 0 5 2 2 5 1 0 2 1 0 2 0 0 10 5 5 0 0 5 1 0 0 5 5 0 0 5 0 0 10 1 2 1 10 0 0 6 5 0 5 10 6 2 0 5 1 2 0 0 0 5 1 5 2 0 1 2 1 2 0 0 10 2 2 2 3 5 4 3 5 1 4 1 5 1 0 0 0 1 0 2
0 4 1 0 0 0 0 5 10 2 0 0 0 5 2 2 0 1 5 5 5 0 5 5 0 5 5 3 0 0 1 5 3 1 5 0 0 0 10 10 5 10 1 0 0 0 6 5 2 1 2 0 2 10 0 5 0 5 0 0 2 0 10 0 4 1 5 0 0 5 5 0 0 5 0 2 0 5 10 0 1 5 5 5 2 0 10 10 0 0 3 2 0 0 0 0 4 4 1 1 0 10 0 1 0 5 0 5 4 0 10 2 2 0 5 0 1 0 2 1 1 0 5 2 1 2 4 0 5 0 0 5 1 0 5 2 2 0 0 5 0 4 0 0 0 4 0 5 2 10 1 2 5 1 10 5 1 0 0 0 0 0 2 5 1 0 0 5 0 5 5 0 0 3 0 0 5 2 5 4 10 5 0 5 10 2 0 1 2 0 2 3 1 4 2 1 2 0 0 0
5 2 6 2 0 10 0 10 2 3 0 5 1 0 5 5 0 10 1 10 4 0 2 5 0 5 10 2 0 0 0 0 1 0 6 0 2 10 2 0 3 5 1 1 5 5 5 0 2 1 0 10 5 2 0 5 5 0 2 2 1 0 1 6 0 10 4 0 5 2 2 0 5 0 5 0 1 10 5 0 0 3 2 0 0 10 2 1 0 5 5 10 5 0 1 4 0 2 0 5 0 0 10 0 0 2 10 1 0 5 2 0 3 10 0 0 1 2 2 6 4 2 2 0 5 1 0 0 0 0 0 0 10 0 5 10 0 0 10 0 2 2 10 6 2 1 5 4 5 2 0 2 5 2 4 5 1 5 5 2 2 0 10 3 0 0 1 2 2 10 5 0 0 1 5 0 2 2 5 3 5 0 2 0 2 0 0 5 1 0 0 1 10 0 3 10 5 5 0 0
0 10 10 1 1 0 2 0 10 10 6 5 5 2 0 2 5 0 0 1 2 2 6 4 5 10 2 5 5 1 1 10 0 5 2 2 10 0 5 2 1 4 5 3 0 4 2 2 2 0 0 2 2 0 5 5 3 0 5 0 0 1 0 10 0 5 1 10 2 2 5 5 0 5 0 0 0 0 1 1 0 10 0 0 0 0 2 2 0 0 0 2 5 2 2 2 2 5 4 0 1 2 2 10 5 0 0 0 1 1 0 0 2 5 0 2 0 0 5 0 0 0 5 5 0 2 0 4 0 2 0 6 0 0 3 2 0 5 0 0 2 0 4 2 1 5 0 2 0 0 5 1 2 5 0 5 1 3 0 5 0 0 2 10 2 4 1 0 10 2 5 2 3 2 10 10 0 2 0 0 0 5 0 0 5 2 1 0 5 2 5 0 0 10 0 3 0 10 5 5
2 0 3 5 2 0 3 5 0 0 4 0 5 0 1 0 0 0 5 0 2 4 10 5 0 0 2 1 0 2 2 2 1 0 2 5 4 0 0 2 2 0 10 2 0 3 5 2 4 0 0 2 2 4 0 0 0 0 0 5 1 3 10 10 1 0 2 0 10 5 10 5 2 0 0 0 0 2 2 2 1 0 1 10 5 2 1 2 2 5 0 10 1 2 5 1 0 3 10 5 2 10 4 2 5 3 5 1 5 0 1 2 1 1 5 0 5 4 1 5 0 2 5 10 2 0 3 1 4 2 1 2 5 0 3 0 1 0 0 0 0 1 10 5 4 0 0 0 5 1 5 0 2 3 2 1 1 0 3 0 10 4 10 3 1 3 5 0 0 5 2 1 10 2 0 5 0 2 10 3 1 2 0 0 5 0 2 0 3 0 0 1 4 2 2 0 2 2 5 0
0 4 2 0 5 5 0 0 6 5 0 4 1 0 5 5 2 5 0 2 0 0 1 0 5 2 5 2 4 3 2 4 1 10 2 1 3 3 0 10 0 3 10 2 2 5 1 4 5 3 0 0 4 0 5 2 1 2 0 2 5 0 0 1 0 0 5 3 5 5 3 5 0 1 0 0 0 0 2 10 0 1 3 2 0 10 4 0 1 6 0 4 0 2 6 0 5 3 0 2 10 2 2 0 5 2 1 0 10 2 5 5 5 1 2 0 10 10 0 1 2 1 0 5 1 2 1 3 5 4 5 1 0 5 0 0 3 2 0 5 0 5 2 5 10 5 1 2 3 3 3 2 1 2 0 1 5 4 1 1 2 10 10 5 1 5 5 0 5 0 0 0 0 5 0 1 0 4 0 1 5 5 0 0 0 5 0 10 0 5 10 5 5 0 0 5 0 10 0 0
2 5 2 0 10 5 2 0 2 2 0 10 10 0 0 0 5 2 2 1 0 1 10 5 2 2 3 2 10 2 5 10 0 10 3 1 2 2 1 2 2 5 2 2 10 0 1 0 5 2 0 5 0 0 0 2 0 2 2 5 0 5 0 10 0 1 0 5 2 0 0 2 5 10 0 2 0 0 2 0 10 0 0 5 2 1 2 1 5 2 5 0 1 10 1 0 1 1 0 2 10 0 0 0 2 5 5 5 5 2 2 2 2 6 0 5 2 5 0 10 0 10 0 5 5 0 10 1 3 0 5 10 0 6 4 10 0 0 4 5 5 5 0 0 4 2 1 10 2 0 0 5 4 5 0 5 1 3 1 1 1 0 3 10 1 10 10 0 0 1 0 5 1 2 3 0 2 5 2 5 5 0 0 1 1 0 1 0 1 10 0 2 0 2 0 2 0 0 4 4
0 0 0 0 0 0 5 0 1 2 10 0 0 5 0 1 4 0 5 0 0 0 10 1 1 0 0 0 0 10 0 5 0 0 2 1 2 2 0 5 5 2 0 5 1 2 4 0 1 1 0 2 4 3 0 0 10 0 2 10 5 5 0 0 0 0 5 2 5 1 2 5 10 5 1 2 2 2 0 0 2 0 0 1 1 3 0 0 5 3 1 0 5 1 5 6 0 4 5 2 1 5 6 0 0 4 0 5 3 2 1 2 0 5 0 10 1 10 2 10 2 0 0 2 4 5 1 5 3 0 1 0 0 0 5 0 3 2 2 0 0 1 2 5 5 0 2 0 0 0 1 3 0 5 0 10 2 1 0 0 0 2 10 2 10 0 5 0 4 1 0 0 5 10 1 1 1 2 2 10 4 0 1 10 2 1 10 5 0 1 5 10 3 2 5 2 0 5 2 0
1 2 0 5 2 0 4 2 10 0 0 5 0 1 2 5 0 4 5 5 5 1 5 0 10 5 5 5 5 2 2 0 1 5 4 1 0 5 4 5 2 2 2 0 5 1 4 10 5 1 0 1 0 0 2 0 0 0 1 1 5 0 1 1 5 10 5 0 0 2 1 10 0 0 1 2 10 0 0 0 1 5 5 0 0 5 5 1 4 2 2 2 2 0 1 2 5 1 5 5 2 0 5 5 0 10 2 1 6 10 4 5 0 0 5 1 0 5 5 0 0 0 5 5 10 2 2 0 0 6 0 1 2 5 1 0 2 3 1 2 2 1 0 5 5 0 0 1 0 5 2 5 0 1 0 5 2 2 3 0 2 0 2 0 2 0 1 10 4 5 2 0 2 0 10 0 0 0 2 2 0 10 5 5 10 4 5 0 5 2 2 0 6 2 10 0 5 5 0 0
0 0 0 2 1 4 3 5 3 2 0 4 5 0 5 1 2 0 2 0 2 1 1 2 5 5 5 10 0 0 0 2 5 6 5 2 5 2 0 0 1 5 5 3 2 2 10 2 5 2 10 1 0 5 0 2 10 0 0 0 1 0 1 5 10 1 0 3 0 0 1 0 1 0 0 1 0 10 2 1 0 2 6 5 5 0 0 2 6 5 6 5 2 2 3 3 5 0 1 5 0 3 5 0 2 0 1 1 0 0 0 2 6 0 2 2 0 3 0 5 3 1 0 10 6 5 5 10 5 10 0 10 0 5 0 5 5 5 1 5 4 0 0 2 2 5 0 3 0 5 1 5 2 0 2 1 2 5 10 5 0 1 3 2 2 0 0 0 0 2 0 1 0 2 0 5 2 10 2 5 10 2 2 10 0 6 1 5 2 5 10 3 0 10 4 5 4 5 10 0
10 5 0 2 0 0 10 0 0 0 0 1 4 1 5 0 0 0 2 0 5 5 10 5 0 0 4 2 5 3 5 2 0 5 2 5 1 0 4 5 5 1 0 1 3 0 2 10 2 1 0 0 2 5 5 0 5 10 2 2 10 2 0 2 0 10 5 1 10 2 0 0 5 3 10 0 1 0 0 5 2 0 0 0 2 2 10 3 0 1 0 0 4 2 5 0 1 3 0 0 1 10 10 5 0 2 0 1 5 5 3 0 2 0 4 5 0 2 3 1 2 0 5 5 1 0 1 0 2 5 0 2 5 0 5 3 6 5 5 3 2 5 0 5 1 2 2 5 0 10 6 2 0 2 5 1 5 4 0 6 2 10 0 0 2 0 10 5 0 10 0 3 2 0 0 5 0 5 2 4 5 5 2 0 2 1 0 5 5 3 0 10 2 2 0 0 5 3 10 5
5 0 0 1 1 1 5 0 2 2 0 2 0 5 10 5 1 0 0 5 0 0 1 5 1 0 5 0 10 0 5 10 1 10 6 5 0 6 10 0 2 2 1 0 0 1 1 2 2 0 2 0 1 5 0 2 0 5 0 1 6 0 0 5 2 5 5 10 0 10 5 10 5 2 0 1 3 0 0 5 6 0 0 2 4 1 0 0 3 0 10 5 5 5 10 5 2 1 4 0 0 0 5 0 10 0 2 0 0 0 2 10 5 0 1 5 5 5 2 1 3 0 5 0 2 5 10 5 5 10 10 1 10 0 1 2 5 0 2 5 0 5 2 0 2 5 10 6 1 0 10 2 5 0 0 2 1 4 6 2 0 10 3 0 10 0 3 0 5 1 0 0 0 0 0 2 5 0 0 10 3 2 2 1 10 2 0 0 10 6 1 5 0 0 2 0 2 2 10 3
2 2 5 3 1 0 5 0 2 1 10 2 0 2 10 1 0 2 5 2 5 5 2 0 5 0 2 0 0 0 1 1 0 0 3 2 0 0 2 5 0 0 0 5 0 5 6 1 0 5 6 0 0 2 0 0 0 10 5 1 1 1 5 0 10 1 5 4 5 0 0 2 5 0 0 10 2 5 1 0 5 0 2 0 4 0 0 2 2 0 2 4 3 1 5 5 2 5 2 2 10 0 3 2 1 2 5 5 2 1 2 5 5 0 1 5 0 0 2 10 0 2 0 2 4 5 0 10 2 0 2 10 1 2 0 2 3 2 2 5 10 0 0 4 1 1 2 0 0 0 2 0 1 2 5 0 0 2 0 0 5 5 0 0 10 10 5 2 5 5 10 0 3 2 0 1 2 1 5 5 5 0 5 5 4 1 0 2 0 4 10 4 5 0 0 0 1 5 6 5
4 0 0 5 5 2 0 0 1 5 1 5 2 0 0 0 3 2 1 0 2 0 2 2 0 0 5 0 4 0 6 1 0 0 2 3 5 0 1 5 5 0 0 0 0 0 0 10 0 3 5 0 1 2 5 1 2 0 0 5 2 0 10 5 1 10 0 2 0 5 4 1 2 0 0 5 0 2 1 0 5 2 4 4 0 10 0 0 1 3 4 10 5 5 1 5 5 3 4 10 3 2 0 0 6 5 1 10 3 4 0 5 5 0 0 5 5 3 10 0 0 0 2 5 2 4 0 6 5 0 3 2 2 5 0 0 0 0 3 0 0 10 0 0 5 5 1 2 4 2 5 0 0 1 1 0 0 0 0 10 5 0 0 0 3 4 2 0 1 3 3 2 0 0 1 5 3 5 0 2 1 0 0 4 2 0 0 5 1 3 0 10 4 3 5 5 0 2 1 0
0 0 5 5 0 5 2 2 2 0 0 6 4 2 0 0 0 5 10 6 5 2 1 0 3 2 0 5 5 10 0 0 2 2 1 6 10 2 0 5 5 10 2 5 0 0 5 5 0 0 5 0 5 1 4 5 10 2 1 5 3 0 0 2 1 1 0 5 0 2 0 2 0 10 0 2 10 1 3 5 0 2 1 0 10 0 5 2 5 2 5 2 0 2 5 2 0 1 0 5 1 0 1 0 5 0 0 5 0 0 5 2 10 2 2 2 0 0 3 2 4 0 6 1 1 10 5 5 2 2 0 2 0 0 1 4 0 2 2 2 5 0 10 0 10 3 4 5 0 0 10 0 5 5 1 5 6 2 2 0 2 10 1 2 5 4 2 1 10 0 2 0 5 5 4 3 5 0 4 2 3 5 0 1 0 2 4 5 0 10 0 2 4 5 1 5 0 2 5 3
2 0 5 2 2 0 2 0 2 10 0 0 0 5 1 0 0 0 0 5 0 5 0 0 0 0 5 2 4 0 0 5 0 5 5 0 2 5 4 5 1 0 0 0 0 5 5 5 5 5 0 0 3 2 2 0 0 3 1 10 5 0 10 5 3 10 0 2 5 2 1 4 10 2 2 1 4 2 0 5 0 10 0 0 0 5 0 0 5 0 2 0 0 5 4 2 5 1 3 0 2 1 0 1 2 1 2 2 0 5 6 1 4 1 5 10 2 0 0 2 2 0 1 2 10 2 3 0 3 5 5 5 5 2 2 0 0 0 6 10 0 3 5 6 4 5 2 1 5 1 5 1 5 1 6 2 0 3 2 10 0 0 0 0 1 5 1 10 0 0 0 0 0 2 5 5 1 1 5 5 6 0 5 2 0 0 3 4 2 0 6 1 0 1 0 10 0 2 5 2
3 0 10 0 5 0 2 5 5 0 3 5 1 10 0 5 2 5 1 0 2 5 0 0 5 0 5 4 2 5 5 6 0 0 5 10 0 5 2 5 4 2 3 2 0 5 5 1 0 10 0 0 2 0 5 0 3 10 2 5 5 2 0 1 2 5 5 6 0 1 6 5 10 1 2 2 0 1 0 1 2 3 0 2 0 2 0 0 2 0 2 0 2 0 2 1 0 1 1 1 1 5 2 1 0 6 4 4 4 0 10 0 5 5 2 3 5 2 3 5 4 0 2 5 0 5 0 0 2 5 0 0 5 6 5 0 5 3 5 0 10 5 5 4 2 2 0 0 0 0 1 1 10 0 0 0 2 0 2 2 5 5 1 3 0 2 3 3 1 3 5 5 0 1 0 0 0 2 2 0 5 1 1 2 1 10 0 1 0 0 0 0 5 0 5 2 1 0 5 1
4 1 0 3 0 2 2 0 0 5 0 5 1 0 0 3 0 5 0 1 10 2 3 5 10 0 2 5 3 5 5 2 10 6 10 0 5 0 5 0 0 2 5 0 2 2 0 0 1 2 2 0 3 10 0 4 5 2 1 2 0 5 1 10 5 2 0 2 1 0 0 0 0 0 0 2 1 5 5 4 6 0 3 2 1 5 5 2 0 4 2 5 0 0 5 10 4 0 0 2 5 10 5 0 2 0 0 0 10 0 5 0 0 5 0 0 1 2 1 1 0 2 5 5 5 2 6 0 0 1 2 4 0 0 0 1 0 1 2 5 0 0 2 1 0 5 0 0 4 5 2 0 2 1 2 2 3 10 0 5 0 10 5 2 2 0 10 0 1 5 1 5 0 5 2 0 10 0 4 2 0 1 0 0 0 0 10 0 5 5 4 2 5 6 0 10 0 0 2 2
0 5 5 0 5 0 2 1 5 2 0 5 2 6 0 5 6 5 0 1 2 1 0 5 0 0 1 1 10 0 1 3 0 0 5 2 1 0 5 1 0 0 1 1 2 2 2 0 0 2 0 3 2 5 5 2 5 5 4 0 4 5 4 0 5 0 2 1 2 2 1 0 0 5 0 5 6 2 3 2 5 1 0 0 3 2 0 0 4 0 3 2 5 1 5 6 0 0 1 2 0 0 2 0 5 1 3 0 0 0 5 5 0 0 5 0 2 0 0 1 5 0 5 1 0 5 3 0 0 0 1 6 0 10 0 0 0 5 0 0 4 10 0 0 2 0 1 0 0 4 0 6 5 0 0 0 1 6 1 1 2 0 5 0 5 0 1 0 1 5 2 0 5 5 2 0 5 2 1 0 2 0 2 0 5 1 5 5 0 5 0 3 0 5 1 2 10 10 0 0
1 0 2 2 5 10 5 10 2 10 2 5 0 5 5 3 0 2 1 0 6 2 2 1 0 10 10 2 5 1 3 0 0 0 0 0 1 5 5 6 5 0 5 2 0 5 5 10 5 5 0 10 0 0 5 3 5 0 1 5 3 1 1 4 0 6 2 2 0 5 1 0 3 5 0 0 0 5 1 2 6 0 10 2 4 5 2 2 2 3 0 3 4 5 0 10 10 4 1 1 1 0 2 3 0 0 4 5 2 3 3 2 0 1 2 5 0 1 2 0 2 0 0 2 0 0 3 0 1 0 5 1 5 10 2 5 5 10 0 2 0 10 1 1 0 0 0 0 2 0 4 2 5 2 5 2 2 2 2 5 4 3 5 0 1 0 2 4 4 4 5 2 0 1 5 4 5 4 5 4 0 0 0 5 4 2 3 5 0 10 5 5 3 4 2 5 2 1 0 2
0 0 3 0 5 5 10 4 3 0 5 5 2 5 4 3 0 1 0 10 1 2 1 10 2 10 1 0 0 2 4 10 5 10 0 2 10 1 2 1 5 0 2 5 0 10 0 1 2 2 1 3 2 5 5 1 2 2 2 5 5 0 3 5 5 1 2 1 5 6 1 2 2 10 2 10 4 0 0 2 5 0 5 4 10 2 0 0 5 2 3 0 0 5 0 2 5 2 2 2 2 0 4 5 10 0 0 10 0 0 10 2 2 0 3 5 0 0 6 0 0 1 10 5 0 5 0 2 2 1 0 2 0 6 5 2 0 1 4 4 0 0 0 2 0 0 0 2 1 1 0 0 1 1 1 1 5 2 0 5 2 4 5 0 0 5 2 0 3 0 0 0 3 3 5 5 0 5 2 10 5 5 0 5 0 10 0 2 0 5 0 2 4 0 5 1 1 5 1 0
10 2 0 6 5 5 0 1 2 6 5 0 1 2 1 0 1 3 2 2 3 1 1 5 0 10 5 2 0 5 2 0 5 5 0 0 2 6 0 5 5 5 3 5 2 0 0 1 0 5 0 2 2 5 0 0 2 2 5 5 5 0 5 4 10 6 0 1 0 0 2 10 0 5 5 1 0 1 5 2 2 4 5 3 5 0 0 2 0 5 4 0 0 0 0 6 1 0 2 0 5 2 0 0 4 2 6 5 2 0 10 0 5 10 2 0 10 5 2 2 2 10 0 1 0 10 1 5 2 0 5 2 10 1 2 0 10 4 2 0 5 1 1 1 2 1 5 0 2 2 2 10 0 0 2 5 5 1 5 0 1 1 2 5 2 1 5 2 5 5 0 10 0 0 0 0 0 10 6 0 10 5 4 2 1 2 10 0 5 1 0 3 2 4 0 0 0 0 3 0
5 0 10 3 1 3 5 0 2 6 10 1 0 5 2 2 0 0 0 1 1 3 0 2 5 10 0 0 6 10 5 10 5 0 2 3 0 2 0 0 0 0 0 1 2 1 2 1 2 2 1 0 1 2 2 0 2 3 2 5 2 1 2 2 2 1 0 0 2 5 0 3 0 0 2 2 2 10 1 0 2 2 5 1 5 2 5 0 0 1 5 5 0 0 2 1 0 0 0 1 0 1 1 2 0 0 0 5 10 10 0 4 3 10 0 10 2 0 2 1 5 1 5 5 5 1 2 0 0 0 5 2 0 2 5 10 10 10 2 0 0 0 2 10 1 0 5 0 2 5 10 2 6 5 1 4 2 0 5 2 4 10 2 5 2 0 6 5 5 0 2 1 10 2 5 1 2 0 5 5 1 5 2 5 2 5 5 2 10 10 2 0 2 0 0 5 0 0 0 0
10 0 5 5 0 1 1 3 1 2 0 0 1 0 5 5 5 2 6 1 1 2 5 1 0 2 0 6 10 0 1 5 0 5 2 6 0 4 0 0 2 0 0 5 6 4 2 2 3 0 5 0 4 2 2 5 0 2 5 3 1 3 2 10 4 1 6 0 0 1 0 0 0 1 2 5 6 1 5 1 3 5 10 5 1 5 4 2 5 5 0 0 0 2 0 0 5 0 5 1 3 0 0 2 1 0 5 0 0 1 1 1 10 0 5 2 0 5 10 0 5 2 0 0 2 2 5 6 0 4 0 2 2 5 1 0 0 5 0 0 5 5 5 1 1 1 5 0 10 0 2 2 5 1 5 2 2 1 0 2 10 5 0 0 5 0 0 2 2 2 2 5 3 5 5 5 2 1 5 5 5 0 5 0 1 0 0 1 4 5 6 2 3 3 6 0 1 5 4 1
5 10 0 0 0 3 2 2 0 0 5 5 0 2 0 0 3 10 4 5 2 0 5 0 1 1 1 10 2 1 3 0 5 5 0 0 5 0 5 10 5 0 2 0 1 0 2 0 2 4 2 2 2 0 3 1 0 1 10 0 10 5 1 1 0 10 2 0 0 10 3 2 0 4 2 1 0 0 6 2 3 0 5 5 5 2 2 1 10 6 10 2 6 1 0 0 5 0 1 1 5 0 5 1 2 10 3 0 10 0 0 0 10 1 0 1 0 3 3 0 4 10 0 0 5 2 10 0 10 5 1 1 4 5 2 0 0 2 2 0 2 1 2 0 2 5 5 1 0 5 4 1 1 5 2 1 5 0 0 3 0 4 0 2 1 0 2 0 5 5 5 5 5 0 1 5 1 5 0 2 0 4 3 0 3 2 1 2 0 10 0 1 10 6 5 5 5 5 1 0
0 1 10 0 5 2 10 2 2 1 1 2 0 2 0 0 4 1 0 0 0 0 0 2 5 0 0 0 5 10 2 2 2 0 5 10 5 1 4 6 1 0 1 0 0 1 5 2 1 10 0 1 5 0 0 0 0 4 5 0 5 2 5 5 2 1 2 0 0 1 1 3 4 0 2 0 5 1 0 5 5 1 2 2 5 0 5 0 4 0 10 5 1 0 5 5 0 0 0 0 6 0 4 2 2 5 0 5 4 0 5 5 0 0 5 0 1 5 0 5 1 5 5 4 1 3 0 5 0 10 0 0 1 1 0 1 2 5 0 0 5 1 2 2 0 5 1 1 10 0 1 5 0 2 1 5 2 3 0 1 10 5 4 10 2 5 1 0 1 2 0 0 2 2 1 5 3 3 4 0 1 2 1 1 3 0 5 10 2 0 5 5 6 5 5 2 0 5 1 2
5 1 5 5 2 0 1 0 5 0 2 1 1 3 5 4 5 6 5 2 0 0 0 5 5 0 0 2 0 1 10 10 2 2 0 1 0 0 5 0 0 2 5 1 0 1 0 0 2 5 2 5 6 1 0 3 5 5 2 0 1 0 5 6 6 0 0 2 0 2 2 5 4 2 5 3 3 1 4 1 0 3 1 5 3 1 1 1 0 0 4 2 0 0 0 0 0 0 2 0 1 2 5 0 0 10 2 0 0 0 0 5 5 10 2 2 2 5 5 5 5 5 2 5 0 3 2 1 0 0 10 3 2 0 10 1 2 0 0 2 5 2 0 0 1 0 10 2 0 2 1 4 2 1 0 10 3 5 0 0 2 2 0 5 1 2 0 0 5 0 3 5 5 10 2 0 1 10 3 5 5 3 5 2 2 4 0 5 0 5 1 6 2 1 5 5 1 10 10 2
1 2 5 2 2 5 0 2 0 3 2 0 3 1 0 2 2 0 5 10 1 5 2 2 0 5 0 10 0 5 0 5 5 0 0 2 0 5 2 2 10 10 0 1 1 0 5 0 0 0 2 0 5 0 10 0 1 2 2 2 2 1 2 3 1 0 2 0 1 1 0 0 1 0 4 10 0 0 5 5 1 0 4 2 4 0 3 1 0 1 1 2 2 0 5 1 0 2 0 5 2 4 0 10 5 2 0 2 5 0 2 0 4 5 0 0 1 0 6 2 0 0 0 0 5 2 0 0 5 5 2 5 1 2 0 0 3 5 2 10 0 6 0 0 2 10 10 0 5 0 5 0 10 10 0 6 10 1 2 1 0 5 0 4 5 0 3 2 0 5 10 3 5 2 0 2 0 0 5 5 2 5 1 2 0 2 3 0 1 5 10 0 2 5 5 10 1 0 0 3
0 0 2 5 0 2 5 4 3 1 5 0 3 2 5 0 0 0 1 10 0 0 10 1 5 0 10 1 0 2 2 0 0 0 3 4 1 0 1 5 3 4 1 4 5 0 2 2 1 1 0 0 0 1 1 2 0 1 0 10 4 6 0 0 2 5 0 5 4 1 10 2 1 5 0 5 2 2 2 5 5 0 0 2 10 5 0 1 2 2 1 2 0 1 1 1 0 0 5 0 0 1 0 0 6 2 0 10 4 5 6 0 5 5 5 2 5 0 10 2 2 1 1 0 2 0 0 0 2 0 2 5 0 10 0 10 1 5 5 0 2 1 5 4 1 5 0 0 0 0 5 2 0 0 10 1 2 0 10 1 6 0 10 2 0 5 5 0 5 5 2 0 1 1 5 10 0 4 6 2 5 2 2 3 5 1 2 0 10 0 5 0 2 5 1 2 0 5 0 3
10 2 2 2 10 1 5 0 1 4 2 6 0 5 0 1 4 5 0 0 0 3 1 1 5 10 0 0 4 2 0 0 2 5 0 5 5 0 2 5 10 5 2 10 5 0 0 10 10 5 0 0 2 2 1 2 1 5 5 2 10 0 5 0 10 0 2 1 0 0 0 5 0 0 1 2 10 10 1 2 0 1 0 10 3 1 2 1 5 0 1 2 5 0 3 5 6 1 2 0 0 5 5 0 1 5 10 2 6 0 1 0 0 0 5 2 0 2 0 0 2 0 0 0 10 0 10 10 6 0 3 10 1 10 1 0 5 1 2 2 2 2 2 5 10 5 1 2 0 5 10 2 5 2 1 6 0 5 0 5 5 10 2 0 10 1 0 0 0 2 5 5 2 5 0 3 0 10 0 5 5 1 5 0 5 0 5 5 5 5 10 1 10 1 4 2 5 1 0 10
0 1 0 2 1 1 2 2 5 5 1 6 1 0 0 5 1 0 3 5 4 2 1 5 0 5 5 2 5 3 0 5 5 5 5 1 1 10 0 2 5 2 1 0 10 0 1 0 0 0 0 0 4 1 5 0 5 0 2 5 5 2 2 5 2 2 0 1 0 5 10 5 10 0 2 10 2 0 5 0 3 10 0 0 2 0 1 5 10 0 0 0 2 1 0 0 0 2 4 1 5 0 0 3 0 1 2 5 0 0 0 5 5 0 0 10 2 10 0 1 1 0 0 0 0 0 1 10 4 2 2 2 10 10 5 5 1 3 0 4 5 2 5 0 5 3 2 5 0 6 2 5 1 0 0 0 0 10 5 0 4 0 1 5 2 0 1 4 5 2 5 0 0 5 0 2 0 5 5 0 2 5 0 0 4 0 2 0 1 1 5 0 4 10 5 5 5 10 6 5
5 2 6 2 0 3 0 0 5 5 10 2 4 0 0 0 5 0 0 2 5 3 1 5 5 10 0 0 0 0 5 0 0 5 5 5 10 2 0 5 5 4 4 5 0 1 10 5 0 1 0 2 5 1 0 0 10 5 5 5 0 2 0 10 0 5 0 0 0 5 0 10 0 10 2 4 2 0 6 5 5 10 5 3 0 1 0 2 5 2 2 4 0 1 0 5 4 5 0 0 5 0 0 5 0 0 1 2 2 0 5 1 5 0 0 3 5 0 0 1 2 1 2 0 0 2 2 0 5 1 1 5 0 0 0 6 5 0 2 2 5 0 2 2 1 1 5 2 5 0 4 2 0 0 3 2 1 0 5 1 5 0 2 1 0 5 0 2 2 2 5 5 2 5 0 0 10 0 5 1 2 0 1 10 5 2 0 0 0 0 6 5 0 5 2 5 0 5 0 10
0 1 10 2 10 5 10 3 10 5 0 10 3 0 2 2 5 2 4 10 3 2 0 0 5 0 0 4 2 1 0 5 0 5 10 5 2 0 1 0 0 0 5 0 2 5 5 2 10 0 0 0 10 2 10 5 1 0 0 0 2 2 4 2 0 1 1 0 0 1 0 0 1 0 10 2 0 0 0 5 0 5 0 2 0 0 1 1 0 0 3 5 0 2 2 1 2 0 10 0 0 3 5 0 6 5 0 2 1 0 10 5 5 0 5 0 4 3 5 0 0 0 0 6 1 0 0 0 2 1 5 5 0 0 0 5 2 1 1 2 0 0 5 2 0 0 1 0 2 0 10 0 0 1 0 2 2 5 0 2 5 2 2 0 5 0 2 2 0 1 10 0 0 5 1 0 5 0 2 2 2 5 1 5 2 5 0 5 0 10 0 5 0 0 5 2 3 5 2 0
10 10 0 2 0 5 1 4 0 0 2 5 0 0 5 5 2 5 2 10 2 0 5 2 10 2 2 1 3 1 4 5 2 10 0 0 2 10 2 1 4 0 5 5 0 10 0 5 0 0 5 3 0 6 10 6 5 0 0 2 1 3 0 2 0 1 2 0 2 0 10 10 0 0 5 5 5 2 0 0 2 0 10 1 6 5 2 0 2 5 0 10 4 0 1 2 2 0 5 6 1 0 0 6 0 5 5 0 1 1 2 5 0 10 5 4 5 1 6 4 0 2 5 4 5 5 4 5 5 6 6 2 2 5 2 1 0 2 3 0 5 0 5 3 0 1 0 0 5 5 2 0 5 0 0 0 0 0 4 0 5 0 0 0 0 6 5 2 0 0 5 10 5 5 5 2 3 0 0 5 2 0 2 0 2 1 1 10 5 0 2 5 1 2 2 10 0 5 5 5
1 0 10 0 0 5 5 10 0 5 0 10 0 5 2 1 1 0 1 0 2 2 2 10 2 5 0 5 5 0 10 2 2 1 2 5 0 0 0 0 10 0 0 4 0 0 10 5 0 10 3 5 2 5 5 0 5 0 5 5 5 0 5 10 2 5 2 0 10 5 5 5 5 2 0 3 2 5 4 10 0 2 0 2 5 0 1 6 0 1 0 0 2 0 0 10 5 10 2 2 5 1 0 5 5 0 6 1 10 0 5 3 10 5 1 2 0 10 1 10 2 2 1 6 2 0 0 0 10 2 5 1 5 1 0 5 10 0 0 5 1 0 2 2 1 4 2 0 0 1 0 6 6 1 5 0 3 2 5 0 0 0 1 5 5 1 2 0 5 1 5 5 4 5 1 5 2 3 5 0 10 2 1 2 2 1 2 2 5 5 5 0 5 0 5 0 5 5 1 0
1 2 10 3 0 0 5 10 2 0 5 0 0 1 2 5 5 6 0 0 10 4 5 2 0 1 0 1 4 2 5 0 1 2 1 4 0 3 4 5 5 5 0 5 0 0 5 1 0 4 10 1 3 10 1 2 0 5 0 0 0 0 0 0 1 0 1 5 5 2 0 2 0 10 0 5 1 5 0 2 1 0 2 5 1 0 2 4 0 3 4 0 6 0 5 3 0 2 0 0 10 2 1 0 5 6 0 2 1 6 0 0 0 2 5 3 0 2 10 0 3 5 5 2 2 0 0 0 0 2 2 5 10 0 5 5 2 0 1 0 2 0 0 4 2 2 5 5 0 10 0 0 0 0 5 0 1 5 1 2 0 1 2 5 2 0 0 0 0 1 10 1 3 0 0 1 2 5 5 0 4 1 0 0 2 0 1 0 2 5 5 5 4 0 5 5 10 0 5 2
2 5 4 3 1 2 0 2 2 0 5 5 0 1 4 0 0 0 5 5 1 2 0 2 5 1 3 0 10 6 0 1 5 0 0 0 3 10 5 1 0 0 0 2 10 5 2 2 1 10 5 5 10 5 1 5 0 2 5 2 1 6 5 0 6 3 2 0 2 0 5 2 5 1 0 1 0 5 5 1 1 1 0 5 10 5 2 4 0 0 5 10 5 5 0 0 5 0 2 10 2 5 2 2 0 1 2 0 4 0 5 10 0 2 10 0 5 0 10 10 0 2 10 4 5 1 5 0 1 10 5 5 0 1 0 5 2 5 0 0 6 0 0 3 5 5 2 5 10 5 5 0 0 5 5 0 3 0 0 5 10 10 5 10 0 0 6 2 0 0 1 2 1 0 5 5 0 1 0 0 0 5 0 2 3 5 0 2 6 0 2 6 1 5 0 5 10 5 4 5
5 2 10 1 10 5 1 0 5 5 5 4 5 0 5 0 1 5 2 3 2 2 0 3 5 1 5 1 10 3 2 0 0 2 2 5 0 1 0 3 1 2 0 1 10 0 5 2 10 0 5 5 0 0 0 0 0 2 0 0 2 2 1 2 0 2 0 4 0 5 0 1 4 0 1 5 10 5 3 6 0 5 0 2 3 0 0 4 10 0 2 0 2 10 0 10 4 0 5 4 6 0 2 1 1 10 1 4 0 5 2 0 0 0 0 10 6 5 0 0 5 0 0 5 0 0 1 0 2 1 1 5 5 4 1 10 5 1 0 5 0 0 0 0 2 5 6 1 5 2 1 5 0 2 0 0 0 1 1 5 1 1 5 1 2 2 2 2 1 1 2 0 2 4 5 5 1 2 0 0 0 0 1 1 3 1 2 2 4 5 2 5 0 1 10 1 0 5 0 0
0 1 5 4 5 2 5 3 0 0 2 4 10 5 10 2 3 0 0 5 10 2 0 1 10 3 0 5 0 0 2 3 5 5 0 10 10 3 1 0 5 5 2 0 2 0 3 2 0 0 0 0 0 0 1 2 2 2 5 0 0 5 5 3 2 0 2 0 2 2 2 0 0 5 1 0 2 2 2 10 0 5 0 1 4 0 5 0 0 0 3 0 0 10 1 0 0 0 0 5 0 0 0 0 1 0 6 0 5 0 0 0 0 0 2 10 2 5 0 0 5 0 5 2 0 5 0 3 0 1 5 5 0 10 10 0 0 0 3 10 6 0 10 5 3 10 0 1 4 1 1 1 1 5 0 0 2 4 2 0 1 5 0 0 2 0 10 10 5 2 0 0 0 10 5 1 3 2 10 2 2 2 2 1 1 0 5 5 2 2 2 2 5 5 2 5 10 5 10 1
2 0 3 2 10 1 6 10 0 0 2 5 2 5 1 2 0 5 3 5 6 0 2 0 5 2 1 4 6 1 0 0 0 0 2 1 10 0 2 2 5 5 6 5 2 5 5 5 0 0 1 0 0 0 0 0 10 0 5 2 1 0 5 5 0 3 0 0 5 3 5 5 10 2 0 1 5 2 1 4 0 3 2 2 0 5 6 10 5 5 3 10 10 0 1 0 5 0 2 6 1 0 5 10 2 5 0 5 2 0 0 1 0 4 5 3 3 1 5 10 4 0 2 6 5 5 5 1 0 3 5 0 5 0 5 1 2 1 0 2 4 10 0 5 5 5 3 5 2 0 1 5 5 0 0 1 0 2 0 5 5 1 0 0 2 0 3 10 0 0 0 2 0 2 2 2 3 5 10 2 6 2 10 0 5 2 6 0 2 6 2 0 2 5 1 0 2 0 5 5
4 2 10 10 10 4 5 1 5 0 1 0 10 5 0 0 10 2 2 5 1 0 2 5 0 4 5 0 0 1 0 2 0 0 0 0 2 5 0 0 1 4 5 0 3 0 5 0 1 0 5 0 2 5 0 0 0 0 0 0 0 3 0 5 0 5 0 10 0 0 1 0 2 0 0 2 5 2 2 5 2 0 10 5 5 2 1 0 0 5 2 2 0 4 1 0 5 5 0 0 0 5 1 5 5 3 0 10 0 0 1 0 5 0 5 0 1 2 2 0 0 0 0 5 0 10 4 2 0 0 0 1 0 2 0 2 0 3 0 0 0 2 3 10 0 1 5 2 1 5 5 3 0 5 0 5 0 2 5 0 2 0 0 2 0 1 5 0 2 1 0 2 1 5 2 0 5 5 0 4 5 0 2 0 5 3 5 5 0 1 5 5 5 2 0 2 0 0 0 10
0 0 0 5 1 5 2 5 0 1 1 0 5 10 0 2 6 0 1 1 10 0 0 1 1 5 2 0 0 1 0 0 0 0 2 2 5 0 5 1 0 1 5 2 5 10 2 1 10 2 2 10 1 5 0 0 10 2 2 2 0 2 0 0 5 0 0 2 5 0 10 1 2 3 2 1 5 2 0 0 6 2 5 5 5 10 4 5 0 0 0 2 5 3 10 10 0 5 4 5 0 5 5 5 0 10 0 0 0 0 0 5 0 0 5 0 2 2 4 5 2 2 0 1 0 0 3 10 0 10 2 4 5 5 3 1 2 2 2 0 6 2 4 2 0 0 2 6 0 5 2 1 5 1 1 1 0 5 0 10 2 1 1 0 0 3 3 3 2 1 2 4 0 1 5 2 1 0 2 5 0 4 10 5 5 10 5 1 0 0 3 2 0 2 5 0 2 0 5 1
0 0 1 10 3 0 4 2 2 5 4 5 1 0 0 1 2 0 1 2 1 5 5 2 2 0 0 0 0 2 0 5 1 0 0 10 1 0 5 4 10 5 3 1 5 0 2 10 10 0 2 10 2 0 0 1 0 5 5 1 3 10 2 2 5 1 0 0 0 2 1 2 0 10 5 1 1 6 5 0 0 0 0 0 0 2 1 5 5 0 1 0 10 10 0 1 0 10 5 5 0 0 0 0 10 5 2 2 0 0 4 0 0 0 1 0 3 1 5 5 2 3 1 2 2 0 3 1 0 0 0 0 2 5 2 3 3 0 0 0 10 0 5 4 0 10 0 0 5 4 2 5 2 0 2 0 2 5 4 2 0 0 10 5 1 2 2 0 0 5 2 2 0 0 2 10 0 3 1 5 0 2 1 10 5 2 0 0 5 5 2 5 5 5 0 1 1 0 2 2
2 5 5 10 4 5 10 10 1 10 5 2 2 5 0 0 0 5 1 10 0 6 0 0 10 5 3 2 2 0 1 5 2 0 5 2 5 0 0 0 10 0 0 2 5 2 2 10 5 2 0 5 2 0 10 0 10 5 0 0 1 3 10 5 6 2 2 0 6 5 10 1 5 0 0 5 2 0 0 5 2 4 1 1 0 2 5 2 0 5 2 3 2 0 5 0 5 2 0 5 5 0 0 5 5 1 5 10 0 2 5 5 5 1 0 2 0 0 10 4 4 3 0 6 0 0 5 1 0 5 2 0 0 5 10 5 10 0 10 4 2 5 0 0 0 10 0 0 2 2 5 0 0 2 0 1 5 0 5 5 2 0 5 1 0 5 5 1 2 10 1 4 0 0 5 0 2 5 2 0 2 10 0 0 0 2 0 0 5 0 0 6 0 1 5 2 10 0 3 0
5 10 2 1 4 2 1 2 0 10 2 0 5 0 0 3 4 0 10 5 1 5 5 0 2 10 2 3 1 4 5 1 0 10 0 1 2 0 3 5 2 2 2 0 0 5 0 5 1 5 0 0 0 4 0 10 10 5 5 5 4 6 2 1 5 5 10 2 1 2 6 0 0 0 2 0 0 5 10 1 2 5 5 5 5 2 10 3 0 0 5 5 0 10 2 1 0 2 0 2 2 10 3 0 4 2 3 0 10 10 3 0 0 0 2 0 5 5 6 2 0 0 0 1 1 1 5 0 2 2 2 10 0 0 0 5 5 1 2 5 5 2 0 0 0 10 0 1 0 2 4 0 5 0 2 3 6 5 2 5 1 2 0 0 5 5 3 1 0 6 10 0 5 0 5 0 1 0 0 2 0 1 0 1 0 1 0 2 10 4 0 0 10 0 1 10 2 0 2 10
0 0 4 0 10 0 0 5 5 2 2 5 6 5 0 5 3 4 0 0 5 5 1 5 0 0 4 2 0 10 2 0 2 5 0 3 2 5 1 5 0 1 2 0 2 10 5 5 5 2 2 0 10 1 2 1 5 5 1 0 1 5 2 0 5 5 1 3 2 0 5 0 1 1 0 5 10 2 1 0 0 0 5 0 5 0 2 5 1 2 0 0 10 2 0 0 1 2 1 5 0 2 5 4 5 0 0 5 6 2 3 1 2 3 0 5 0 2 0 1 3 2 2 0 0 2 1 4 5 5 5 0 0 5 5 1 0 5 1 4 2 2 3 3 0 10 2 0 0 5 1 2 0 2 1 0 0 0 10 0 0 0 0 1 0 5 5 0 5 3 10 0 10 0 2 10 0 5 1 4 5 3 0 3 0 0 4 1 4 1 2 0 0 10 2 5 2 5 0 6
5 2 0 0 5 0 5 1 10 5 0 3 2 0 3 5 5 2 1 4 5 0 4 1 0 10 5 6 1 1 0 2 2 0 0 0 1 0 5 2 5 1 2 1 0 5 5 1 5 3 0 5 5 10 2 1 0 0 5 5 0 5 0 2 0 1 0 4 6 0 1 10 0 2 0 4 10 5 10 5 3 2 5 0 3 0 0 2 2 0 1 0 5 0 5 3 5 5 0 0 2 10 0 3 1 10 2 0 5 5 1 2 2 1 0 5 2 0 5 4 0 1 1 0 0 0 5 0 0 0 0 0 1 10 0 2 0 1 4 1 10 5 1 0 5 4 0 2 5 10 2 10 2 2 10 2 5 10 6 1 2 1 10 0 0 10 0 0 2 0 3 2 0 10 5 10 1 5 3 3 5 2 1 2 2 10 10 2 5 4 2 5 0 0 2 2 2 2 0 5
0 5 5 6 2 5 6 2 0 4 2 2 10 2 0 0 5 2 10 3 10 0 2 4 2 2 1 2 5 5 0 5 3 4 1 2 1 10 2 2 3 0 2 0 1 0 0 0 0 0 1 2 1 10 5 10 6 1 10 5 1 1 2 0 0 0 1 0 4 0 0 5 2 2 5 1 0 0 2 5 0 3 2 2 10 3 0 3 1 0 2 6 2 2 10 3 0 5 6 10 0 0 0 5 6 1 10 10 0 0 5 2 4 5 10 6 0 5 0 4 0 1 2 0 10 1 10 5 0 5 5 10 2 3 2 0 2 0 2 0 0 0 5 2 1 10 5 1 5 1 0 5 5 5 5 0 2 5 0 2 0 2 1 0 3 10 1 1 1 0 1 0 4 0 5 0 0 0 0 2 2 2 5 0 2 2 2 10 10 5 4 1 0 0 10 5 10 1 4 0
1 0 5 5 5 10 0 10 6 6 0 2 0 2 0 2 5 5 2 1 2 1 2 0 10 0 0 5 1 0 1 10 5 5 0 0 0 2 0 2 2 2 0 5 2 6 10 1 1 1 5 1 0 2 0 0 1 2 5 0 2 5 1 0 0 5 0 1 0 0 10 0 1 6 0 5 1 10 10 0 5 1 1 10 0 2 2 5 1 1 0 0 2 1 0 0 5 5 2 2 0 1 1 0 4 10 0 10 0 0 10 0 5 5 4 2 1 4 4 0 5 5 0 1 5 0 10 0 5 10 2 0 0 5 2 5 5 5 2 0 5 0 0 10 2 2 0 1 2 0 5 1 1 0 0 10 0 2 10 5 6 0 5 2 5 1 0 0 0 2 2 0 1 1 0 2 5 5 1 2 2 1 0 3 0 1 5 1 2 5 10 1 0 5 5 0 0 4 3 1
3 5 5 5 5 0 1 2 2 5 10 0 2 2 5 5 5 0 0 2 1 5 5 1 1 5 5 5 3 0 5 4 10 0 2 2 0 10 0 5 5 3 2 1 0 2 10 4 5 6 5 1 10 2 5 0 0 1 0 0 0 2 10 5 0 0 3 1 1 10 5 5 1 4 0 0 2 0 2 0 3 2 3 0 0 4 2 4 0 5 2 0 2 5 5 4 1 5 0 2 2 1 2 0 0 2 3 0 5 5 4 0 2 2 4 0 3 0 0 5 0 0 5 10 2 0 0 2 10 5 5 0 5 2 10 2 0 10 5 1 1 0 0 5 10 5 0 5 10 1 2 5 0 2 1 5 4 5 5 5 5 1 1 1 0 2 10 3 0 0 10 0 1 1 10 0 10 1 2 0 3 1 5 5 4 0 4 3 0 10 2 1 6 2 2 5 1 0 0 0
5 0 0 0 4 2 2 0 5 5 1 2 0 5 10 5 2 0 0 3 5 0 0 2 5 5 2 2 2 3 0 2 2 3 2 5 10 2 1 0 0 5 6 2 5 5 5 10 5 2 0 0 0 1 4 0 5 0 10 0 2 0 2 1 0 2 0 5 5 1 1 2 0 2 0 2 1 10 0 0 1 0 0 2 0 0 0 0 2 0 0 1 10 1 2 10 5 5 0 1 0 0 1 0 2 2 5 2 0 0 0 0 2 3 3 0 2 1 1 5 0 0 0 2 0 0 5 5 3 0 2 5 0 5 2 0 10 10 0 0 1 10 5 5 2 5 10 2 0 0 0 3 0 6 5 2 4 4 5 0 0 2 0 2 0 1 10 0 0 2 0 5 0 10 0 10 0 1 0 6 0 1 3 3 2 10 0 5 5 0 0 0 5 3 0 2 2 2 2 5
2 2 5 10 2 5 5 5 4 5 4 2 10 5 5 3 4 2 1 5 10 3 2 2 10 2 5 0 2 1 6 1 0 0 4 5 6 10 5 0 0 0 0 5 0 1 2 0 0 0 10 0 0 10 1 1 2 2 0 5 0 5 4 2 4 0 5 10 2 1 2 2 5 2 5 5 0 0 0 5 0 5 5 0 2 6 1 2 5 5 0 10 0 5 0 0 5 2 0 1 0 0 2 0 5 1 5 10 0 5 2 0 0 1 0 0 2 1 2 0 5 0 0 3 0 2 10 0 0 0 4 1 0 0 1 0 5 5 5 2 0 2 5 0 0 2 0 2 0 2 1 0 2 0 2 4 1 2 5 5 1 1 0 5 10 2 2 4 4 10 0 0 0 0 2 0 10 0 10 10 4 5 0 2 0 0 2 0 3 0 0 6 3 0 1 5 0 5 1 10
2 0 4 0 0 0 0 2 1 2 10 2 0 2 5 0 10 2 2 0 5 10 0 2 1 10 0 0 2 0 0 5 0 0 4 2 0 1 1 1 0 5 0 5 3 1 0 10 10 0 1 0 0 5 3 1 1 5 5 0 0 0 0 5 1 10 6 10 2 0 1 5 2 0 5 10 5 5 2 5 10 5 0 2 5 1 2 5 5 1 2 5 1 5 0 0 4 5 0 0 0 0 0 6 4 6 2 4 5 2 6 5 1 2 6 1 0 0 0 1 10 2 3 0 0 0 0 10 1 2 2 3 2 0 2 5 0 0 5 2 5 5 5 2 0 2 0 5 1 0 0 10 0 1 1 5 10 1 10 0 2 2 0 4 5 2 1 4 1 0 0 5 1 6 0 6 1 6 0 0 0 0 5 1 1 3 0 1 4 1 3 0 0 5 4 0 2 5 6 0
5 0 1 0 10 1 5 0 5 0 1 5 2 0 2 2 0 5 5 5 5 2 0 2 2 0 0 5 0 2 0 5 0 10 1 0 0 1 3 5 5 6 2 0 0 4 2 0 0 2 0 2 2 4 0 0 2 2 0 5 0 5 1 2 0 2 4 0 2 0 2 1 1 5 0 2 1 5 4 10 6 1 2 4 2 1 10 0 5 0 0 0 0 5 2 5 1 0 5 2 10 0 0 1 5 2 2 5 0 0 5 0 0 2 0 1 0 0 10 5 2 0 0 0 0 0 0 2 0 4 5 5 2 0 10 2 0 0 0 3 10 2 1 0 2 1 2 3 5 10 3 5 5 4 3 0 0 0 2 10 2 5 0 5 5 1 0 3 0 1 5 0 4 2 2 2 0 5 5 0 0 3 4 0 5 5 5 10 6 0 3 6 5 5 3 1 0 2 5 2
10 0 2 0 1 2 5 10 3 0 0 5 2 0 0 5 10 5 0 0 2 0 2 4 2 2 1 1 2 0 5 5 10 0 4 0 2 2 3 0 0 5 5 1 10 3 0 0 1 2 0 1 5 1 1 3 1 5 5 0 2 0 0 6 1 0 5 1 2 2 1 0 2 1 2 0 2 0 5 2 5 0 5 5 4 10 2 5 2 5 0 5 10 1 2 2 3 3 2 0 0 0 2 0 5 0 0 1 0 5 5 10 0 0 0 1 2 0 1 0 0 0 2 0 0 0 10 2 5 1 1 0 10 10 5 0 0 5 0 0 0 2 0 2 10 10 0 5 0 2 0 2 1 0 0 6 6 5 0 5 5 0 0 0 2 0 5 0 2 0 0 2 0 2 5 0 10 4 3 3 10 5 0 10 5 10 1 5 0 1 0 1 5 2 0 0 5 0 2 0
10 0 2 0 2 1 5 5 0 1 4 5 0 2 4 0 2 0 0 0 1 1 5 2 2 0 5 2 5 5 2 2 5 4 10 0 2 2 0 5 10 10 0 0 2 5 1 0 10 0 10 5 0 4 5 0 1 4 0 10 10 6 0 5 1 0 0 0 10 4 0 2 4 0 0 3 1 10 1 2 5 1 10 0 0 5 3 0 6 3 3 0 1 2 5 10 0 2 0 0 10 1 2 0 4 0 0 5 1 0 5 4 3 3 5 5 1 5 10 10 0 5 10 0 0 10 0 0 10 6 0 1 1 1 2 0 0 2 0 0 1 1 0 6 5 1 0 5 0 1 1 0 0 2 2 2 5 2 1 1 3 2 5 4 0 10 2 0 0 2 0 1 3 4 2 0 1 6 0 10 5 6 2 0 5 1 0 2 3 1 5 2 6 3 2 2 0 0 5 0
5 1 1 10 10 5 5 6 3 2 2 10 2 0 2 1 0 0 2 0 10 2 10 1 1 2 5 2 2 10 1 6 5 10 5 2 2 2 5 5 0 0 0 2 3 10 0 1 5 5 10 5 3 4 2 0 5 2 1 6 10 4 10 1 1 0 10 5 10 0 0 1 0 0 4 1 3 1 5 0 10 0 5 10 6 5 0 0 0 0 0 2 5 0 6 0 5 1 0 0 10 10 0 0 5 0 0 0 0 3 1 2 10 1 1 0 4 0 5 0 2 5 0 10 2 2 0 0 10 10 0 0 2 0 5 0 4 2 0 5 1 5 5 5 2 2 4 2 1 0 1 4 0 10 1 1 1 1 5 0 10 5 10 5 2 2 0 0 0 0 1 5 0 6 1 2 2 2 0 0 0 1 1 3 0 2 3 0 2 1 0 5 1 10 0 0 6 4 3 5
0 0 2 0 1 10 4 5 3 5 2 4 4 5 0 4 0 5 2 2 0 4 0 1 0 2 2 1 0 0 2 1 2 3 0 4 1 2 2 1 2 2 10 0 1 2 2 2 5 2 5 0 5 2 1 1 0 10 0 6 10 1 1 2 0 0 0 10 5 6 5 0 5 0 0 4 5 3 3 0 5 2 5 2 5 2 3 2 0 0 1 2 2 0 0 10 0 0 5 2 6 4 5 2 5 10 0 1 2 0 0 0 0 0 0 2 5 0 0 5 10 3 0 1 0 5 10 10 0 1 10 0 4 5 10 5 0 10 0 0 2 0 2 3 0 5 10 1 3 10 0 10 3 0 5 5 10 5 2 10 5 2 2 0 3 2 10 4 3 2 1 0 10 10 0 5 0 0 0 2 5 0 5 2 10 1 0 2 5 1 0 0 5 1 2 2 2 0 1 0
3 0 5 0 1 2 10 0 10 5 0 1 3 0 1 2 5 2 2 5 1 0 5 2 10 5 6 1 10 4 2 2 1 0 5 2 0 0 1 5 2 0 1 5 2 0 0 0 1 10 2 0 0 0 1 0 0 0 0 0 10 5 4 4 5 3 5 0 2 5 10 2 0 0 2 2 4 0 0 6 10 5 10 0 0 2 5 5 1 0 0 1 0 0 4 5 10 0 5 0 0 2 1 1 6 2 2 10 1 1 3 0 10 0 5 2 5 0 5 10 5 0 0 2 4 1 6 10 1 0 0 0 5 2 6 0 5 0 10 2 5 1 5 0 1 2 4 2 4 10 10 0 5 2 2 0 0 5 0 0 10 2 2 2 2 5 3 0 0 2 2 1 1 5 0 2 0 5 4 5 2 5 10 5 4 4 4 1 0 4 0 2 1 1 5 10 10 5 5 0
5 4 5 3 5 0 2 2 2 6 2 2 5 5 1 5 5 2 5 3 0 0 1 10 2 2 2 1 2 1 0 0 2 0 10 5 0 1 5 3 10 5 0 5 2 1 1 0 0 10 0 0 5 0 3 10 5 1 0 1 10 4 1 0 2 2 1 1 2 5 0 0 0 0 0 1 5 5 1 0 0 0 10 2 3 0 5 0 2 1 5 0 5 5 0 1 0 10 2 2 3 2 1 5 6 5 2 5 1 5 5 0 2 0 2 2 5 0 5 2 5 2 4 2 5 1 0 0 10 0 0 10 5 5 0 0 0 2 10 2 0 0 1 1 1 0 5 3 0 1 5 1 0 3 6 1 2 5 5 0 0 0 5 4 10 0 0 5 3 2 0 0 2 4 1 5 2 0 0 2 5 4 0 0 5 5 5 0 2 5 5 3 10 3 0 3 10 0 3 0
5 0 1 2 0 2 2 2 4 2 1 5 1 2 0 5 1 0 4 0 0 1 5 0 10 6 4 5 10 5 5 1 5 0 0 0 0 3 10 5 2 0 2 2 4 1 1 5 5 10 10 5 5 0 0 2 5 0 2 3 5 2 0 3 0 5 0 5 0 2 2 0 5 0 6 2 1 10 0 1 10 2 1 10 2 2 5 0 4 6 1 2 2 2 2 1 0 3 5 5 10 2 5 5 2 1 5 5 5 5 0 1 4 0 0 10 0 0 10 0 0 5 1 3 5 0 1 0 0 0 10 0 5 0 5 5 5 1 5 0 1 5 5 0 0 4 2 0 6 0 5 1 2 0 1 1 0 2 10 5 0 0 3 2 0 5 2 5 1 0 0 1 2 1 10 0 2 2 5 5 5 5 0 0 4 5 0 5 2 1 10 2 2 1 0 1 2 0 0 10
2 5 5 2 0 0 10 5 3 0 2 10 0 5 10 0 5 5 5 3 2 5 2 0 10 6 1 1 2 5 5 5 2 0 2 2 0 2 0 0 0 2 5 5 5 0 2 2 2 0 0 2 0 5 5 0 0 0 5 5 0 5 10 1 5 10 0 5 3 1 0 10 1 10 0 5 0 0 0 2 0 5 10 1 2 0 5 5 0 0 5 0 10 0 2 4 1 2 1 0 1 10 0 0 2 5 10 0 5 0 5 0 5 2 0 0 0 1 2 0 5 0 0 2 2 10 1 2 4 5 5 5 0 5 5 5 10 5 0 1 0 0 5 5 2 0 0 4 2 0 5 0 5 0 0 0 10 0 2 0 0 0 2 10 2 1 6 5 2 5 6 10 10 5 2 1 0 0 1 3 5 5 10 0 0 0 10 10 10 1 2 0 10 2 0 0 5 10 0 0
0 5 10 2 5 0 10 0 0 2 10 2 5 10 5 5 10 0 6 5 0 0 2 0 0 0 0 5 1 0 2 2 5 1 5 0 0 2 6 0 5 0 2 0 0 2 1 5 1 0 1 2 10 4 10 10 0 0 5 2 2 5 0 6 0 0 5 5 10 2 3 5 0 0 0 0 5 6 0 5 5 0 0 2 5 0 2 6 0 10 10 6 1 2 5 5 1 0 2 10 10 10 0 0 5 1 0 1 4 10 0 2 5 5 5 0 5 10 3 5 2 5 0 0 0 10 1 0 5 2 5 0 5 0 2 1 0 0 1 2 3 6 0 1 2 2 5 0 0 2 0 0 5 0 1 1 0 5 5 0 0 5 2 0 5 2 0 5 1 0 0 1 4 0 0 1 2 2 1 10 1 3 4 0 2 0 5 5 10 1 5 0 2 10 5 5 10 0 2 5
5 0 0 1 4 1 0 5 0 1 10 2 0 5 0 3 0 3 2 1 0 5 6 1 5 5 6 2 1 6 5 0 0 1 10 4 5 2 0 0 0 2 6 1 5 1 3 5 10 2 0 1 5 0 1 5 5 10 1 4 5 10 0 5 5 0 0 1 2 0 5 5 5 5 3 3 0 4 5 1 0 5 1 0 0 1 2 5 0 0 2 5 2 5 1 2 0 10 0 0 1 5 0 0 2 0 5 0 1 10 5 0 3 2 10 0 5 0 2 2 10 2 1 2 10 5 2 5 10 6 0 5 5 2 0 5 4 3 0 5 1 5 0 0 5 2 1 1 0 2 6 4 0 10 1 0 6 0 0 1 0 1 3 1 0 5 0 2 0 5 0 1 5 4 5 1 0 4 2 5 5 0 6 0 2 0 1 0 0 0 0 0 0 1 2 0 1 2 4 0
2 5 2 5 0 5 5 2 5 0 5 2 2 10 2 5 3 10 0 0 1 5 0 0 10 0 5 5 0 0 10 2 2 5 2 0 0 0 5 3 0 6 1 2 10 1 0 2 1 10 3 4 5 5 2 2 1 3 5 4 10 0 10 3 0 2 1 0 2 0 1 0 2 10 2 0 0 10 0 0 5 3 2 2 0 4 0 0 1 0 5 2 0 10 0 0 1 1 0 10 0 5 6 5 1 5 5 5 10 0 1 2 1 3 5 5 1 2 0 5 2 0 0 5 2 0 0 0 5 0 0 5 5 1 5 0 10 5 5 0 0 0 0 2 4 6 0 0 5 5 1 0 2 0 1 5 0 2 0 2 0 0 0 10 5 0 10 2 0 0 3 2 5 10 0 2 3 5 10 3 1 3 1 0 0 5 2 5 6 3 1 0 2 10 5 2 6 10 2 6
5 5 1 10 0 0 5 5 5 2 2 2 5 2 1 1 0 2 6 2 5 0 1 2 10 2 4 2 5 4 0 10 0 5 0 3 0 0 1 0 2 5 0 5 2 5 3 5 0 2 0 5 2 5 0 3 0 0 3 10 0 0 2 3 10 2 4 0 4 5 1 0 2 0 0 1 3 0 3 2 5 6 5 3 0 0 0 5 0 0 5 0 10 10 0 0 2 2 3 1 5 1 5 2 0 10 2 2 5 0 2 0 2 3 10 5 0 0 2 5 0 10 5 0 0 0 0 4 0 5 0 5 10 0 4 10 0 0 10 5 6 4 2 0 0 2 5 0 0 4 6 10 0 1 1 5 6 2 10 0 0 5 5 0 3 0 0 3 0 0 0 0 1 5 0 3 0 0 0 0 0 10 5 2 1 2 4 5 0 4 0 0 0 0 2 4 4 0 0 10
2 5 0 0 5 10 5 2 2 3 0 2 0 1 0 2 2 2 10 0 0 3 5 5 0 2 1 2 2 0 5 0 3 0 10 0 0 0 1 0 2 0 0 3 0 6 0 3 0 2 0 6 0 0 4 3 0 5 5 1 1 1 5 1 1 5 2 5 0 6 0 5 0 0 5 0 2 0 2 3 5 5 0 2 0 2 0 3 1 5 10 1 4 10 5 2 5 0 5 5 1 3 0 1 2 0 0 5 1 0 1 3 2 0 0 1 5 1 0 5 10 10 5 0 0 5 2 2 10 0 2 1 5 0 3 5 0 0 2 5 5 1 1 0 1 0 0 0 0 5 2 10 5 10 0 0 0 10 6 0 2 0 10 1 1 5 2 0 1 0 3 4 0 0 4 1 0 5 5 6 5 0 5 2 2 0 2 3 2 0 3 0 5 5 5 0 2 0 6 2
0 0 0 1 1 0 2 0 2 5 0 2 0 0 4 0 5 5 0 0 1 0 3 5 0 10 0 0 10 5 1 0 1 5 5 10 5 3 2 0 10 2 4 0 2 2 0 5 10 1 5 4 0 6 0 0 0 2 2 0 5 1 10 5 5 5 5 0 4 3 6 1 0 10 0 0 0 4 2 1 1 5 2 2 3 2 6 5 2 0 0 4 2 2 0 2 0 0 2 5 2 0 2 1 3 0 1 0 0 3 0 0 2 0 10 2 1 4 2 2 5 0 5 5 0 0 0 0 0 10 10 5 0 1 0 5 10 2 0 0 1 0 1 0 2 2 0 1 1 0 10 6 0 1 0 0 4 2 1 10 0 1 5 4 0 4 3 4 5 0 1 1 2 1 1 3 5 1 1 3 0 0 0 2 5 2 5 6 1 0 1 2 5 3 1 5 2 2 6 5
4 5 5 2 2 5 5 0 0 2 5 6 0 1 10 5 0 0 2 5 10 2 1 3 10 5 0 5 3 0 2 4 2 5 1 5 0 1 1 10 10 2 5 2 2 0 2 0 10 0 2 10 5 1 0 5 0 5 1 0 0 5 1 5 0 5 1 5 5 5 2 0 5 0 0 0 5 5 0 2 5 3 5 5 0 2 10 0 5 0 2 4 0 0 0 0 0 2 10 0 2 4 2 2 0 5 0 0 5 10 2 0 0 0 4 5 4 1 0 0 1 0 2 2 3 0 0 5 0 2 2 0 1 2 5 0 5 5 0 0 10 5 0 1 10 4 5 0 0 10 0 2 5 10 0 4 2 0 2 5 0 2 0 0 5 0 0 5 5 1 5 5 5 10 0 2 10 5 0 0 4 1 1 0 4 5 1 2 3 1 0 0 5 5 1 1 5 1 2 0
10 2 2 2 2 2 5 5 0 2 0 0 2 5 1 4 5 0 3 2 0 1 0 0 2 0 1 2 6 5 5 5 2 0 10 1 0 2 0 2 5 0 0 2 0 1 4 0 5 2 5 10 2 1 6 2 0 0 1 5 0 5 5 2 4 10 5 2 5 5 5 0 0 2 2 0 0 5 0 2 4 2 0 10 0 5 0 10 0 4 0 0 5 0 5 2 5 5 0 2 2 5 5 0 5 1 2 6 0 6 4 0 6 10 2 5 2 10 0 5 1 1 0 5 10 0 1 1 2 5 0 1 0 3 1 0 6 5 1 10 0 1 1 10 0 1 3 5 1 0 2 0 1 2 0 4 5 10 2 5 2 5 0 0 2 10 0 0 5 2 2 5 0 0 5 2 0 1 0 1 2 0 5 0 2 10 5 5 0 10 0 2 2 6 2 3 0 0 10 3
1 2 1 2 10 2 0 1 2 1 1 5 2 10 2 2 2 0 2 0 5 3 0 1 2 0 0 5 2 0 1 10 5 5 2 1 4 1 5 5 2 1 0 5 5 3 2 4 6 5 0 0 0 1 1 10 5 10 5 0 5 4 1 0 2 0 2 5 1 0 0 5 4 2 0 1 5 5 1 1 0 5 5 0 10 0 3 5 0 10 10 0 1 0 5 1 1 2 6 1 2 2 0 0 0 0 0 0 0 0 10 2 2 0 5 2 2 5 0 0 0 10 2 5 2 2 1 5 0 1 0 5 0 6 5 0 4 1 0 5 1 0 1 5 1 1 0 5 0 5 6 5 0 6 2 10 4 1 0 2 0 0 2 0 5 5 5 5 1 5 0 0 1 2 1 2 5 2 6 6 3 1 5 1 0 3 0 5 10 0 5 0 1 0 0 3 5 0 3 1
0 2 0 10 2 0 5 0 3 4 5 1 10 0 10 1 5 6 0 1 0 2 0 2 1 0 0 3 10 1 1 5 1 10 5 5 5 2 1 1 0 2 10 5 0 0 1 5 0 0 5 1 2 0 1 1 6 3 5 1 0 2 0 4 10 5 0 5 5 5 1 5 0 10 4 10 2 0 2 0 0 0 2 0 0 10 5 5 2 0 1 0 1 2 5 2 2 0 0 5 2 5 2 5 5 2 0 0 0 10 0 3 4 5 0 0 3 1 5 0 0 5 5 5 1 0 0 5 2 5 1 5 5 0 0 0 2 1 1 0 1 1 0 5 0 2 1 5 3 5 0 1 0 0 10 0 0 0 1 0 2 1 1 2 0 2 1 0 2 5 1 5 1 10 0 1 0 5 1 2 2 0 0 0 0 10 5 3 0 5 1 1 0 0 4 2 2 5 5 3
0 3 5 2 2 5 1 2 5 10 0 2 2 2 0 5 1 5 2 1 1 2 0 1 0 5 3 2 1 5 1 4 5 0 3 0 6 5 5 5 0 2 2 10 5 5 10 0 1 2 5 5 0 0 10 5 0 6 2 2 10 5 6 5 1 2 1 0 0 0 6 0 0 6 2 5 5 0 5 5 2 5 0 4 0 0 6 4 1 0 1 2 1 10 1 0 2 0 0 4 5 0 2 2 3 2 4 3 0 5 5 10 2 4 0 0 3 0 2 10 5 5 0 2 0 2 6 5 3 0 1 0 5 1 0 2 0 0 0 1 10 5 5 0 2 3 0 1 5 0 5 1 1 2 5 0 10 1 2 5 0 5 2 2 2 2 5 1 1 2 5 5 5 1 3 0 0 0 1 0 0 0 1 2 3 3 10 0 0 0 1 0 0 10 0 10 5 0 2 0
5 0 2 0 0 0 5 5 5 4 2 0 0 0 0 4 5 10 10 1 10 0 0 1 2 0 2 10 2 0 3 5 0 2 0 5 0 0 5 5 1 0 2 2 0 10 5 2 5 0 1 1 0 2 5 1 0 1 0 1 0 0 0 0 0 2 0 0 6 5 1 0 0 2 1 4 10 4 5 5 2 1 2 1 5 10 4 2 0 2 0 0 2 1 1 2 0 1 2 1 10 5 1 0 0 1 2 5 2 3 5 0 0 0 0 0 0 5 1 2 10 2 0 0 2 10 5 2 0 1 1 0 2 2 5 4 0 1 2 10 0 1 0 2 0 5 2 0 10 5 1 0 2 5 0 0 5 1 5 10 0 2 1 0 5 2 10 1 0 6 2 10 0 5 2 3 0 3 1 2 4 5 0 10 0 5 1 3 5 2 10 10 2 5 0 1 5 10 1 5
0 1 0 6 2 4 1 0 2 5 5 0 5 5 0 5 10 10 0 0 1 5 2 2 0 1 1 0 2 0 5 0 1 5 2 2 1 1 10 5 5 1 0 0 0 4 1 0 0 1 1 5 2 10 4 0 1 2 2 2 2 1 10 5 5 1 0 2 2 0 0 5 4 1 5 0 5 2 0 0 5 2 5 1 5 3 5 2 5 0 0 0 1 0 1 5 5 0 10 5 5 3 1 0 1 4 2 5 5 10 5 1 0 10 10 10 10 4 10 2 5 5 2 2 1 10 1 2 5 2 0 4 0 2 2 6 2 0 2 4 1 1 2 3 5 0 5 0 2 10 2 10 2 0 4 0 1 4 5 1 0 0 1 0 0 5 2 2 10 1 5 0 2 5 0 10 10 0 2 0 0 0 0 0 6 0 3 5 10 5 6 0 0 5 4 0 0 1 5 0
5 10 0 5 5 1 4 1 0 5 10 5 0 2 0 0 2 0 5 0 5 10 10 10 3 1 0 0 2 2 0 2 5 6 3 5 10 0 0 6 2 0 5 5 10 2 5 0 0 0 0 0 0 5 5 1 2 5 5 10 0 1 1 0 1 2 5 5 5 5 1 0 0 5 0 0 1 1 2 0 0 2 10 2 1 4 2 0 0 1 0 0 5 5 5 5 1 10 10 0 1 2 5 1 0 2 5 2 6 0 3 5 2 0 0 0 2 0 5 0 0 10 0 0 2 0 0 4 10 4 5 2 0 5 1 0 5 0 0 5 3 0 1 0 2 5 0 6 0 5 0 2 0 1 5 6 0 0 4 0 2 5 5 5 5 3 0 1 0 2 0 5 0 5 2 10 1 0 0 2 0 1 2 5 2 0 2 5 2 5 0 10 2 0 0 5 5 0 5 1
0 5 0 0 0 0 2 0 5 0 0 0 0 6 5 2 5 0 2 5 0 5 5 2 10 0 0 0 0 5 0 4 1 5 3 5 6 2 3 0 5 0 0 4 0 5 5 2 10 2 2 5 2 2 10 2 0 1 0 0 5 2 5 5 1 10 2 6 5 0 1 0 5 4 2 0 2 10 0 1 3 5 6 0 2 5 1 0 0 0 0 2 0 0 0 1 1 2 0 0 2 5 2 0 0 0 5 5 1 1 5 2 6 0 0 1 0 2 1 1 5 2 2 5 3 5 5 2 1 2 3 0 4 0 1 0 0 0 1 0 5 5 5 1 0 0 6 0 5 2 3 2 0 0 0 0 1 0 10 0 1 5 2 5 5 1 1 5 3 0 5 0 2 2 5 0 0 2 0 5 5 0 0 10 5 0 2 0 2 0 5 1 0 0 10 2 5 1 1 0
0 5 2 2 2 0 0 0 5 10 1 1 5 2 6 4 5 1 1 0 5 0 5 2 0 5 0 0 5 0 5 0 0 1 2 2 1 5 5 2 10 6 5 0 0 5 10 2 10 0 2 0 5 0 0 2 5 0 10 5 4 5 2 0 0 2 0 0 4 1 2 10 2 5 0 5 3 2 0 0 0 0 1 0 4 0 5 0 4 0 2 1 2 2 10 0 10 0 5 0 0 0 5 2 5 0 0 10 5 4 2 1 0 5 2 0 0 5 5 2 10 0 0 1 5 0 0 1 3 4 0 6 2 0 0 5 0 0 1 0 1 0 3 5 10 2 0 5 0 0 5 0 0 5 0 1 5 1 0 1 5 0 2 2 0 2 3 5 0 5 0 0 2 5 5 2 0 5 4 0 0 2 5 0 0 10 10 4 2 0 0 2 0 0 0 0 1 2 1 2
0 1 0 5 0 1 0 2 1 2 10 0 0 0 6 0 1 0 2 5 0 2 2 0 1 2 0 5 0 0 0 0 0 5 1 5 1 0 0 0 10 0 0 0 2 4 2 2 1 1 0 2 1 0 3 2 10 2 0 0 0 1 3 0 5 5 2 0 5 5 5 1 10 2 0 1 3 0 0 5 5 10 0 0 2 0 1 0 5 4 0 1 2 5 0 5 0 2 0 0 5 6 0 0 5 1 10 5 2 1 0 5 5 4 2 2 5 10 1 0 1 0 2 0 10 2 1 0 10 10 1 0 0 2 2 5 4 5 0 10 0 5 5 0 5 10 5 2 0 0 3 0 5 5 0 0 5 2 2 10 1 1 0 2 1 5 1 5 1 5 0 1 2 5 5 4 4 10 10 1 10 5 2 0 3 5 2 0 0 5 5 2 5 1 0 3 0 5 0 5
0 1 0 0 5 5 1 5 2 0 4 5 10 2 10 10 1 0 2 0 1 10 2 0 0 2 0 0 0 5 10 0 0 0 0 0 2 2 0 2 0 2 0 5 2 1 5 0 5 4 10 0 0 5 10 1 0 5 10 2 5 5 0 0 3 2 1 4 10 5 2 2 1 0 5 5 3 0 1 2 1 6 10 2 5 10 5 1 2 0 4 0 2 10 2 4 1 1 5 5 10 2 4 10 2 0 0 5 1 1 1 5 2 2 5 4 1 2 0 5 2 0 1 0 3 0 1 1 0 10 5 5 5 0 6 1 6 2 10 0 2 6 0 5 1 2 0 3 5 3 0 0 5 5 0 0 2 5 5 10 0 10 0 2 1 0 5 2 10 0 2 0 0 1 0 5 5 2 2 5 0 0 3 3 1 0 5 1 0 5 2 2 2 0 5 5 5 0 2 5
1 5 4 2 5 2 0 0 5 4 3 3 2 0 5 3 0 0 2 0 2 10 1 2 0 4 5 0 5 1 0 5 2 2 3 1 0 0 4 0 0 4 1 1 0 0 3 0 0 1 0 10 0 5 2 5 2 1 3 1 0 2 2 2 1 5 10 0 2 5 2 1 2 2 1 0 2 5 3 5 5 2 2 0 0 0 1 1 0 6 2 0 10 2 2 1 5 4 0 2 2 5 2 0 0 6 0 0 5 1 5 3 1 5 0 0 2 10 5 1 5 3 0 10 5 2 0 4 10 0 1 1 0 0 4 0 10 10 6 2 0 5 1 1 0 10 2 2 0 0 0 0 3 5 5 5 0 4 0 4 4 4 0 0 0 1 10 5 1 4 2 0 10 1 5 2 0 1 0 5 0 5 0 0 3 0 2 2 5 0 2 5 0 2 10 0 3 5 10 1
5 10 0 5 5 10 10 0 0 5 0 2 3 5 6 5 1 10 10 10 5 4 3 0 4 0 5 0 1 1 0 0 0 2 0 6 5 0 0 0 0 5 0 0 10 0 0 5 10 2 4 0 10 0 1 2 0 2 0 0 10 2 10 0 0 0 1 10 2 0 1 10 5 5 2 2 1 4 0 0 2 0 5 1 0 5 5 10 2 5 5 1 0 6 5 1 0 2 10 0 5 1 0 0 5 6 0 0 0 1 5 0 5 2 0 5 0 2 5 1 0 0 2 0 5 1 0 0 3 5 0 2 5 5 0 2 0 5 0 5 1 0 0 1 2 2 0 0 0 5 5 3 0 4 2 5 2 2 2 1 0 1 2 4 2 0 0 1 1 0 5 5 2 5 10 4 5 5 0 0 5 5 0 10 3 0 0 3 5 0 0 10 2 0 10 2 0 1 3 1
5 2 0 4 6 5 0 1 0 5 0 1 0 0 3 2 5 1 2 5 2 10 5 2 5 10 1 5 5 0 5 3 0 3 2 0 10 1 0 1 1 0 0 2 0 1 2 2 10 0 5 2 4 5 5 2 0 0 5 0 5 2 1 10 10 2 2 0 5 5 5 0 1 2 5 3 2 5 5 1 0 2 0 2 1 5 1 0 1 0 2 1 0 5 1 5 2 1 10 0 2 0 0 1 0 1 0 5 2 5 0 5 1 0 2 0 2 2 5 0 2 6 0 1 4 0 2 10 0 2 3 0 0 0 10 0 1 10 1 10 2 6 0 2 5 0 1 0 5 5 5 5 4 0 10 0 5 0 0 5 0 0 0 0 4 10 4 5 0 5 10 2 5 5 1 0 5 5 3 1 2 2 2 10 2 5 2 0 0 10 5 1 10 6 1 0 2 1 5 5
0 0 0 5 0 5 5 5 2 5 6 10 5 1 0 6 1 1 1 4 0 2 0 2 2 0 1 2 0 4 5 1 5 2 2 4 0 5 1 10 5 1 5 10 5 0 2 1 0 3 0 0 5 0 2 4 5 5 5 0 0 2 10 4 5 5 2 2 0 2 2 0 10 4 0 2 0 0 0 0 2 5 0 5 1 1 6 0 2 0 5 1 2 1 5 2 1 0 0 10 1 0 3 0 0 5 5 5 0 0 0 0 1 2 0 2 1 10 5 0 1 5 2 1 3 0 2 1 5 2 6 1 0 1 1 1 1 0 0 0 0 2 10 5 0 4 5 0 0 0 0 5 2 10 0 5 10 1 0 1 2 5 2 4 0 5 0 0 0 0 0 3 5 3 0 5 1 3 1 5 0 0 5 0 1 5 5 10 0 5 3 0 3 0 0 10 0 5 5 0
5 2 10 0 5 5 1 3 3 10 1 0 0 0 5 1 0 5 4 0 0 10 0 0 2 4 2 0 3 5 5 5 5 0 2 0 4 5 0 0 5 0 6 10 2 5 2 0 2 2 3 5 2 10 10 0 0 2 0 0 0 6 2 5 3 5 5 0 0 0 2 6 5 5 5 1 1 5 10 5 1 1 2 0 0 5 2 0 2 0 2 1 5 4 2 1 5 10 6 1 6 0 2 2 0 0 0 0 0 0 1 5 1 0 1 3 0 2 0 10 5 2 4 5 0 6 2 1 5 0 1 1 0 1 0 5 5 0 0 4 4 10 0 0 0 0 6 0 1 0 0 5 5 0 5 0 1 0 0 2 2 4 0 6 2 0 0 4 0 0 5 1 1 5 0 10 0 10 2 10 0 5 2 0 2 4 0 0 2 0 3 2 0 10 0 0 2 0 2 0
3 2 1 0 0 5 0 1 1 5 0 0 2 0 10 0 0 10 4 2 2 0 0 0 0 1 0 0 4 5 10 10 1 0 5 5 0 1 0 0 5 1 0 10 2 5 2 10 2 2 2 1 0 1 0 0 6 2 2 5 1 2 5 0 2 6 5 0 5 0 5 5 1 1 1 1 5 1 2 2 2 5 1 0 0 6 0 2 3 1 2 5 5 2 2 5 2 3 10 2 0 0 1 2 0 3 1 3 0 2 0 0 0 2 5 6 0 5 2 0 4 4 1 10 0 6 5 1 10 0 2 0 10 0 6 0 6 0 4 2 5 4 0 10 5 1 0 1 5 5 2 0 2 5 10 1 0 10 0 5 0 0 0 0 5 2 0 5 1 5 10 3 0 1 1 0 0 6 0 0 0 2 5 2 3 0 1 10 1 2 0 1 0 2 3 10 0 5 0 5
1 2 0 0 5 4 5 0 5 0 5 2 5 1 2 5 0 0 2 5 2 6 0 5 2 1 0 5 0 5 3 5 5 1 2 2 5 3 4 3 5 2 5 5 5 0 4 5 10 0 0 10 1 2 1 2 1 0 0 2 4 10 5 0 1 5 2 5 3 0 0 0 0 5 3 0 4 3 1 2 5 4 4 2 0 2 3 0 10 6 2 2 1 0 1 0 3 5 1 0 5 10 0 5 0 2 5 0 1 4 2 2 5 5 0 5 0 10 5 2 5 4 2 1 0 5 2 1 5 5 5 2 0 5 0 2 2 10 2 0 10 1 0 1 1 4 0 0 1 2 5 4 2 0 1 0 10 0 10 0 4 0 5 0 0 3 0 2 5 0 1 10 2 0 1 5 2 10 2 2 2 0 0 5 5 1 1 0 0 2 2 5 1 5 4 0 5 0 1 3
5 1 2 4 3 0 0 1 0 1 0 2 1 5 2 0 5 1 1 0 2 5 1 5 10 5 10 0 2 0 0 2 1 2 0 1 0 0 10 0 0 4 0 0 0 1 2 0 1 5 5 10 0 2 5 5 0 1 0 2 2 5 0 3 3 2 0 5 10 3 5 5 0 5 0 3 1 1 0 3 10 0 6 0 0 2 2 2 0 1 2 0 5 5 0 0 0 0 2 10 0 5 5 0 4 5 1 0 1 2 0 5 0 4 5 2 10 6 0 10 5 5 5 10 2 0 1 5 2 0 5 10 2 5 0 0 10 6 1 2 2 0 1 2 5 5 4 10 0 2 5 0 2 0 0 0 0 10 0 2 0 0 2 10 0 2 2 0 0 2 5 0 2 5 5 0 3 0 5 0 0 2 5 5 2 0 2 2 5 4 10 5 1 5 0 3 0 5 10 0
6 0 1 0 0 2 0 6 4 5 0 1 0 5 2 0 6 2 1 5 1 5 3 2 0 0 5 0 5 5 0 5 10 10 5 10 5 4 10 0 2 5 0 0 0 6 10 2 10 5 5 1 1 2 0 0 6 5 1 5 2 5 5 0 2 5 0 0 5 0 2 10 0 2 5 0 1 1 0 0 5 6 2 0 10 0 10 2 5 1 5 5 0 2 2 3 1 0 1 1 5 0 1 2 0 0 2 5 5 0 5 0 10 2 5 5 0 1 2 5 5 0 5 0 10 5 1 0 10 0 0 5 0 0 1 2 0 0 10 5 5 2 0 5 10 1 0 0 1 10 10 4 1 5 1 2 5 0 2 0 0 0 2 5 1 1 0 2 2 1 4 2 1 1 6 2 3 5 10 3 2 2 1 0 2 5 10 10 0 2 5 1 0 5 6 0 2 0 1 5
0 5 5 2 10 5 0 2 0 0 4 5 4 2 0 0 2 0 5 5 5 2 10 1 0 0 2 1 1 1 2 2 0 4 6 0 5 1 2 1 2 3 5 1 4 0 3 2 1 0 5 5 1 2 0 1 2 1 0 2 4 4 1 5 0 6 5 5 3 10 0 6 0 2 0 10 2 1 0 2 0 2 0 5 5 2 0 5 0 2 4 2 1 4 10 0 10 2 0 6 5 4 5 5 5 0 0 10 1 1 5 2 2 0 2 1 0 2 0 6 5 0 1 2 2 5 3 10 5 10 0 0 0 0 0 0 0 2 0 0 2 0 2 0 0 0 2 1 5 1 0 4 0 0 2 2 0 4 0 0 0 2 1 2 2 2 0 2 5 4 2 0 2 4 2 1 0 2 0 0 0 2 10 0 2 2 2 2 0 1 0 0 2 10 5 2 5 1 1 0
2 5 5 3 5 2 4 0 0 3 0 10 2 1 0 2 1 0 2 2 2 2 5 0 3 2 1 1 2 0 6 0 2 0 0 1 5 0 0 0 1 5 10 2 0 10 2 1 0 3 5 2 1 4 0 5 5 10 0 5 5 0 0 3 5 2 0 2 5 2 2 2 0 0 0 4 10 0 2 0 1 10 10 5 0 10 0 5 10 0 3 4 1 10 5 4 5 2 5 0 10 0 0 2 0 0 1 10 1 5 1 0 1 0 0 2 0 1 2 0 1 2 1 2 5 0 2 5 2 2 0 0 0 5 1 0 5 0 1 2 5 0 1 5 2 0 5 5 0 1 10 4 1 0 5 4 0 0 0 0 2 0 10 5 2 4 0 1 5 1 2 0 5 10 0 0 1 0 0 5 5 0 0 5 5 5 0 0 10 5 5 2 0 0 10 2 0 5 5 5
2 1 5 10 1 2 4 0 5 1 2 0 6 1 0 4 10 10 5 10 0 2 0 6 10 5 5 0 0 5 1 5 4 0 5 2 2 5 2 5 1 6 0 1 0 2 1 4 0 0 5 10 5 0 0 1 0 5 0 1 4 5 0 2 10 2 0 2 6 5 0 0 2 10 2 10 10 3 10 2 3 0 3 0 0 1 0 1 5 5 5 5 2 2 0 0 4 0 0 10 2 1 2 2 0 1 2 5 5 0 0 0 1 10 5 0 0 10 1 5 1 0 0 0 0 0 5 10 2 2 5 3 2 2 3 0 5 10 5 0 0 2 1 2 1 1 5 2 2 0 0 0 2 0 2 0 0 5 2 2 1 10 0 2 5 3 5 5 1 5 2 2 0 2 0 0 0 5 5 2 10 5 1 2 0 3 5 1 2 0 5 1 4 10 10 2 1 3 0 5
5 0 5 0 5 1 5 10 3 5 2 0 2 4 10 2 2 2 0 10 0 2 0 5 0 5 2 1 2 4 5 0 2 2 10 5 0 5 5 2 2 5 1 10 0 3 0 10 2 5 10 0 5 3 2 1 10 6 5 1 10 5 5 3 3 10 5 10 10 5 0 5 5 3 10 3 5 10 2 0 2 0 0 0 0 2 0 3 2 0 0 0 5 5 0 2 10 5 4 2 0 5 1 0 0 5 5 10 1 0 0 2 0 5 1 0 1 0 0 2 1 2 5 4 5 0 4 5 0 2 4 2 10 0 1 10 0 1 4 0 0 0 2 2 0 0 5 5 2 2 2 0 4 0 4 6 0 0 10 5 2 5 2 0 5 10 2 4 2 3 5 2 0 5 0 0 5 10 5 5 3 2 4 2 6 5 5 2 5 4 0 1 0 6 1 10 10 3 5 10
5 2 0 10 2 2 0 1 2 0 0 2 10 0 1 2 1 4 0 1 6 0 0 5 10 5 0 0 1 1 2 10 0 2 0 4 5 0 5 0 5 10 2 1 1 3 2 5 2 1 3 0 0 1 2 4 2 5 5 0 0 0 2 1 1 1 10 0 4 5 0 1 1 0 2 1 1 1 10 2 2 2 10 10 3 5 1 0 2 5 1 0 2 2 5 1 2 1 5 0 10 2 0 5 0 5 2 0 2 2 2 0 0 1 0 5 0 0 3 5 0 0 10 5 5 2 0 2 3 2 10 0 2 5 0 5 3 1 0 5 2 5 0 2 5 0 5 5 0 1 1 0 2 4 0 2 5 0 0 1 2 2 5 5 0 5 5 0 2 4 1 0 1 2 0 10 6 1 5 5 0 2 5 2 0 0 2 1 2 0 0 0 0 3 0 5 2 0 0 5
5 1 5 1 1 2 0 5 0 0 5 0 0 2 5 2 0 1 2 2 10 0 2 10 2 0 0 2 5 1 0 0 0 2 0 3 0 0 3 6 0 2 1 5 1 10 1 5 2 0 1 5 0 2 3 5 2 2 5 2 0 0 5 5 2 1 5 1 0 5 5 2 0 0 4 3 5 10 0 0 0 0 0 10 4 4 5 2 0 0 0 5 1 0 0 0 5 2 0 5 1 0 5 0 6 1 0 0 2 0 0 1 3 2 5 5 5 10 10 1 2 1 2 2 1 0 10 2 2 5 0 5 1 2 5 0 0 5 4 0 10 5 2 2 2 5 3 1 2 5 0 1 0 10 5 0 2 3 2 1 2 4 3 10 5 0 2 10 1 1 0 0 0 5 2 1 5 10 5 0 5 1 5 4 0 0 0 0 0 5 0 2 5 0 10 0 5 10 10 5
10 1 0 3 0 2 5 5 5 2 0 5 0 0 1 10 0 0 2 0 0 10 2 0 5 1 0 5 1 2 5 10 1 0 0 5 5 10 5 0 3 4 5 0 0 5 0 0 0 2 0 5 1 0 10 0 0 5 0 6 2 0 1 5 3 5 5 3 0 0 1 0 0 1 1 5 5 10 5 1 0 10 3 5 2 2 1 3 10 1 2 2 5 6 0 2 1 0 3 5 0 1 0 2 5 2 0 6 2 10 3 5 3 2 5 3 5 0 1 0 10 10 2 1 0 5 2 0 10 3 0 2 6 0 0 10 0 2 3 0 0 5 1 5 10 2 0 1 3 1 5 10 0 4 0 0 0 0 2 0 0 0 5 2 5 2 0 1 2 0 10 0 0 5 2 0 2 5 0 0 3 4 5 2 2 0 0 3 0 0 0 10 10 0 10 2 5 1 10 0
0 5 4 5 0 10 10 10 0 2 0 2 0 5 0 4 1 0 2 10 5 0 0 0 10 0 3 3 2 10 2 0 4 0 1 1 5 3 0 2 0 0 2 10 5 0 2 0 0 0 5 2 10 0 0 4 0 0 0 2 0 2 1 0 2 5 10 0 0 0 0 0 5 2 0 0 0 0 0 10 0 5 0 2 0 1 10 3 0 0 4 0 2 5 2 0 0 0 2 0 0 4 2 2 2 0 0 2 2 10 10 0 3 0 1 1 0 0 1 0 3 0 4 4 3 0 0 0 4 0 5 5 5 5 2 2 3 0 4 5 0 5 0 1 1 2 1 5 5 5 2 5 1 5 0 4 5 2 0 2 2 1 5 4 0 10 1 0 2 0 0 0 3 3 0 1 1 2 1 4 2 2 1 0 2 1 5 0 5 5 2 0 3 5 5 10 0 0 0 2
4 5 0 10 3 0 5 2 10 5 1 5 0 2 2 0 0 1 5 2 5 10 2 5 5 2 2 2 2 5 3 5 2 0 3 0 0 1 5 10 2 2 0 5 10 0 5 2 0 0 3 5 0 2 2 2 2 5 0 2 5 10 2 0 2 4 2 0 0 2 0 0 0 2 10 0 5 0 4 4 0 0 5 5 1 10 0 1 1 1 4 3 5 5 2 5 1 5 0 5 0 5 2 0 0 5 0 0 1 5 0 2 2 0 2 0 5 2 1 0 0 0 4 1 0 2 0 0 3 0 3 1 2 1 0 0 0 1 5 5 5 1 2 1 0 10 0 3 0 1 10 1 1 0 0 0 1 5 0 2 5 5 1 2 2 1 2 2 0 5 1 2 0 10 2 0 3 2 0 6 0 5 1 3 0 2 0 4 10 1 0 2 0 10 5 3 2 0 0 10
5 0 6 6 0 0 0 0 2 0 0 5 5 1 0 1 2 5 0 5 0 10 1 1 5 0 1 0 10 3 0 0 5 3 3 2 1 2 5 5 10 2 10 5 6 0 4 0 2 10 5 0 5 0 2 1 0 10 10 0 5 0 5 5 2 1 0 2 10 2 2 5 5 10 2 5 0 1 1 5 2 10 1 5 3 0 0 3 5 5 4 0 5 0 2 5 2 0 5 5 2 2 2 1 0 1 1 0 1 2 0 1 1 5 10 6 3 0 0 2 0 2 10 0 1 0 2 0 2 2 2 0 5 0 5 0 0 0 0 1 2 5 5 2 6 1 2 0 5 5 0 4 0 5 0 0 5 0 2 1 4 1 5 3 4 1 0 0 5 0 0 2 3 5 0 10 1 2 2 0 1 2 1 5 2 0 10 3 2 1 0 0 1 1 0 1 1 2 2 5
2 2 2 0 3 1 0 1 0 5 5 0 10 2 1 1 2 3 1 0 3 0 2 0 5 2 3 0 1 4 1 4 0 0 2 5 2 1 4 0 0 0 0 0 10 5 0 0 5 0 0 10 0 5 5 2 5 5 10 0 0 1 10 0 5 2 10 5 0 0 0 1 5 5 5 2 0 0 0 2 0 0 0 10 3 2 0 5 1 2 5 0 0 2 2 5 0 3 10 2 5 5 5 10 5 5 10 1 2 0 0 0 2 2 1 10 10 3 1 2 10 0 0 0 5 0 0 1 1 2 0 0 6 0 0 3 0 3 1 5 2 0 1 5 2 5 0 5 0 0 2 2 5 10 0 5 10 1 5 4 2 2 2 5 1 0 10 0 1 0 0 2 0 0 5 5 10 3 10 0 0 10 0 2 0 1 0 0 1 2 0 2 0 0 5 0 1 0 4 0
0 0 3 2 0 1 0 1 2 4 10 10 3 0 0 0 6 5 0 2 10 2 10 0 5 2 2 5 5 1 0 2 5 0 5 0 5 10 5 1 6 2 6 2 5 0 1 1 2 1 2 2 5 0 2 1 1 10 5 2 3 5 0 1 0 2 5 0 5 1 2 5 0 0 2 1 0 5 0 0 1 3 0 0 2 0 0 5 5 0 2 0 10 1 5 5 0 5 3 0 5 0 5 0 10 5 1 2 0 0 2 2 4 2 4 0 0 2 0 0 0 5 0 5 0 2 1 5 0 1 0 1 10 1 1 2 0 4 1 5 5 0 5 5 10 0 5 0 0 1 0 0 5 2 3 1 3 10 0 2 0 0 2 2 0 0 0 0 2 2 2 0 5 2 3 0 0 5 0 2 2 2 0 5 5 3 0 10 2 5 0 10 6 1 5 10 0 0 5 0
5 0 0 2 6 0 10 6 0 1 2 2 5 0 3 5 1 10 2 2 1 0 5 5 2 5 0 5 0 6 10 3 1 0 2 3 5 6 1 5 0 5 5 0 0 0 5 5 0 10 4 0 0 1 3 5 10 2 10 0 0 2 2 2 1 2 10 5 10 2 6 2 0 0 3 10 0 1 5 2 0 2 0 3 0 5 0 0 0 5 0 3 0 10 3 5 2 5 5 1 2 0 2 0 5 4 3 1 2 0 0 1 0 0 0 5 10 0 4 1 1 0 0 1 4 0 3 0 10 1 2 2 10 4 5 5 1 0 2 5 0 1 1 5 0 2 0 2 2 2 0 10 2 5 5 1 0 2 2 1 2 5 0 0 1 0 0 3 0 3 0 5 0 5 1 2 5 10 5 5 2 0 5 0 5 5 3 3 2 2 0 1 4 5 2 10 0 0 10 10
0 2 10 0 4 10 5 0 2 5 2 0 0 1 4 10 0 2 0 5 10 3 1 10 6 0 1 0 5 0 5 2 0 10 0 0 0 5 1 10 2 2 4 1 1 4 5 5 2 5 10 10 1 2 1 1 5 2 0 0 5 0 0 3 4 1 0 5 0 2 2 0 3 1 2 2 5 2 10 0 2 0 0 2 0 5 2 1 5 5 1 3 0 2 5 0 2 10 2 1 5 5 5 5 5 5 0 0 4 10 2 5 1 0 0 0 0 10 0 1 1 10 0 6 2 2 4 6 10 5 4 1 5 0 4 10 5 0 1 10 0 2 10 1 5 5 5 2 5 5 1 1 5 5 3 5 1 0 5 1 4 10 2 5 2 5 5 3 10 5 0 2 5 0 1 5 0 5 5 0 2 0 6 2 1 10 0 0 3 5 0 0 5 5 0 5 1 0 0 1
10 10 4 5 1 1 1 2 4 5 0 5 10 2 1 5 5 2 0 10 5 0 0 0 5 2 2 0 1 2 2 5 5 0 2 10 1 1 5 1 4 10 5 2 5 2 0 1 2 2 4 0 0 2 0 2 2 5 5 0 10 5 5 0 5 5 2 0 5 1 0 1 0 5 10 0 0 3 1 10 0 0 0 0 1 4 5 0 2 2 5 5 0 5 5 1 1 2 0 5 0 0 0 1 5 1 0 5 5 5 2 2 5 2 5 5 2 5 5 0 10 0 2 0 2 5 2 1 0 0 1 10 2 0 5 0 0 4 1 0 5 1 0 3 2 0 2 5 5 5 0 5 10 1 0 0 1 1 5 6 2 0 0 0 0 2 2 0 2 0 5 3 1 1 0 0 5 1 10 1 0 0 5 2 0 0 0 0 5 2 5 3 0 2 2 2 0 5 0 1
2 1 2 0 0 2 1 2 5 4 1 0 2 0 1 2 5 0 2 5 0 4 0 2 0 5 1 1 1 5 2 1 3 0 10 0 5 0 0 5 5 5 2 2 3 1 10 5 5 10 0 0 5 5 2 2 0 0 0 5 3 2 10 0 5 6 2 1 2 5 5 2 0 0 10 5 1 0 1 0 5 5 2 1 5 3 5 0 0 0 4 5 0 1 5 5 5 0 2 10 3 2 0 0 2 5 1 5 5 1 2 0 2 10 0 0 10 10 0 2 0 10 0 6 2 0 0 2 5 2 5 0 1 1 1 2 3 1 3 2 2 2 1 0 3 10 10 0 2 4 5 2 4 0 5 10 0 5 0 2 1 0 0 0 10 1 0 1 0 10 5 0 2 5 0 0 5 1 0 3 2 0 2 0 0 5 0 0 1 10 0 5 0 5 2 1 0 2 0 10
0 2 10 0 0 0 2 2 4 5 1 5 5 2 2 5 0 1 0 5 2 4 3 5 0 3 0 1 0 5 0 10 5 3 0 0 2 0 5 0 0 10 2 1 5 1 5 5 2 5 5 5 3 2 2 5 0 3 2 0 2 2 1 1 1 0 3 2 2 0 10 1 5 2 0 0 0 2 1 0 2 0 5 2 3 5 1 0 10 5 5 0 0 2 2 1 3 1 0 0 0 0 10 5 3 2 2 0 1 3 3 5 1 0 2 1 0 1 0 5 10 0 10 1 0 10 1 2 0 0 2 2 0 2 0 3 0 0 5 10 0 5 0 0 0 10 1 0 0 4 5 0 5 5 1 0 0 2 3 3 0 1 0 5 6 5 2 1 3 1 10 0 5 0 5 5 0 0 10 0 0 0 0 0 5 5 0 0 0 0 5 10 5 2 2 5 3 2 4 1
5 0 5 0 2 2 0 1 0 2 4 2 2 4 3 2 2 4 5 4 1 0 0 5 10 1 1 0 0 10 2 0 10 5 0 5 0 5 1 1 0 5 2 0 3 5 5 10 3 3 10 5 0 0 3 5 1 0 5 0 0 5 5 0 0 1 0 0 5 0 2 2 2 2 2 2 4 5 2 0 10 5 0 1 5 0 1 2 0 2 4 5 10 0 1 5 3 10 0 4 10 5 0 0 0 3 5 1 2 2 5 5 0 3 5 0 5 5 0 5 1 1 0 6 5 4 6 2 0 5 0 2 0 2 4 5 0 5 1 5 1 2 5 0 3 0 0 2 5 10 2 1 5 5 3 10 6 10 0 5 2 0 5 10 1 10 5 2 2 2 3 5 10 5 1 1 0 0 0 5 5 10 2 0 1 0 2 1 2 0 0 0 1 5 5 1 1 0 0 5
4 3 5 0 4 10 4 1 2 10 3 0 1 0 0 2 0 0 4 0 5 5 0 10 10 0 5 0 2 0 0 5 1 0 3 2 3 5 10 1 6 0 2 2 4 2 1 0 0 1 0 10 0 0 5 3 2 2 0 2 3 5 0 10 4 0 5 0 0 5 5 0 5 5 0 10 0 2 2 2 2 2 0 5 0 4 5 2 4 1 5 2 6 5 5 0 4 3 5 6 0 5 5 2 0 5 5 0 0 10 10 0 2 1 2 0 1 3 0 1 2 0 10 0 5 3 0 0 0 4 0 5 1 1 2 10 0 5 1 0 0 6 1 1 1 2 0 0 4 10 2 0 0 3 1 2 0 2 5 10 0 0 5 5 5 5 0 1 0 2 10 0 5 5 10 0 10 0 0 2 2 10 0 2 0 6 2 10 0 0 10 10 2 3 0 1 3 0 4 0
5 2 1 1 2 5 3 0 0 2 2 0 5 5 2 0 6 5 5 0 6 0 2 4 0 1 0 4 5 0 2 2 0 0 3 5 0 10 2 4 5 5 0 0 0 2 0 3 0 0 10 10 2 1 1 1 3 5 0 2 1 1 0 0 2 5 5 2 0 2 1 0 4 3 0 3 1 5 10 2 5 4 10 5 2 2 5 0 2 0 4 10 0 5 5 2 0 5 5 2 5 0 1 2 5 0 0 0 0 2 2 4 5 5 0 2 4 3 2 2 0 6 10 0 0 3 10 0 2 5 2 5 3 10 5 3 0 6 3 0 1 6 2 0 2 0 2 5 0 1 5 5 0 1 5 10 0 2 0 3 0 5 2 5 5 0 0 4 6 0 0 2 5 0 1 3 0 5 2 0 1 2 0 2 4 5 0 0 5 10 2 0 0 0 5 5 0 0 0 2
5 2 5 0 5 3 0 1 0 0 2 2 0 0 0 10 1 0 1 0 5 10 4 5 3 5 5 2 2 0 4 0 2 0 5 10 5 5 2 5 0 1 5 2 5 0 0 0 0 1 0 0 1 10 0 0 1 10 2 0 6 1 1 0 3 5 5 4 0 5 2 10 10 5 0 1 5 5 4 0 10 5 3 5 1 3 6 5 0 2 0 5 10 1 5 0 1 5 2 5 5 2 2 2 2 10 4 0 0 2 6 5 0 0 2 0 5 5 2 2 3 0 4 0 0 10 5 0 5 2 5 5 5 1 5 1 0 5 0 4 2 3 2 0 4 0 0 5 0 10 0 0 5 2 0 0 0 2 0 2 0 5 10 3 0 5 3 2 0 1 0 2 2 2 0 2 0 5 2 1 0 0 10 6 0 5 2 1 1 0 5 1 5 2 10 5 2 1 3 0
0 2 2 1 0 0 2 1 5 0 5 3 5 10 0 1 0 5 5 2 10 2 5 1 5 3 0 0 4 0 1 0 10 0 5 4 5 10 0 0 10 0 0 5 0 0 2 0 0 10 2 1 10 2 1 10 4 2 5 0 0 2 2 4 5 4 5 1 0 5 5 2 5 0 5 2 5 0 0 10 2 5 2 0 0 5 0 1 1 0 0 5 5 5 0 4 2 3 5 2 1 5 0 5 0 2 1 5 0 2 2 0 4 2 10 1 3 2 2 1 1 1 5 0 3 5 6 1 0 5 4 5 5 3 0 3 10 0 0 1 0 1 0 0 5 0 1 0 2 5 0 5 5 2 0 5 2 0 2 2 2 0 5 2 2 1 4 2 5 2 10 2 0 0 0 0 0 10 10 2 0 0 5 5 0 0 2 5 5 0 5 5 0 0 0 4 0 3 0 1
1 1 2 10 5 5 0 0 5 6 0 10 0 5 3 0 1 5 0 5 1 10 4 0 0 2 0 5 5 5 2 1 1 2 0 0 5 1 10 3 5 5 0 2 5 0 3 1 1 5 0 1 5 0 0 0 0 1 2 2 0 0 2 10 2 5 3 0 10 0 5 2 0 2 0 0 0 0 1 5 2 2 2 5 0 0 5 1 0 2 0 0 4 2 5 3 1 5 1 2 5 0 1 1 2 1 0 0 1 2 10 2 10 1 0 0 0 1 5 0 5 3 0 5 4 0 2 1 5 10 0 0 10 4 6 1 5 5 0 1 5 5 0 1 0 0 2 0 5 2 3 0 0 2 5 2 5 0 5 1 10 0 1 4 5 5 5 1 1 1 0 0 5 6 5 2 0 2 0 0 10 5 0 0 1 0 1 5 1 2 0 2 2 5 10 2 2 10 3 2
5 5 5 2 1 2 1 5 1 0 5 2 1 0 5 4 0 2 0 0 2 0 0 10 10 2 0 0 5 0 0 10 2 10 1 1 1 0 2 3 0 5 5 1 0 5 0 1 1 2 1 10 4 1 5 4 5 0 2 6 4 0 0 1 2 5 1 4 2 0 10 2 5 0 0 0 0 1 10 5 10 0 1 5 4 1 2 2 0 0 5 5 2 5 0 0 1 2 2 3 0 0 10 5 0 2 0 2 1 1 0 0 5 10 0 1 3 2 0 3 5 3 2 1 0 10 0 3 2 5 0 0 0 0 0 0 2 2 2 0 0 1 0 2 10 0 5 10 0 0 3 0 10 10 0 0 2 5 5 0 0 5 2 2 2 4 2 0 3 5 2 5 0 2 2 0 0 0 2 2 6 5 0 0 1 10 0 2 5 0 0 6 0 1 1 0 3 1 10 1
0 0 5 5 2 1 10 5 2 5 10 5 1 2 1 5 5 1 0 3 5 5 5 2 2 1 1 0 3 2 0 5 2 10 0 0 5 0 5 5 10 0 5 5 10 2 10 10 1 0 0 1 0 3 5 2 10 2 2 4 10 0 0 1 2 2 0 5 2 2 1 3 10 2 5 5 0 1 2 10 0 2 10 4 2 0 0 1 0 5 4 0 1 2 1 3 3 2 0 5 5 4 5 2 2 2 2 3 3 1 5 5 5 5 0 0 0 2 2 0 4 2 0 1 5 5 5 0 10 4 5 4 0 2 2 0 1 2 5 4 2 0 0 3 0 6 2 5 0 3 1 3 3 2 1 2 3 5 2 2 2 5 0 6 0 0 2 2 0 2 0 5 5 1 0 0 5 1 0 4 0 0 1 1 0 0 0 5 5 4 5 0 0 2 5 2 0 0 6 1
0 0 1 0 5 5 10 2 2 0 10 2 0 0 0 1 0 0 10 4 5 1 3 1 0 5 5 2 0 5 0 2 10 10 10 2 0 0 0 2 0 5 4 5 6 6 2 1 5 0 5 5 10 10 5 0 0 5 5 1 5 1 0 5 0 0 3 10 4 4 10 5 2 0 2 0 5 0 1 4 6 1 2 1 0 2 0 10 0 1 2 10 2 5 0 2 0 4 2 1 0 0 2 5 1 1 0 5 1 0 2 3 10 2 2 1 0 10 2 1 0 10 0 3 5 10 1 2 1 4 5 5 0 0 0 5 2 0 2 5 10 3 10 3 5 0 0 0 10 5 0 0 0 5 5 4 0 1 0 5 2 5 3 5 0 0 0 1 2 0 1 3 5 10 0 5 5 0 6 5 5 0 0 10 0 0 1 0 5 2 2 1 0 0 0 0 0 0 0 1
1 2 0 0 0 0 0 5 2 2 0 0 0 0 1 5 0 1 10 1 5 2 0 2 0 4 0 5 1 0 3 4 5 0 2 1 2 10 5 2 2 0 3 10 2 2 0 3 0 0 5 2 4 0 2 2 5 5 1 2 2 6 5 3 5 2 1 2 5 1 5 4 0 0 1 2 0 1 10 5 1 0 0 0 0 4 3 0 10 5 3 0 10 5 0 1 5 0 3 2 5 2 0 0 1 2 1 0 2 5 6 5 5 0 0 0 4 10 2 5 4 0 2 0 5 1 0 3 0 4 5 0 10 5 1 2 4 2 5 1 5 0 5 10 1 3 2 2 10 2 5 2 0 2 5 0 1 1 2 10 2 0 5 5 2 0 0 5 0 10 0 0 3 0 0 0 0 2 2 0 2 2 1 0 0 1 0 6 0 0 0 1 5 2 2 5 5 2 1 0
5 0 0 0 2 0 0 10 0 0 0 3 1 1 0 5 2 4 10 0 0 4 0 0 0 1 3 6 2 0 0 5 5 1 10 2 5 10 1 0 2 2 1 1 5 1 5 0 0 0 2 4 5 4 5 3 4 5 5 10 5 10 0 5 1 0 5 0 5 5 1 3 1 5 0 0 10 0 5 0 5 5 0 2 5 5 4 1 0 5 5 2 0 2 1 2 10 5 0 0 5 0 0 5 10 2 0 2 2 5 0 5 1 0 0 2 1 2 10 1 3 5 0 1 10 5 2 0 2 1 0 5 10 5 0 5 5 3 6 2 5 5 3 0 3 5 5 0 4 0 1 2 3 0 10 0 10 0 2 10 2 0 1 2 1 0 3 0 4 3 0 10 3 0 0 0 0 1 10 0 1 5 5 2 5 0 6 0 2 0 0 5 0 1 10 3 5 5 2 5
5 4 0 0 0 1 6 0 0 4 5 0 5 2 0 5 0 0 0 5 5 10 0 2 0 3 0 1 2 0 0 2 0 5 0 0 1 2 10 0 10 2 0 1 0 1 0 2 1 2 0 2 0 2 1 2 2 5 0 2 0 0 0 3 0 1 2 5 4 2 5 5 2 1 5 3 0 1 0 5 2 5 10 0 1 0 2 0 5 0 0 0 5 10 4 0 2 0 1 10 5 1 0 0 5 5 2 6 4 2 2 0 0 5 5 10 4 5 10 2 0 5 3 4 6 0 3 2 5 0 2 2 10 10 0 6 0 2 1 3 0 10 0 0 5 10 2 2 2 0 0 5 5 0 0 2 1 0 5 0 0 10 2 5 2 0 0 5 10 2 1 2 2 3 5 1 0 2 0 5 1 5 1 5 5 5 0 2 0 5 5 0 0 2 0 0 2 5 3 0
2 1 2 2 0 5 5 1 1 5 5 0 0 10 0 5 10 2 5 1 6 2 2 0 2 2 0 2 5 3 2 2 0 0 2 3 0 3 0 0 0 0 0 2 0 0 2 10 0 0 0 2 0 5 10 0 2 2 1 2 2 0 0 0 5 5 0 1 2 5 10 1 0 0 2 0 5 10 1 2 5 3 6 4 3 10 0 0 5 5 10 5 1 10 5 10 0 5 5 0 5 1 0 10 0 5 5 0 5 2 6 1 0 5 0 4 1 4 5 5 10 0 0 1 0 1 1 1 1 4 5 1 1 1 0 3 4 0 0 1 10 0 5 0 2 5 5 0 0 5 5 0 0 10 5 0 2 2 4 2 1 5 0 4 0 5 0 5 1 1 2 5 2 5 2 10 0 0 0 10 0 0 2 0 4 2 0 0 5 0 10 0 0 2 10 4 2 4 1 2
0 0 5 3 0 2 10 1 5 5 3 0 5 0 2 10 0 1 0 0 0 3 5 2 10 0 3 0 0 0 2 0 0 4 1 5 10 5 4 0 2 0 3 5 0 5 1 2 6 2 0 0 0 0 0 0 2 5 2 2 0 10 2 0 2 0 5 0 0 1 2 4 2 0 5 0 10 0 5 2 10 0 1 10 0 0 6 0 4 0 5 0 0 2 6 0 5 1 10 5 10 5 6 0 2 5 5 2 2 2 2 5 3 2 0 0 2 2 4 10 2 0 0 3 3 0 5 0 0 0 5 10 2 5 0 1 0 3 1 0 0 5 1 1 10 6 0 5 0 5 2 2 0 5 3 3 0 2 10 5 0 5 5 0 0 0 0 2 0 0 0 0 0 0 5 0 5 0 10 2 5 5 0 0 5 2 0 0 5 10 0 1 2 2 3 5 2 2 0 1
4 2 2 0 10 10 2 2 3 5 0 5 0 0 0 0 0 10 0 2 5 0 2 10 3 10 1 0 1 5 10 2 1 1 2 1 0 0 2 2 10 5 0 0 2 5 0 0 0 0 0 10 10 5 1 0 2 2 2 0 4 2 0 2 5 0 2 0 0 5 5 1 3 1 0 1 5 2 10 0 3 10 5 4 10 2 1 0 2 3 5 2 3 0 2 1 5 6 0 0 1 0 5 5 5 0 5 6 5 2 0 5 2 5 6 0 0 5 1 1 1 0 6 0 6 1 2 5 0 2 3 2 0 0 0 0 0 0 2 0 2 0 1 0 10 0 10 1 2 2 2 5 10 1 0 2 1 5 5 1 0 2 1 1 0 2 10 0 2 0 2 10 1 0 3 5 10 0 10 0 1 5 2 6 0 1 1 5 0 0 1 0 5 1 0 1 0 0 1 2
0 5 5 0 0 10 10 5 2 0 1 5 4 2 10 0 0 5 0 2 5 5 0 5 5 1 2 10 0 2 3 4 5 4 5 2 0 0 0 2 1 1 0 5 5 0 10 0 3 5 0 1 1 5 0 2 3 5 5 0 2 0 0 1 1 3 0 5 5 1 0 5 1 10 0 4 5 0 3 6 0 2 0 5 4 4 0 5 5 0 3 4 2 2 3 10 6 2 2 2 10 4 0 0 1 5 4 1 0 5 2 5 0 5 0 10 0 0 0 0 6 5 3 0 5 5 6 1 5 1 10 2 10 2 0 2 0 5 5 5 2 1 0 0 2 0 2 0 0 5 2 0 2 10 3 0 0 1 1 0 2 0 4 0 0 5 10 3 0 1 0 6 4 5 0 0 5 1 2 0 5 0 2 0 0 0 5 0 0 0 2 5 0 4 2 5 2 5 5 2
0 5 2 0 1 5 1 2 0 2 0 5 5 2 5 10 0 0 5 5 2 5 10 1 2 0 2 4 2 3 1 0 0 0 0 5 5 2 0 0 2 5 0 0 2 0 10 2 1 10 5 5 2 3 10 0 1 2 0 2 3 5 0 4 5 0 5 0 0 4 2 1 4 0 10 2 0 2 2 2 10 2 0 0 3 5 1 0 6 5 4 0 4 0 3 6 5 1 5 5 1 10 5 0 2 0 0 5 1 5 5 2 2 5 1 0 10 0 0 5 2 3 0 5 5 2 3 10 1 1 3 1 2 10 1 10 0 5 3 5 6 0 0 10 5 5 0 0 0 1 0 2 0 6 0 10 2 5 5 5 10 0 10 6 3 0 0 5 10 1 0 1 5 5 2 5 2 5 3 0 2 0 5 1 2 0 2 1 2 2 2 1 4 0 0 0 3 0 1 2
1 5 5 1 5 0 0 2 5 1 10 2 0 0 0 5 0 10 3 0 2 1 0 0 0 5 0 0 2 5 0 4 1 0 2 5 1 5 6 1 10 0 5 10 5 5 2 2 10 1 5 1 5 2 2 0 2 0 2 6 2 3 0 0 1 10 4 1 2 10 2 0 2 3 0 2 0 0 5 10 4 0 2 0 5 1 0 5 0 1 2 5 0 0 6 5 5 5 5 1 4 5 2 5 2 5 5 0 10 2 1 0 5 0 5 1 2 2 10 5 2 0 1 4 3 0 2 0 2 5 0 0 0 5 2 5 2 5 1 1 2 0 4 0 0 4 0 10 0 0 5 10 10 1 0 0 3 4 0 6 5 10 10 1 0 10 10 5 5 0 5 5 2 0 2 2 2 5 0 5 10 0 10 1 5 0 2 10 0 10 3 0 2 0 0 1 2 1 0 0
5 5 5 4 0 0 5 5 0 10 2 2 5 1 0 1 10 0 5 0 1 4 1 0 5 3 0 1 2 0 0 2 4 1 1 2 5 2 1 0 0 0 0 2 1 1 1 0 0 4 2 2 5 0 0 2 0 0 0 0 0 1 0 10 10 0 0 1 10 2 5 0 1 10 3 0 5 2 2 0 5 0 0 0 5 5 10 2 10 2 5 1 0 5 0 5 2 5 10 2 2 5 5 2 10 0 5 5 1 5 0 2 0 1 2 10 5 2 5 0 5 2 5 0 1 0 2 0 2 10 3 1 0 5 0 2 4 0 5 1 3 3 2 10 1 0 5 2 0 3 5 0 2 0 10 0 10 0 3 0 2 2 2 10 5 0 2 10 3 1 0 10 10 5 2 1 5 1 1 5 5 4 2 0 2 0 5 3 0 4 5 1 5 0 1 0 0 0 2 0
5 1 0 0 0 1 3 10 5 2 5 0 2 1 5 1 1 2 5 0 0 1 2 5 4 5 6 1 2 5 0 3 2 2 0 0 5 2 0 1 5 1 10 2 5 4 0 0 2 2 0 5 2 2 3 2 2 2 5 5 2 5 1 5 2 5 3 5 0 0 4 0 2 5 0 2 0 0 0 5 4 5 2 1 0 0 0 1 0 10 2 1 0 0 1 5 0 1 1 0 5 5 0 3 0 5 10 10 0 10 2 0 2 1 10 2 2 2 10 0 1 2 0 2 0 5 0 6 2 10 10 2 5 10 1 6 4 2 2 5 0 5 2 5 5 0 5 5 1 0 5 3 0 2 0 2 0 5 0 2 5 0 1 10 2 5 5 0 2 1 1 0 0 1 0 0 3 1 3 0 2 0 2 3 0 0 5 5 2 2 2 0 2 3 2 0 0 0 5 10
3 10 0 4 5 0 0 0 4 5 3 5 1 5 5 0 10 1 5 0 0 2 5 1 1 2 1 0 0 0 10 1 10 1 3 4 5 0 2 0 5 10 0 2 2 0 10 0 0 0 0 5 2 0 0 10 0 1 1 5 5 1 0 0 0 5 2 0 0 5 0 1 0 5 10 2 10 0 5 5 5 3 2 5 2 2 2 0 0 10 1 5 0 0 5 5 5 10 0 5 1 10 5 5 5 5 0 5 5 5 0 0 0 0 0 0 5 2 1 4 0 2 5 5 2 0 0 4 0 5 0 0 10 0 2 10 0 0 2 1 0 0 5 0 10 1 0 1 2 5 0 5 1 1 5 0 5 0 5 0 1 5 3 3 0 10 1 0 0 2 0 0 0 0 5 2 2 0 0 0 1 3 10 1 0 0 2 5 5 4 2 0 5 0 1 0 0 0 1 5
0 0 3 2 5 3 2 5 5 4 5 6 0 0 0 1 10 4 3 0 0 1 1 0 0 2 10 2 0 5 10 0 0 5 2 5 5 10 2 5 5 1 2 1 10 0 5 5 10 5 3 2 1 0 0 5 0 0 2 3 2 1 2 0 2 2 0 2 2 5 5 0 0 0 5 5 0 4 2 0 10 10 10 6 1 5 5 5 2 0 0 1 3 0 4 1 1 10 0 0 0 6 0 2 5 1 5 4 0 10 5 0 5 2 3 2 0 0 4 3 0 2 1 6 5 2 5 3 1 5 3 0 0 2 4 2 0 6 6 2 10 3 5 2 1 5 5 1 1 0 2 10 3 5 5 2 0 1 10 1 1 5 0 5 0 10 10 0 0 2 4 5 10 0 0 0 4 0 4 0 3 0 3 10 6 0 1 2 3 1 0 1 5 1 0 2 5 1 0 1
1 5 0 2 5 5 2 2 3 5 0 0 0 4 5 1 0 10 0 5 0 5 0 5 0 0 2 0 0 2 5 2 0 10 4 5 10 5 2 5 0 4 0 3 2 10 5 10 3 0 0 2 10 2 1 0 6 0 0 0 0 2 10 1 0 10 1 10 0 4 1 2 0 0 5 0 0 4 0 0 0 5 3 5 0 3 2 1 2 0 2 0 0 0 1 0 2 2 3 3 10 5 10 0 5 0 2 5 0 1 5 10 1 2 0 10 6 5 0 1 0 5 10 0 2 0 0 5 0 0 0 10 0 5 0 6 10 2 5 0 3 1 3 0 5 0 1 0 2 5 5 1 1 5 0 0 5 3 0 5 0 5 5 10 5 5 0 2 10 5 0 0 10 1 1 10 1 5 0 2 0 1 2 1 1 1 0 5 0 2 1 2 2 2 0 0 10 5 1 0
