110
14 6 10 6 12 5 5 14 6 6 14 14 14 11 5 13 6 13 6 12 13 7 7 8 13 9 10 5 11 7 6 14 14 12 5 12 12 8 6 13 11 6 10 11 10 9 11 10 5 11 11 5 10 13 11 8 13 12 13 6 9 14 6 14 13 10 14 8 13 10 5 6 6 12 8 8 7 5 12 10 11 5 5 8 6 13 14 8 11 5 9 5 5 5 12 11 6 13 10 6 10 13 13 12 11 12 7 6 13 11

0 53 41 51 89 31 69 15 70 49 19 59 74 45 94 78 78 32 44 31 44 79 6 49 5 50 23 2 93 25 12 64 77 93 1 47 53 35 70 1 18 1 52 65 20 41 94 5 42 58 97 9 45 96 99 6 38 90 96 1 54 96 0 11 72 46 42 15 48 9 47 33 94 44 22 88 56 24 35 1 4 94 78 91 46 72 9 46 23 88 95 39 93 86 7 21 29 34 50 97 47 25 74 23 28 31 54 94 53 56
53 0 71 8 29 0 71 58 5 60 42 98 61 28 72 81 37 42 18 37 49 32 32 13 83 99 73 25 76 76 26 39 3 100 71 57 63 20 23 5 63 53 92 100 43 72 34 82 24 53 34 65 18 96 5 27 84 61 54 25 64 60 59 6 4 20 22 86 75 41 71 26 100 83 21 37 17 32 11 8 1 28 47 74 100 10 49 75 3 12 67 69 73 64 38 70 9 10 28 30 41 5 54 41 71 99 73 46 61 11
41 71 0 90 80 20 82 4 100 40 30 14 27 78 45 18 92 34 23 10 15 15 0 17 51 94 36 1 38 17 93 27 32 32 24 10 3 95 95 56 66 49 96 18 2 21 73 49 42 72 73 49 57 4 10 59 34 89 24 34 100 92 2 48 69 6 0 36 57 82 21 8 26 93 61 65 15 36 41 38 94 31 45 74 33 77 29 76 86 82 25 64 42 78 44 87 18 18 54 3 55 3 91 15 22 100 84 18 76 92
51 8 90 0 2 99 30 4 52 86 58 99 60 91 40 40 11 44 45 78 60 48 63 71 99 49 37 66 29 20 95 63 80 42 57 1 21 33 92 30 20 39 35 62 21 51 69 56 96 88 62 29 18 88 95 26 12 39 18 78 88 76 56 37 17 16 62 98 21 55 35 86 4 22 16 33 61 10 100 41 60 55 38 17 7 26 64 78 69 39 53 11 85 73 52 8 33 18 0 67 76 50 46 30 10 55 38 97 88 21
89 29 80 2 0 71 90 59 30 31 78 57 63 87 29 97 45 78 52 90 62 83 86 7 48 85 9 75 61 56 65 87 94 45 88 7 42 13 87 69 46 45 78 23 14 76 39 53 16 10 8 13 74 56 67 21 77 78 12 59 18 77 2 81 56 1 41 34 64 53 25 22 44 33 47 85 44 93 9 36 2 86 26 29 63 24 53 25 51 52 66 22 18 100 33 48 68 79 81 6 5 63 38 33 33 92 23 100 29 63
31 0 20 99 71 0 47 34 49 27 33 24 42 86 30 56 13 75 25 23 15 17 90 57 100 35 24 95 86 16 89 92 6 58 24 42 33 25 46 44 58 86 55 94 3 44 1 62 56 89 70 44 80 16 15 90 77 67 81 93 10 6 56 13 88 27 14 100 83 73 27 73 14 95 31 84 7 61 93 8 30 52 66 22 65 50 33 18 84 70 73 49 85 65 66 29 100 51 26 64 31 53 9 40 41 12 9 7 48 76
69 71 82 30 90 47 0 33 60 67 94 90 86 100 0 72 71 26 86 2 19 61 38 43 79 74 31 99 93 73 46 91 42 23 100 63 74 72 37 21 28 11 60 53 24 30 41 33 21 27 10 36 93 78 55 14 13 93 80 10 20 70 65 90 28 43 76 46 32 91 56 20 97 30 34 42 52 27 65 17 68 53 17 97 91 7 3 60 68 12 51 55 72 2 92 70 72 85 49 4 59 1 33 7 64 13 79 100 36 31
15 58 4 4 59 34 33 0 35 91 33 30 30 33 4 16 78 99 59 7 55 75 79 36 11 6 89 22 38 64 1 29 95 16 98 66 61 34 63 9 25 18 1 11 100 7 14 83 60 100 63 21 20 15 17 51 53 50 93 73 71 78 90 41 13 59 10 95 35 10 11 48 66 50 43 11 63 73 28 100 0 20 23 62 70 8 10 10 25 16 64 11 21 10 21 31 7 37 2 4 55 74 4 31 83 92 61 74 6 69
70 5 100 52 30 49 60 35 0 9 98 91 19 33 45 91 3 45 45 86 16 83 5 76 61 2 87 33 9 39 21 60 58 15 14 30 10 19 0 62 72 42 94 54 26 86 43 57 20 21 61 46 54 22 74 83 75 94 39 19 34 53 10 88 74 29 17 13 33 45 46 78 2 98 33 7 26 23 86 31 73 22 16 4 14 53 7 74 1 78 37 80 3 71 62 100 63 26 96 33 27 5 35 90 31 38 97 43 91 73
49 60 40 86 31 27 67 91 9 0 90 24 36 90 49 57 76 71 52 95 89 97 78 35 7 3 10 93 6 84 18 87 37 78 5 94 97 29 31 35 100 35 36 30 28 47 25 28 85 51 13 59 84 31 52 8 34 54 70 63 26 35 5 12 88 37 10 11 78 10 2 5 1 51 58 49 22 68 70 5 49 58 80 91 73 40 11 78 23 42 94 36 11 21 23 33 75 15 22 16 77 83 12 92 96 58 44 45 70 97
19 42 30 58 78 33 94 33 98 90 0 22 67 79 74 81 18 3 56 92 48 80 40 18 36 71 49 18 14 95 58 50 54 38 80 44 14 2 95 6 34 6 33 26 73 12 87 27 23 35 46 23 86 22 60 65 37 39 59 80 46 65 23 98 77 46 96 3 93 45 54 51 27 85 70 70 88 99 15 97 63 36 54 53 12 71 6 63 22 56 92 62 94 81 55 84 50 1 91 37 1 1 58 1 62 2 87 71 54 16
59 98 14 99 57 24 90 30 91 24 22 0 85 43 94 12 78 16 85 13 23 21 38 34 94 39 41 35 81 4 67 100 53 33 70 62 92 88 1 91 40 11 55 17 68 2 71 35 57 39 30 70 79 12 40 92 44 19 45 36 41 7 30 31 13 13 18 78 14 95 90 64 25 46 66 65 27 18 35 65 81 53 10 84 39 30 97 24 56 22 7 69 26 38 3 11 41 5 88 40 88 66 93 9 78 79 74 97 51 45
74 61 27 60 63 42 86 30 19 36 67 85 0 27 77 56 74 15 0 13 38 81 89 94 94 41 61 54 44 66 44 11 29 86 61 85 100 38 55 25 24 16 38 28 23 28 5 18 33 49 94 69 61 80 11 15 46 63 49 56 92 69 74 81 50 84 27 84 83 99 19 30 61 1 78 38 21 49 29 87 5 16 47 55 7 96 40 32 90 51 3 51 45 98 23 11 0 60 11 62 43 63 88 99 6 1 82 70 9 7
45 28 78 91 87 86 100 33 33 90 79 43 27 0 82 65 94 84 62 90 60 44 21 72 24 39 77 53 58 0 78 68 73 73 38 36 27 64 29 90 56 8 36 80 41 92 30 41 67 43 81 50 24 53 93 15 100 83 16 41 29 34 74 57 58 22 52 67 60 16 93 35 94 22 2 12 4 93 86 47 5 35 3 34 41 82 73 82 37 16 91 63 43 36 36 68 39 33 7 65 95 24 84 96 18 58 2 76 78 29
94 72 45 40 29 30 0 4 45 49 74 94 77 82 0 60 3 5 68 11 19 47 41 24 60 60 7 73 0 97 50 0 50 25 97 86 43 2 84 33 71 22 2 81 81 66 17 86 7 85 37 11 5 9 92 94 79 82 94 39 5 73 22 4 58 1 16 44 45 48 17 87 45 89 60 48 40 1 61 46 43 28 39 84 81 58 42 58 37 35 89 91 19 60 97 12 37 5 72 27 47 33 21 61 3 36 33 47 86 17
78 81 18 40 97 56 72 16 91 57 81 12 56 65 60 0 26 42 76 33 80 32 21 69 83 7 55 92 6 43 2 32 49 79 91 84 24 29 62 24 44 94 19 13 69 41 86 61 60 59 98 43 42 89 64 87 64 65 36 63 2 99 9 76 41 22 68 80 51 35 43 9 10 78 69 59 70 11 68 76 10 96 59 33 60 87 85 17 43 69 87 50 65 62 71 81 51 1 60 77 0 87 24 38 91 48 71 51 61 50
78 37 92 11 45 13 71 78 3 76 18 78 74 94 3 26 0 27 31 76 65 0 66 3 39 100 64 42 76 35 86 17 11 28 61 75 77 43 40 12 34 0 43 61 89 72 31 69 47 62 62 13 51 82 55 48 6 43 66 15 69 31 34 55 42 99 87 74 73 92 9 56 6 74 43 41 23 48 68 54 28 91 92 94 16 27 8 20 56 67 27 23 65 80 45 8 44 98 61 22 64 55 51 43 11 61 31 20 11 16
32 42 34 44 78 75 26 99 45 71 3 16 15 84 5 42 27 0 53 12 24 18 85 28 50 29 36 95 89 34 95 63 21 41 7 50 91 22 40 99 87 14 49 56 41 85 60 9 11 93 38 96 8 74 71 85 12 55 71 25 79 48 29 64 96 60 57 20 24 96 5 4 59 4 63 84 7 89 36 97 93 78 87 35 86 91 64 33 1 15 52 45 42 25 65 56 20 33 30 86 58 78 92 71 29 48 68 7 26 39
44 18 23 45 52 25 86 59 45 52 56 85 0 62 68 76 31 53 0 56 87 17 21 50 19 87 52 49 1 73 74 32 33 38 2 94 49 24 0 90 7 29 81 62 77 99 33 92 76 6 97 38 97 34 36 46 79 26 3 46 82 56 25 16 42 61 99 32 52 20 66 53 43 55 76 80 14 2 98 24 5 79 46 52 14 15 22 31 68 90 1 42 10 77 52 68 84 74 6 40 79 88 41 33 3 35 0 35 43 99
31 37 10 78 90 23 2 7 86 95 92 13 13 90 11 33 76 12 56 0 41 29 31 76 44 34 64 81 94 74 97 6 9 58 67 59 14 50 77 76 92 85 87 60 31 16 20 61 16 35 92 15 18 50 64 30 5 61 68 40 79 22 51 76 44 23 0 4 23 59 47 84 54 89 25 24 23 92 93 17 90 52 64 0 67 9 63 81 18 95 35 99 20 98 49 66 99 81 74 92 53 31 80 44 67 48 1 95 20 73
44 49 15 60 62 15 19 55 16 89 48 23 38 60 19 80 65 24 87 41 0 77 53 41 9 65 11 26 51 72 73 82 93 22 53 74 91 34 7 97 68 23 27 88 68 14 29 11 29 59 75 4 21 18 4 65 13 55 67 89 77 59 82 3 84 59 83 42 2 9 15 34 1 35 33 10 7 47 81 83 64 81 24 88 37 80 64 68 84 78 16 86 100 92 31 40 69 89 68 6 32 10 89 26 27 65 48 40 89 65
79 32 15 48 83 17 61 75 83 97 80 21 81 44 47 32 0 18 17 29 77 0 27 77 52 87 2 94 30 30 31 45 93 68 75 88 70 3 58 18 90 85 91 65 37 80 60 7 76 7 85 68 20 60 61 67 89 69 89 0 74 41 21 8 71 28 23 56 36 0 27 55 8 79 18 94 83 42 93 5 93 24 17 75 67 33 100 22 74 85 18 40 84 96 69 2 27 27 100 93 71 71 91 33 100 17 54 82 87 70
6 32 0 63 86 90 38 79 5 78 40 38 89 21 41 21 66 85 21 31 53 27 0 90 54 69 47 94 39 92 26 56 37 80 23 80 87 24 52 93 93 71 53 52 70 34 57 79 52 23 90 16 99 88 81 97 51 91 33 2 97 95 25 34 18 83 50 47 57 38 23 43 66 21 54 26 65 45 4 48 72 37 74 1 42 38 50 26 47 45 80 71 31 14 4 58 48 32 56 73 11 83 35 44 1 100 13 92 35 13
49 13 17 71 7 57 43 36 76 35 18 34 94 72 24 69 3 28 50 76 41 77 90 0 24 31 57 75 63 23 99 71 5 14 68 25 2 82 24 33 60 46 76 10 99 51 44 76 70 88 63 74 62 87 32 73 79 24 49 76 79 50 81 46 58 43 18 36 73 11 42 21 1 87 60 86 77 68 57 94 54 6 9 54 32 57 90 46 3 79 61 59 87 60 80 18 83 45 85 82 16 81 41 5 63 11 34 67 82 16
5 83 51 99 48 100 79 11 61 7 36 94 94 24 60 83 39 50 19 44 9 52 54 24 0 25 26 41 9 78 37 93 70 13 87 30 44 40 66 33 34 99 88 4 87 73 51 96 17 17 95 33 61 16 78 25 69 28 27 17 39 49 3 12 23 45 4 3 70 79 38 44 63 43 33 38 63 93 88 56 52 82 85 78 3 59 32 50 14 10 82 20 98 38 64 28 51 97 20 13 10 57 30 99 28 72 26 66 54 74
50 99 94 49 85 35 74 6 2 3 71 39 41 39 60 7 100 29 87 34 65 87 69 31 25 0 3 61 61 50 42 78 99 5 83 79 28 64 44 32 96 75 34 68 26 76 86 23 2 47 86 11 51 67 66 72 78 7 86 21 29 95 53 38 24 52 25 76 26 14 45 17 5 69 1 30 96 33 53 80 12 0 83 41 67 16 10 78 17 90 52 80 77 17 95 14 67 83 68 55 78 8 71 18 42 99 34 37 94 1
23 73 36 37 9 24 31 89 87 10 49 41 61 77 7 55 64 36 52 64 11 2 47 57 26 3 0 87 69 85 78 46 90 73 39 34 92 33 28 2 0 4 63 24 81 1 19 65 54 97 60 13 70 25 86 81 25 24 54 47 45 80 51 84 55 84 84 16 21 33 5 98 61 32 8 88 67 41 16 15 56 62 69 12 43 27 35 1 72 51 19 83 7 5 0 84 38 76 55 56 79 22 24 3 93 59 44 89 55 49
2 25 1 66 75 95 99 22 33 93 18 35 54 53 73 92 42 95 49 81 26 94 94 75 41 61 87 0 14 46 65 1 39 92 16 57 87 60 40 86 24 92 79 4 51 48 23 51 7 73 92 14 64 92 35 18 48 72 49 2 19 93 13 65 17 63 61 53 59 91 70 14 80 32 63 55 18 87 72 9 50 29 3 18 66 9 86 58 33 54 96 40 95 8 34 14 16 58 62 8 97 56 25 55 17 65 14 65 47 15
93 76 38 29 61 86 93 38 9 6 14 81 44 58 0 6 76 89 1 94 51 30 39 63 9 61 69 14 0 19 62 53 99 74 63 7 95 95 70 46 83 35 30 79 83 27 100 99 1 84 11 95 70 97 38 74 79 100 81 34 35 50 97 19 86 20 61 68 10 49 96 25 36 10 8 76 32 3 49 70 68 80 97 49 76 63 98 28 0 78 59 84 88 71 93 11 64 50 73 77 91 39 56 69 88 55 92 92 21 31
25 76 17 20 56 16 73 64 39 84 95 4 66 0 97 43 35 34 73 74 72 30 92 23 78 50 85 46 19 0 50 28 61 90 59 100 5 63 64 18 16 67 10 39 60 68 68 42 53 44 56 87 19 75 6 11 47 47 3 81 87 40 86 8 44 14 42 21 72 65 66 43 60 86 56 58 70 40 62 41 65 7 48 66 42 23 66 24 54 49 37 60 56 22 84 42 84 64 53 75 27 40 37 28 72 88 99 9 8 24
12 26 93 95 65 89 46 1 21 18 58 67 44 78 50 2 86 95 74 97 73 31 26 99 37 42 78 65 62 50 0 84 2 54 12 92 20 42 26 86 76 8 73 58 86 74 92 0 52 25 48 99 91 41 1 1 35 95 14 94 94 72 38 21 39 38 23 11 0 95 54 41 28 92 9 6 4 25 67 45 59 22 8 42 97 7 76 46 86 48 56 40 3 10 83 84 42 79 20 90 55 15 1 74 81 61 80 89 62 34
64 39 27 63 87 92 91 29 60 87 50 100 11 68 0 32 17 63 32 6 82 45 56 71 93 78 46 1 53 28 84 0 17 69 58 90 46 25 66 50 73 32 69 92 21 22 52 37 10 77 91 52 43 59 33 4 32 59 96 20 100 14 79 69 26 25 50 38 2 56 90 9 53 15 60 67 3 60 78 68 41 13 6 39 22 59 62 17 60 16 63 36 51 90 85 3 58 17 88 65 45 11 58 10 94 73 81 20 61 26
77 3 32 80 94 6 42 95 58 37 54 53 29 73 50 49 11 21 33 9 93 93 37 5 70 99 90 39 99 61 2 17 0 70 19 0 85 11 13 9 89 68 49 80 53 24 41 94 8 37 11 16 60 58 4 35 8 41 0 26 22 10 63 39 99 90 44 88 93 35 26 99 8 93 100 57 62 47 58 47 33 25 69 4 92 64 18 64 13 100 99 51 85 55 44 59 13 88 37 7 40 8 100 10 16 45 10 50 66 60
93 100 32 42 45 58 23 16 15 78 38 33 86 73 25 79 28 41 38 58 22 68 80 14 13 5 73 92 74 90 54 69 70 0 38 75 33 50 88 33 67 99 72 47 16 48 50 28 73 27 75 84 61 96 98 100 75 84 84 87 49 4 31 92 33 5 13 72 49 57 43 67 83 78 75 16 36 71 32 87 13 96 4 73 87 49 43 79 64 43 4 22 52 68 7 12 83 80 96 92 92 0 9 25 67 99 11 13 51 2
1 71 24 57 88 24 100 98 14 5 80 70 61 38 97 91 61 7 2 67 53 75 23 68 87 83 39 16 63 59 12 58 19 38 0 70 62 66 47 49 80 77 97 22 14 34 55 63 30 28 65 47 51 99 63 88 62 5 4 37 94 38 68 60 63 99 98 20 61 50 59 28 14 60 75 51 53 5 47 70 53 85 0 87 39 16 1 63 68 100 44 63 50 55 32 50 18 67 25 62 11 86 63 12 57 40 21 58 27 3
47 57 10 1 7 42 63 66 30 94 44 62 85 36 86 84 75 50 94 59 74 88 80 25 30 79 34 57 7 100 92 90 0 75 70 0 36 3 4 33 82 22 29 65 48 18 35 20 46 56 59 75 43 76 92 2 82 27 38 58 56 62 56 23 70 71 44 6 30 85 25 76 100 24 54 2 74 78 100 16 87 65 75 92 14 57 53 60 32 18 59 1 72 72 46 76 18 37 55 64 58 61 99 14 28 93 30 4 89 50
53 63 3 21 42 33 74 61 10 97 14 92 100 27 43 24 77 91 49 14 91 70 87 2 44 28 92 87 95 5 20 46 85 33 62 36 0 3 66 88 57 5 9 69 76 49 50 57 84 23 68 28 86 4 11 59 70 37 67 81 24 10 73 18 94 88 56 35 82 41 48 74 57 59 14 36 36 21 69 13 17 5 63 5 67 53 42 35 59 95 14 56 49 88 14 22 83 96 13 43 66 33 49 16 85 83 69 90 7 75
35 20 95 33 13 25 72 34 19 29 2 88 38 64 2 29 43 22 24 50 34 3 24 82 40 64 33 60 95 63 42 25 11 50 66 3 3 0 17 15 49 7 87 11 93 11 21 26 100 93 53 11 35 67 54 30 16 97 83 25 97 48 100 13 36 30 92 72 14 15 99 95 31 40 13 7 12 61 54 22 88 63 39 35 83 84 5 9 96 65 12 15 23 97 28 76 10 14 39 19 32 91 79 73 95 60 23 75 32 63
70 23 95 92 87 46 37 63 0 31 95 1 55 29 84 62 40 40 0 77 7 58 52 24 66 44 28 40 70 64 26 66 13 88 47 4 66 17 0 32 29 10 45 3 38 56 59 8 50 64 85 36 18 3 22 100 49 83 50 66 41 40 4 7 77 91 29 82 92 76 32 80 96 65 33 49 45 6 49 42 64 33 41 74 55 15 27 44 18 48 17 15 51 71 6 53 78 64 36 13 11 90 42 92 45 50 26 91 6 33
1 5 56 30 69 44 21 9 62 35 6 91 25 90 33 24 12 99 90 76 97 18 93 33 33 32 2 86 46 18 86 50 9 33 49 33 88 15 32 0 7 59 10 29 94 7 93 45 12 72 78 37 62 6 90 5 57 42 19 75 72 92 50 59 36 1 85 38 39 4 56 79 39 31 43 55 67 59 53 7 61 92 26 9 87 30 3 99 26 50 5 45 81 32 49 91 65 22 5 26 54 23 73 2 28 72 47 16 61 32
18 63 66 20 46 58 28 25 72 100 34 40 24 56 71 44 34 87 7 92 68 90 93 60 34 96 0 24 83 16 76 73 89 67 80 82 57 49 29 7 0 63 53 76 69 66 33 41 32 9 51 51 18 77 89 16 42 3 95 87 54 87 42 11 38 60 98 21 64 94 86 68 82 43 17 79 13 65 51 100 87 63 69 64 53 12 22 45 99 93 42 5 50 10 84 28 52 22 83 43 84 45 88 6 50 8 81 36 23 70
1 53 49 39 45 86 11 18 42 35 6 11 16 8 22 94 0 14 29 85 23 85 71 46 99 75 4 92 35 67 8 32 68 99 77 22 5 7 10 59 63 0 82 95 87 74 82 66 70 2 47 32 76 32 18 71 6 58 24 76 22 50 29 42 81 96 6 41 81 24 51 56 22 10 62 81 0 57 60 55 19 95 23 94 14 33 92 52 77 19 46 40 59 52 70 59 84 99 97 89 18 80 23 35 68 43 98 51 4 86
52 92 96 35 78 55 60 1 94 36 33 55 38 36 2 19 43 49 81 87 27 91 53 76 88 34 63 79 30 10 73 69 49 72 97 29 9 87 45 10 53 82 0 46 77 1 53 34 57 8 44 43 15 8 46 59 68 13 86 77 55 95 48 57 76 57 22 44 24 16 70 91 15 79 17 33 35 99 93 36 38 44 42 64 31 36 50 12 85 59 85 75 57 71 89 29 17 70 75 71 58 41 68 4 96 29 11 33 69 94
65 100 18 62 23 94 53 11 54 30 26 17 28 80 81 13 61 56 62 60 88 65 52 10 4 68 24 4 79 39 58 92 80 47 22 65 69 11 3 29 76 95 46 0 41 10 27 60 86 88 98 22 25 35 44 40 25 53 35 94 98 18 25 7 21 97 14 56 57 68 44 9 86 2 15 40 32 19 59 76 89 69 23 81 73 34 67 88 55 64 83 38 47 63 25 44 85 96 76 11 3 76 58 52 59 63 77 60 9 37
20 43 2 21 14 3 24 100 26 28 73 68 23 41 81 69 89 41 77 31 68 37 70 99 87 26 81 51 83 60 86 21 53 16 14 48 76 93 38 94 69 87 77 41 0 48 17 94 32 42 26 3 93 91 30 33 52 34 58 61 94 15 3 34 70 86 90 69 51 40 35 64 7 97 32 22 72 37 9 10 20 47 95 50 16 90 91 37 40 1 26 54 53 94 37 98 57 8 85 23 30 90 0 56 14 44 80 55 39 61
41 72 21 51 76 44 30 7 86 47 12 2 28 92 66 41 72 85 99 16 14 80 34 51 73 76 1 48 27 68 74 22 24 48 34 18 49 11 56 7 66 74 1 10 48 0 77 99 19 76 57 55 9 37 90 72 79 83 70 27 42 56 10 57 72 11 36 56 85 61 58 20 96 51 13 79 99 26 61 4 27 58 82 35 39 42 1 61 11 66 16 63 90 81 53 49 82 62 59 18 72 99 95 62 47 49 42 42 80 85
94 34 73 69 39 1 41 14 43 25 87 71 5 30 17 86 31 60 33 20 29 60 57 44 51 86 19 23 100 68 92 52 41 50 55 35 50 21 59 93 33 82 53 27 17 77 0 52 19 62 5 29 74 65 72 99 46 89 29 84 18 56 97 31 3 44 74 34 100 93 18 6 26 52 90 62 69 35 67 13 82 86 81 13 90 95 82 54 47 17 55 43 52 90 34 80 1 19 75 33 72 60 57 69 35 17 87 5 3 48
5 82 49 56 53 62 33 83 57 28 27 35 18 41 86 61 69 9 92 61 11 7 79 76 96 23 65 51 99 42 0 37 94 28 63 20 57 26 8 45 41 66 34 60 94 99 52 0 92 43 35 23 88 69 62 8 95 79 93 12 16 66 82 32 11 90 21 59 41 71 74 97 58 29 85 16 64 6 3 74 89 74 37 26 17 91 31 29 83 2 44 64 45 69 58 31 28 45 49 72 67 75 88 96 14 47 72 74 13 77
42 24 42 96 16 56 21 60 20 85 23 57 33 67 7 60 47 11 76 16 29 76 52 70 17 2 54 7 1 53 52 10 8 73 30 46 84 100 50 12 32 70 57 86 32 19 19 92 0 7 26 11 86 4 10 41 57 50 98 12 49 28 10 84 50 89 28 73 57 70 38 77 37 13 13 40 60 90 82 48 80 51 76 38 9 12 85 55 85 72 14 94 9 46 11 76 57 35 4 62 74 68 25 22 62 26 40 13 33 53
58 53 72 88 10 89 27 100 21 51 35 39 49 43 85 59 62 93 6 35 59 7 23 88 17 47 97 73 84 44 25 77 37 27 28 56 23 93 64 72 9 2 8 88 42 76 62 43 7 0 48 62 29 66 21 40 28 18 87 43 71 4 40 0 68 45 80 85 90 11 60 24 60 81 70 47 17 46 54 2 99 54 14 85 35 44 9 99 25 92 92 32 85 46 33 57 9 42 94 24 41 100 22 12 69 29 15 9 78 79
97 34 73 62 8 70 10 63 61 13 46 30 94 81 37 98 62 38 97 92 75 85 90 63 95 86 60 92 11 56 48 91 11 75 65 59 68 53 85 78 51 47 44 98 26 57 5 35 26 48 0 29 76 37 31 86 90 58 80 83 66 59 63 82 39 87 4 4 49 6 89 34 18 88 44 17 29 48 74 73 20 36 46 42 41 39 68 14 34 35 51 70 99 87 87 68 80 42 35 13 72 35 9 14 97 46 42 22 59 32
9 65 49 29 13 44 36 21 46 59 23 70 69 50 11 43 13 96 38 15 4 68 16 74 33 11 13 14 95 87 99 52 16 84 47 75 28 11 36 37 51 32 43 22 3 55 29 23 11 62 29 0 71 39 66 1 71 41 41 23 61 17 88 37 40 65 70 3 35 74 55 80 41 9 53 37 99 43 8 99 98 63 15 19 99 45 71 52 14 64 5 11 97 94 33 25 36 77 6 66 33 19 21 94 24 73 59 5 32 44
45 18 57 18 74 80 93 20 54 84 86 79 61 24 5 42 51 8 97 18 21 20 99 62 61 51 70 64 70 19 91 43 60 61 51 43 86 35 18 62 18 76 15 25 93 9 74 88 86 29 76 71 0 98 21 62 29 48 48 17 55 50 85 37 33 50 30 52 65 32 21 85 28 19 29 0 42 91 33 73 92 59 92 44 13 49 83 5 34 86 29 14 60 58 43 49 32 84 7 67 44 3 97 87 86 94 49 6 99 19
96 96 4 88 56 16 78 15 22 31 22 12 80 53 9 89 82 74 34 50 18 60 88 87 16 67 25 92 97 75 41 59 58 96 99 76 4 67 3 6 77 32 8 35 91 37 65 69 4 66 37 39 98 0 67 61 99 66 51 4 24 60 10 99 3 97 60 5 71 60 2 21 61 41 21 90 11 78 15 35 4 6 54 68 37 27 46 85 91 84 88 0 56 85 31 49 7 19 99 68 83 53 42 79 46 52 73 54 96 38
99 5 10 95 67 15 55 17 74 52 60 40 11 93 92 64 55 71 36 64 4 61 81 32 78 66 86 35 38 6 1 33 4 98 63 92 11 54 22 90 89 18 46 44 30 90 72 62 10 21 31 66 21 67 0 89 99 60 58 4 44 74 5 12 69 32 70 80 95 63 20 65 12 0 95 64 13 63 24 38 13 2 3 63 60 89 75 94 54 8 25 33 43 4 37 14 15 22 70 79 49 15 38 10 100 81 27 97 79 27
6 27 59 26 21 90 14 51 83 8 65 92 15 15 94 87 48 85 46 30 65 67 97 73 25 72 81 18 74 11 1 4 35 100 88 2 59 30 100 5 16 71 59 40 33 72 99 8 41 40 86 1 62 61 89 0 48 57 96 25 32 71 71 70 33 47 9 67 54 29 72 65 78 22 73 78 68 17 34 31 91 29 93 9 32 69 71 52 25 34 33 67 47 2 2 15 56 3 71 11 53 69 19 42 40 7 57 34 40 97
38 84 34 12 77 77 13 53 75 34 37 44 46 100 79 64 6 12 79 5 13 89 51 79 69 78 25 48 79 47 35 32 8 75 62 82 70 16 49 57 42 6 68 25 52 79 46 95 57 28 90 71 29 99 99 48 0 12 52 86 5 9 43 45 13 92 12 26 77 50 0 59 2 68 80 30 39 67 39 41 8 8 100 83 54 51 76 99 62 0 92 18 60 35 81 96 68 20 50 75 26 32 62 47 30 24 16 50 36 24
90 61 89 39 78 67 93 50 94 54 39 19 63 83 82 65 43 55 26 61 55 69 91 24 28 7 24 72 100 47 95 59 41 84 5 27 37 97 83 42 3 58 13 53 34 83 89 79 50 18 58 41 48 66 60 57 12 0 49 38 59 10 61 51 43 71 55 25 41 77 62 15 76 41 50 13 54 61 86 79 100 68 71 54 11 79 82 42 48 71 56 39 51 20 63 3 1 35 40 93 96 81 92 99 49 7 88 22 60 36
96 54 24 18 12 81 80 93 39 70 59 45 49 16 94 36 66 71 3 68 67 89 33 49 27 86 54 49 81 3 14 96 0 84 4 38 67 83 50 19 95 24 86 35 58 70 29 93 98 87 80 41 48 51 58 96 52 49 0 100 94 89 53 70 28 57 22 47 7 92 45 61 54 15 9 71 45 18 54 82 63 98 48 14 16 73 76 72 22 62 20 49 42 5 9 67 15 85 2 58 81 9 34 16 22 73 94 64 100 86
1 25 34 78 59 93 10 73 19 63 80 36 56 41 39 63 15 25 46 40 89 0 2 76 17 21 47 2 34 81 94 20 26 87 37 58 81 25 66 75 87 76 77 94 61 27 84 12 12 43 83 23 17 4 4 25 86 38 100 0 69 86 95 59 72 100 21 62 63 6 91 62 81 38 99 93 4 62 62 34 48 75 87 71 62 78 100 47 17 9 79 98 3 5 32 49 9 80 65 20 22 89 20 12 42 21 59 67 31 15
54 64 100 88 18 10 20 71 34 26 46 41 92 29 5 2 69 79 82 79 77 74 97 79 39 29 45 19 35 87 94 100 22 49 94 56 24 97 41 72 54 22 55 98 94 42 18 16 49 71 66 61 55 24 44 32 5 59 94 69 0 26 22 41 75 85 16 76 92 83 41 13 28 2 96 71 95 33 84 12 96 48 26 57 94 16 56 34 74 70 83 23 95 93 52 92 76 36 40 47 9 61 99 34 71 74 58 22 61 71
96 60 92 76 77 6 70 78 53 35 65 7 69 34 73 99 31 48 56 22 59 41 95 50 49 95 80 93 50 40 72 14 10 4 38 62 10 48 40 92 87 50 95 18 15 56 56 66 28 4 59 17 50 60 74 71 9 10 89 86 26 0 53 91 55 7 5 28 71 34 81 76 91 73 3 6 35 42 8 84 30 27 0 64 14 32 88 10 29 67 4 16 84 56 6 8 63 18 77 42 100 39 28 58 50 3 28 87 99 80
0 59 2 56 2 56 65 90 10 5 23 30 74 74 22 9 34 29 25 51 82 21 25 81 3 53 51 13 97 86 38 79 63 31 68 56 73 100 4 50 42 29 48 25 3 10 97 82 10 40 63 88 85 10 5 71 43 61 53 95 22 53 0 37 89 55 2 5 13 60 90 72 70 13 5 1 60 3 85 33 3 55 28 55 94 94 79 39 75 88 2 43 63 53 69 49 55 51 79 36 57 62 62 13 17 16 0 47 99 99
11 6 48 37 81 13 90 41 88 12 98 31 81 57 4 76 55 64 16 76 3 8 34 46 12 38 84 65 19 8 21 69 39 92 60 23 18 13 7 59 11 42 57 7 34 57 31 32 84 0 82 37 37 99 12 70 45 51 70 59 41 91 37 0 97 49 96 11 99 95 76 5 26 72 55 89 26 8 23 93 32 5 28 76 89 24 48 85 27 24 82 45 92 15 38 10 17 53 43 56 28 100 8 67 86 92 59 39 19 24
72 4 69 17 56 88 28 13 74 88 77 13 50 58 58 41 42 96 42 44 84 71 18 58 23 24 55 17 86 44 39 26 99 33 63 70 94 36 77 36 38 81 76 21 70 72 3 11 50 68 39 40 33 3 69 33 13 43 28 72 75 55 89 97 0 53 98 9 22 11 50 47 78 67 10 54 7 67 87 57 4 35 39 60 43 77 88 75 46 81 60 9 68 34 88 7 90 35 88 28 6 75 46 2 14 59 16 16 95 86
46 20 6 16 1 27 43 59 29 37 46 13 84 22 1 22 99 60 61 23 59 28 83 43 45 52 84 63 20 14 38 25 90 5 99 71 88 30 91 1 60 96 57 97 86 11 44 90 89 45 87 65 50 97 32 47 92 71 57 100 85 7 55 49 53 0 94 81 59 4 4 8 94 44 11 49 96 70 83 34 15 20 40 63 92 18 64 78 67 96 73 85 28 55 82 42 31 51 98 42 66 3 96 7 84 17 3 9 48 34
42 22 0 62 41 14 76 10 17 10 96 18 27 52 16 68 87 57 99 0 83 23 50 18 4 25 84 61 61 42 23 50 44 13 98 44 56 92 29 85 98 6 22 14 90 36 74 21 28 80 4 70 30 60 70 9 12 55 22 21 16 5 2 96 98 94 0 5 90 72 90 10 80 84 59 71 60 33 75 85 81 7 84 48 98 98 79 90 75 56 2 4 73 35 60 17 91 23 2 49 35 89 8 84 76 11 67 92 92 58
15 86 36 98 34 100 46 95 13 11 3 78 84 67 44 80 74 20 32 4 42 56 47 36 3 76 16 53 68 21 11 38 88 72 20 6 35 72 82 38 21 41 44 56 69 56 34 59 73 85 4 3 52 5 80 67 26 25 47 62 76 28 5 11 9 81 5 0 44 43 99 29 10 60 28 100 10 89 45 15 27 63 93 75 82 93 43 15 58 60 69 73 81 14 92 52 17 63 93 83 42 51 75 83 86 31 56 21 50 8
48 75 57 21 64 83 32 35 33 78 93 14 83 60 45 51 73 24 52 23 2 36 57 73 70 26 21 59 10 72 0 2 93 49 61 30 82 14 92 39 64 81 24 57 51 85 100 41 57 90 49 35 65 71 95 54 77 41 7 63 92 71 13 99 22 59 90 44 0 1 84 61 6 98 57 33 91 59 58 42 56 25 32 62 12 5 81 32 13 64 61 66 92 86 36 62 34 35 60 84 55 58 11 66 8 78 24 0 48 98
9 41 82 55 53 73 91 10 45 10 45 95 99 16 48 35 92 96 20 59 9 0 38 11 79 14 33 91 49 65 95 56 35 57 50 85 41 15 76 4 94 24 16 68 40 61 93 71 70 11 6 74 32 60 63 29 50 77 92 6 83 34 60 95 11 4 72 43 1 0 30 55 14 56 36 32 52 34 62 37 10 15 4 72 67 51 71 24 79 3 78 67 56 53 56 91 33 25 92 18 91 28 52 91 76 78 34 30 52 53
47 71 21 35 25 27 56 11 46 2 54 90 19 93 17 43 9 5 66 47 15 27 23 42 38 45 5 70 96 66 54 90 26 43 59 25 48 99 32 56 86 51 70 44 35 58 18 74 38 60 89 55 21 2 20 72 0 62 45 91 41 81 90 76 50 4 90 99 84 30 0 8 80 60 93 50 68 9 26 66 18 93 73 28 86 9 68 93 91 97 65 95 88 24 18 23 49 61 80 50 7 55 44 70 11 19 20 78 91 91
33 26 8 86 22 73 20 48 78 5 51 64 30 35 87 9 56 4 53 84 34 55 43 21 44 17 98 14 25 43 41 9 99 67 28 76 74 95 80 79 68 56 91 9 64 20 6 97 77 24 34 80 85 21 65 65 59 15 61 62 13 76 72 5 47 8 10 29 61 55 8 0 82 20 84 43 66 85 65 60 72 52 18 20 55 21 33 53 46 16 79 43 26 70 42 80 67 75 25 96 57 93 52 69 15 28 61 29 58 9
94 100 26 4 44 14 97 66 2 1 27 25 61 94 45 10 6 59 43 54 1 8 66 1 63 5 61 80 36 60 28 53 8 83 14 100 57 31 96 39 82 22 15 86 7 96 26 58 37 60 18 41 28 61 12 78 2 76 54 81 28 91 70 26 78 94 80 10 6 14 80 82 0 79 71 89 95 97 28 38 93 19 24 95 14 95 43 44 26 86 98 89 77 7 48 81 20 85 37 0 41 100 41 29 79 56 23 94 9 70
44 83 93 22 33 95 30 50 98 51 85 46 1 22 89 78 74 4 55 89 35 79 21 87 43 69 32 32 10 86 92 15 93 78 60 24 59 40 65 31 43 10 79 2 97 51 52 29 13 81 88 9 19 41 0 22 68 41 15 38 2 73 13 72 67 44 84 60 98 56 60 20 79 0 24 10 73 22 31 19 55 21 55 72 20 9 28 9 43 87 24 98 80 44 38 84 7 24 30 9 8 12 17 46 67 29 97 32 25 50
22 21 61 16 47 31 34 43 33 58 70 66 78 2 60 69 43 63 76 25 33 18 54 60 33 1 8 63 8 56 9 60 100 75 75 54 14 13 33 43 17 62 17 15 32 13 90 85 13 70 44 53 29 21 95 73 80 50 9 99 96 3 5 55 10 11 59 28 57 36 93 84 71 24 0 53 12 18 57 28 8 100 49 75 81 71 54 25 40 5 90 89 52 32 67 33 14 87 40 66 93 18 48 44 23 55 40 4 20 43
88 37 65 33 85 84 42 11 7 49 70 65 38 12 48 59 41 84 80 24 10 94 26 86 38 30 88 55 76 58 6 67 57 16 51 2 36 7 49 55 79 81 33 40 22 79 62 16 40 47 17 37 0 90 64 78 30 13 71 93 71 6 1 89 54 49 71 100 33 32 50 43 89 10 53 0 40 52 48 19 56 35 32 72 77 38 27 79 65 13 81 0 90 0 59 15 51 35 58 34 97 45 21 39 39 44 45 61 27 33
56 17 15 61 44 7 52 63 26 22 88 27 21 4 40 70 23 7 14 23 7 83 65 77 63 96 67 18 32 70 4 3 62 36 53 74 36 12 45 67 13 0 35 32 72 99 69 64 60 17 29 99 42 11 13 68 39 54 45 4 95 35 60 26 7 96 60 10 91 52 68 66 95 73 12 40 0 16 45 47 90 95 66 90 96 49 62 19 23 50 91 79 13 75 95 98 83 27 50 24 46 39 6 15 11 59 79 87 93 2
24 32 36 10 93 61 27 73 23 68 99 18 49 93 1 11 48 89 2 92 47 42 45 68 93 33 41 87 3 40 25 60 47 71 5 78 21 61 6 59 65 57 99 19 37 26 35 6 90 46 48 43 91 78 63 17 67 61 18 62 33 42 3 8 67 70 33 89 59 34 9 85 97 22 18 52 16 0 11 10 6 13 89 21 68 64 1 90 65 66 45 68 10 87 87 90 31 86 36 24 6 43 84 6 90 98 75 71 26 15
35 11 41 100 9 93 65 28 86 70 15 35 29 86 61 68 68 36 98 93 81 93 4 57 88 53 16 72 49 62 67 78 58 32 47 100 69 54 49 53 51 60 93 59 9 61 67 3 82 54 74 8 33 15 24 34 39 86 54 62 84 8 85 23 87 83 75 45 58 62 26 65 28 31 57 48 45 11 0 74 95 23 22 88 61 27 60 37 69 95 10 87 6 37 14 8 99 19 79 49 47 61 52 76 1 4 2 13 80 56
1 8 38 41 36 8 17 100 31 5 97 65 87 47 46 76 54 97 24 17 83 5 48 94 56 80 15 9 70 41 45 68 47 87 70 16 13 22 42 7 100 55 36 76 10 4 13 74 48 2 73 99 73 35 38 31 41 79 82 34 12 84 33 93 57 34 85 15 42 37 66 60 38 19 28 19 47 10 74 0 48 8 19 41 14 37 39 95 80 88 19 6 46 17 39 40 14 82 13 86 95 0 23 82 89 24 98 60 47 60
4 1 94 60 2 30 68 0 73 49 63 81 5 5 43 10 28 93 5 90 64 93 72 54 52 12 56 50 68 65 59 41 33 13 53 87 17 88 64 61 87 19 38 89 20 27 82 89 80 99 20 98 92 4 13 91 8 100 63 48 96 30 3 32 4 15 81 27 56 10 18 72 93 55 8 56 90 6 95 48 0 25 82 8 80 88 7 77 85 12 96 51 47 48 58 8 41 81 79 56 49 97 90 95 41 75 91 30 59 21
94 28 31 55 86 52 53 20 22 58 36 53 16 35 28 96 91 78 79 52 81 24 37 6 82 0 62 29 80 7 22 13 25 96 85 65 5 63 33 92 63 95 44 69 47 58 86 74 51 54 36 63 59 6 2 29 8 68 98 75 48 27 55 5 35 20 7 63 25 15 93 52 19 21 100 35 95 13 23 8 25 0 75 4 56 64 48 68 57 45 3 25 92 83 82 17 23 14 48 45 60 85 95 15 7 93 97 97 16 90
78 47 45 38 26 66 17 23 16 80 54 10 47 3 39 59 92 87 46 64 24 17 74 9 85 83 69 3 97 48 8 6 69 4 0 75 63 39 41 26 69 23 42 23 95 82 81 37 76 14 46 15 92 54 3 93 100 71 48 87 26 0 28 28 39 40 84 93 32 4 73 18 24 55 49 32 66 89 22 19 82 75 0 20 25 44 22 40 78 78 73 63 43 73 77 42 49 70 32 43 96 47 26 79 89 83 79 33 22 36
91 74 74 17 29 22 97 62 4 91 53 84 55 34 84 33 94 35 52 0 88 75 1 54 78 41 12 18 49 66 42 39 4 73 87 92 5 35 74 9 64 94 64 81 50 35 13 26 38 85 42 19 44 68 63 9 83 54 14 71 57 64 55 76 60 63 48 75 62 72 28 20 95 72 75 72 90 21 88 41 8 4 20 0 1 47 54 79 6 77 48 59 49 75 59 100 59 94 16 87 17 6 50 36 25 71 99 67 99 48
46 100 33 7 63 65 91 70 14 73 12 39 7 41 81 60 16 86 14 67 37 67 42 32 3 67 43 66 76 42 97 22 92 87 39 14 67 83 55 87 53 14 31 73 16 39 90 17 9 35 41 99 13 37 60 32 54 11 16 62 94 14 94 89 43 92 98 82 12 67 86 55 14 20 81 77 96 68 61 14 80 56 25 1 0 34 40 18 77 34 29 52 91 52 5 72 24 77 87 17 22 70 30 21 4 39 86 86 21 5
72 10 77 26 24 50 7 8 53 40 71 30 96 82 58 87 27 91 15 9 80 33 38 57 59 16 27 9 63 23 7 59 64 49 16 57 53 84 15 30 12 33 36 34 90 42 95 91 12 44 39 45 49 27 89 69 51 79 73 78 16 32 94 24 77 18 98 93 5 51 9 21 95 9 71 38 49 64 27 37 88 64 44 47 34 0 30 50 35 80 58 64 89 66 2 96 9 68 6 97 94 81 71 10 48 10 85 13 38 86
9 49 29 64 53 33 3 10 7 11 6 97 40 73 42 85 8 64 22 63 64 100 50 90 32 10 35 86 98 66 76 62 18 43 1 53 42 5 27 3 22 92 50 67 91 1 82 31 85 9 68 71 83 46 75 71 76 82 76 100 56 88 79 48 88 64 79 43 81 71 68 33 43 28 54 27 62 1 60 39 7 48 22 54 40 30 0 5 49 29 11 16 93 59 10 16 53 10 60 69 32 100 69 28 100 76 61 61 42 71
46 75 76 78 25 18 60 10 74 78 63 24 32 82 58 17 20 33 31 81 68 22 26 46 50 78 1 58 28 24 46 17 64 79 63 60 35 9 44 99 45 52 12 88 37 61 54 29 55 99 14 52 5 85 94 52 99 42 72 47 34 10 39 85 75 78 90 15 32 24 93 53 44 9 25 79 19 90 37 95 77 68 40 79 18 50 5 0 69 88 59 86 12 37 22 23 46 50 73 78 33 85 8 80 80 47 72 4 5 83
23 3 86 69 51 84 68 25 1 23 22 56 90 37 37 43 56 1 68 18 84 74 47 3 14 17 72 33 0 54 86 60 13 64 68 32 59 96 18 26 99 77 85 55 40 11 47 83 85 25 34 14 34 91 54 25 62 48 22 17 74 29 75 27 46 67 75 58 13 79 91 46 26 43 40 65 23 65 69 80 85 57 78 6 77 35 49 69 0 96 68 73 44 19 40 60 19 54 2 22 71 42 42 30 63 33 28 29 76 11
88 12 82 39 52 70 12 16 78 42 56 22 51 16 35 69 67 15 90 95 78 85 45 79 10 90 51 54 78 49 48 16 100 43 100 18 95 65 48 50 93 19 59 64 1 66 17 2 72 92 35 64 86 84 8 34 0 71 62 9 70 67 88 24 81 96 56 60 64 3 97 16 86 87 5 13 50 66 95 88 12 45 78 77 34 80 29 88 96 0 19 66 100 58 67 76 19 40 83 29 36 99 88 51 33 19 84 96 40 16
95 67 25 53 66 73 51 64 37 94 92 7 3 91 89 87 27 52 1 35 16 18 80 61 82 52 19 96 59 37 56 63 99 4 44 59 14 12 17 5 42 46 85 83 26 16 55 44 14 92 51 5 29 88 25 33 92 56 20 79 83 4 2 82 60 73 2 69 61 78 65 79 98 24 90 81 91 45 10 19 96 3 73 48 29 58 11 59 68 19 0 49 54 37 6 28 51 41 33 92 87 78 0 37 26 1 41 39 94 21
39 69 64 11 22 49 55 11 80 36 62 69 51 63 91 50 23 45 42 99 86 40 71 59 20 80 83 40 84 60 40 36 51 22 63 1 56 15 15 45 5 40 75 38 54 63 43 64 94 32 70 11 14 0 33 67 18 39 49 98 23 16 43 45 9 85 4 73 66 67 95 43 89 98 89 0 79 68 87 6 51 25 63 59 52 64 16 86 73 66 49 0 65 17 12 94 84 23 62 80 35 46 88 44 6 71 60 83 94 100
93 73 42 85 18 85 72 21 3 11 94 26 45 43 19 65 65 42 10 20 100 84 31 87 98 77 7 95 88 56 3 51 85 52 50 72 49 23 51 81 50 59 57 47 53 90 52 45 9 85 99 97 60 56 43 47 60 51 42 3 95 84 63 92 68 28 73 81 92 56 88 26 77 80 52 90 13 10 6 46 47 92 43 49 91 89 93 12 44 100 54 65 0 51 4 6 39 41 100 15 74 67 52 89 94 81 79 76 30 66
86 64 78 73 100 65 2 10 71 21 81 38 98 36 60 62 80 25 77 98 92 96 14 60 38 17 5 8 71 22 10 90 55 68 55 72 88 97 71 32 10 52 71 63 94 81 90 69 46 46 87 94 58 85 4 2 35 20 5 5 93 56 53 15 34 55 35 14 86 53 24 70 7 44 32 0 75 87 37 17 48 83 73 75 52 66 59 37 19 58 37 17 51 0 89 56 4 30 45 43 91 39 38 22 21 93 100 17 34 99
7 38 44 52 33 66 92 21 62 23 55 3 23 36 97 71 45 65 52 49 31 69 4 80 64 95 0 34 93 84 83 85 44 7 32 46 14 28 6 49 84 70 89 25 37 53 34 58 11 33 87 33 43 31 37 2 81 63 9 32 52 6 69 38 88 82 60 92 36 56 18 42 48 38 67 59 95 87 14 39 58 82 77 59 5 2 10 22 40 67 6 12 4 89 0 92 36 57 100 27 27 66 64 46 93 3 85 7 71 94
21 70 87 8 48 29 70 31 100 33 84 11 11 68 12 81 8 56 68 66 40 2 58 18 28 14 84 14 11 42 84 3 59 12 50 76 22 76 53 91 28 59 29 44 98 49 80 31 76 57 68 25 49 49 14 15 96 3 67 49 92 8 49 10 7 42 17 52 62 91 23 80 81 84 33 15 98 90 8 40 8 17 42 100 72 96 16 23 60 76 28 94 6 56 92 0 78 0 91 27 41 97 51 96 2 76 71 25 54 7
29 9 18 33 68 100 72 7 63 75 50 41 0 39 37 51 44 20 84 99 69 27 48 83 51 67 38 16 64 84 42 58 13 83 18 18 83 10 78 65 52 84 17 85 57 82 1 28 57 9 80 36 32 7 15 56 68 1 15 9 76 63 55 17 90 31 91 17 34 33 49 67 20 7 14 51 83 31 99 14 41 23 49 59 24 9 53 46 19 19 51 84 39 4 36 78 0 14 58 86 51 79 24 40 41 73 45 14 51 70
34 10 18 18 79 51 85 37 26 15 1 5 60 33 5 1 98 33 74 81 89 27 32 45 97 83 76 58 50 64 79 17 88 80 67 37 96 14 64 22 22 99 70 96 8 62 19 45 35 42 42 77 84 19 22 3 20 35 85 80 36 18 51 53 35 51 23 63 35 25 61 75 85 24 87 35 27 86 19 82 81 14 70 94 77 68 10 50 54 40 41 23 41 30 57 0 14 0 27 31 4 76 24 35 48 32 38 37 18 49
50 28 54 0 81 26 49 2 96 22 91 88 11 7 72 60 61 30 6 74 68 100 56 85 20 68 55 62 73 53 20 88 37 96 25 55 13 39 36 5 83 97 75 76 85 59 75 49 4 94 35 6 7 99 70 71 50 40 2 65 40 77 79 43 88 98 2 93 60 92 80 25 37 30 40 58 50 36 79 13 79 48 32 16 87 6 60 73 2 83 33 62 100 45 100 91 58 27 0 96 61 47 32 19 24 29 96 91 34 64
97 30 3 67 6 64 4 4 33 16 37 40 62 65 27 77 22 86 40 92 6 93 73 82 13 55 56 8 77 75 90 65 7 92 62 64 43 19 13 26 43 89 71 11 23 18 33 72 62 24 13 66 67 68 79 11 75 93 58 20 47 42 36 56 28 42 49 83 84 18 50 96 0 9 66 34 24 24 49 86 56 45 43 87 17 97 69 78 22 29 92 80 15 43 27 27 86 31 96 0 36 66 1 29 67 78 6 80 62 32
47 41 55 76 5 31 59 55 27 77 1 88 43 95 47 0 64 58 79 53 32 71 11 16 10 78 79 97 91 27 55 45 40 92 11 58 66 32 11 54 84 18 58 3 30 72 72 67 74 41 72 33 44 83 49 53 26 96 81 22 9 100 57 28 6 66 35 42 55 91 7 57 41 8 93 97 46 6 47 95 49 60 96 17 22 94 32 33 71 36 87 35 74 91 27 41 51 4 61 36 0 66 85 63 16 48 41 29 28 1
25 5 3 50 63 53 1 74 5 83 1 66 63 24 33 87 55 78 88 31 10 71 83 81 57 8 22 56 39 40 15 11 8 0 86 61 33 91 90 23 45 80 41 76 90 99 60 75 68 100 35 19 3 53 15 69 32 81 9 89 61 39 62 100 75 3 89 51 58 28 55 93 100 12 18 45 39 43 61 0 97 85 47 6 70 81 100 85 42 99 78 46 67 39 66 97 79 76 47 66 66 0 52 1 18 70 26 55 43 32
74 54 91 46 38 9 33 4 35 12 58 93 88 84 21 24 51 92 41 80 89 91 35 41 30 71 24 25 56 37 1 58 100 9 63 99 49 79 42 73 88 23 68 58 0 95 57 88 25 22 9 21 97 42 38 19 62 92 34 20 99 28 62 8 46 96 8 75 11 52 44 52 41 17 48 21 6 84 52 23 90 95 26 50 30 71 69 8 42 88 0 88 52 38 64 51 24 24 32 1 85 52 0 67 49 27 32 88 36 95
23 41 15 30 33 40 7 31 90 92 1 9 99 96 61 38 43 71 33 44 26 33 44 5 99 18 3 55 69 28 74 10 10 25 12 14 16 73 92 2 6 35 4 52 56 62 69 96 22 12 14 94 87 79 10 42 47 99 16 12 34 58 13 67 2 7 84 83 66 91 70 69 29 46 44 39 15 6 76 82 95 15 79 36 21 10 28 80 30 51 37 44 89 22 46 96 40 35 19 29 63 1 67 0 51 13 59 59 7 48
28 71 22 10 33 41 64 83 31 96 62 78 6 18 3 91 11 29 3 67 27 100 1 63 28 42 93 17 88 72 81 94 16 67 57 28 85 95 45 28 50 68 96 59 14 47 35 14 62 69 97 24 86 46 100 40 30 49 22 42 71 50 17 86 14 84 76 86 8 76 11 15 79 67 23 39 11 90 1 89 41 7 89 25 4 48 100 80 63 33 26 6 94 21 93 2 41 48 24 67 16 18 49 51 0 29 24 57 69 14
31 99 100 55 92 12 13 92 38 58 2 79 1 58 36 48 61 48 35 48 65 17 100 11 72 99 59 65 55 88 61 73 45 99 40 93 83 60 50 72 8 43 29 63 44 49 17 47 26 29 46 73 94 52 81 7 24 7 73 21 74 3 16 92 59 17 11 31 78 78 19 28 56 29 55 44 59 98 4 24 75 93 83 71 39 10 76 47 33 19 1 71 81 93 3 76 73 32 29 78 48 70 27 13 29 0 76 88 39 60
54 73 84 38 23 9 79 61 97 44 87 74 82 2 33 71 31 68 0 1 48 54 13 34 26 34 44 14 92 99 80 81 10 11 21 30 69 23 26 47 81 98 11 77 80 42 87 72 40 15 42 59 49 73 27 57 16 88 94 59 58 28 0 59 16 3 67 56 24 34 20 61 23 97 40 45 79 75 2 98 91 97 79 99 86 85 61 72 28 84 41 60 79 100 85 71 45 38 96 6 41 26 32 59 24 76 0 24 19 80
94 46 18 97 100 7 100 74 43 45 71 97 70 76 47 51 20 7 35 95 40 82 92 67 66 37 89 65 92 9 89 20 50 13 58 4 90 75 91 16 36 51 33 60 55 42 5 74 13 9 22 5 6 54 97 34 50 22 64 67 22 87 47 39 16 9 92 21 0 30 78 29 94 32 4 61 87 71 13 60 30 97 33 67 86 13 61 4 29 96 39 83 76 17 7 25 14 37 91 80 29 55 88 59 57 88 24 0 83 84
53 61 76 88 29 48 36 6 91 70 54 51 9 78 86 61 11 26 43 20 89 87 35 82 54 94 55 47 21 8 62 61 66 51 27 89 7 32 6 61 23 4 69 9 39 80 3 13 33 78 59 32 99 96 79 40 36 60 100 31 61 99 99 19 95 48 92 50 48 52 91 58 9 25 20 27 93 26 80 47 59 16 22 99 21 38 42 5 76 40 94 94 30 34 71 54 51 18 34 62 28 43 36 7 69 39 19 83 0 65
56 11 92 21 63 76 31 69 73 97 16 45 7 29 17 50 16 39 99 73 65 70 13 16 74 1 49 15 31 24 34 26 60 2 3 50 75 63 33 32 70 86 94 37 61 85 48 77 53 79 32 44 19 38 27 97 24 36 86 15 71 80 99 24 86 34 58 8 98 53 91 9 70 50 43 33 2 15 56 60 21 90 36 48 5 86 71 83 11 16 21 100 66 99 94 7 70 49 64 32 1 32 95 48 14 60 80 84 65 0
