Warehouses = 10;
Stores = 25;

Capacity = [100, 37, 51, 87, 29, 27, 1, 92, 9, 17];
FixedCost = [139, 198, 104, 175, 92, 83, 137, 107, 81, 123];
Goods = [14, 7, 17, 17, 17, 13, 14, 3, 1, 2, 7, 8, 3, 16, 2, 1, 8, 20, 18, 3, 1, 18, 19, 12, 10];
SupplyCost = [|37, 45, 38, 38, 16, 43, 50, 27, 68, 36
              |79, 72, 63, 77, 40, 59, 58, 56, 50, 65
              |73, 29, 22, 46, 56, 11, 8, 25, 33, 26
              |46, 56, 48, 51, 9, 50, 55, 37, 67, 47
              |51, 76, 68, 68, 15, 71, 76, 57, 83, 67
              |35, 59, 52, 49, 6, 57, 63, 41, 79, 50
              |68, 79, 70, 77, 27, 70, 72, 61, 71, 71
              |68, 13, 10, 34, 61, 7, 13, 20, 49, 14
              |19, 61, 56, 45, 23, 64, 71, 46, 92, 53
              |36, 34, 38, 13, 60, 49, 58, 36, 92, 33
              |66, 25, 35, 29, 81, 43, 49, 42, 84, 32
              |19, 79, 77, 58, 48, 86, 94, 67, 118, 72
              |33, 27, 28, 6, 48, 39, 48, 23, 80, 23
              |75, 93, 84, 88, 36, 84, 86, 74, 84, 84
              |43, 55, 47, 49, 8, 50, 55, 36, 68, 46
              |26, 35, 32, 19, 35, 42, 50, 23, 78, 28
              |69, 16, 11, 36, 61, 4, 10, 21, 46, 16
              |28, 76, 71, 60, 28, 78, 85, 60, 103, 68
              |41, 61, 54, 53, 0, 57, 63, 43, 76, 52
              |23, 80, 77, 61, 41, 85, 93, 66, 114, 73
              |89, 56, 48, 70, 60, 38, 33, 47, 16, 52
              |62, 19, 28, 24, 74, 37, 44, 35, 79, 26
              |82, 102, 93, 97, 45, 93, 95, 83, 91, 93
              |74, 45, 36, 56, 46, 29, 28, 33, 30, 39
              |14, 48, 47, 25, 45, 58, 67, 40, 95, 42|];
