Warehouses = 100;
Stores = 220;

Capacity = [47, 50, 87, 72, 68, 30, 14, 28, 2, 87, 19, 79, 39, 59, 59, 36, 83, 17, 97, 62, 83, 98, 67, 81, 94, 41, 76, 63, 83, 1, 11, 40, 56, 99, 91, 80, 73, 74, 12, 12, 2, 58, 60, 17, 100, 81, 59, 3, 70, 21, 92, 83, 92, 21, 13, 37, 15, 46, 33, 46, 75, 22, 68, 98, 35, 98, 76, 44, 98, 30, 65, 7, 2, 10, 32, 43, 82, 26, 65, 100, 13, 90, 45, 35, 18, 71, 91, 27, 23, 3, 13, 53, 30, 81, 88, 82, 21, 34, 25, 64];
FixedCost = [85, 172, 145, 122, 154, 104, 188, 63, 117, 133, 85, 139, 160, 167, 119, 149, 193, 78, 125, 70, 102, 62, 192, 158, 142, 88, 180, 160, 141, 69, 127, 84, 68, 61, 111, 96, 78, 182, 163, 83, 185, 171, 183, 77, 48, 148, 52, 122, 105, 101, 61, 54, 142, 192, 89, 162, 124, 50, 95, 61, 200, 183, 75, 124, 83, 60, 186, 126, 40, 175, 140, 142, 32, 179, 128, 124, 58, 73, 189, 115, 92, 59, 130, 90, 179, 167, 58, 44, 43, 166, 102, 143, 124, 187, 56, 174, 148, 180, 157, 88];
Goods = [8, 10, 12, 14, 13, 7, 17, 17, 1, 18, 18, 4, 19, 19, 7, 13, 11, 2, 14, 8, 3, 17, 20, 17, 18, 3, 1, 10, 10, 13, 11, 19, 5, 1, 17, 1, 5, 15, 4, 5, 5, 16, 1, 20, 19, 8, 16, 13, 11, 6, 8, 7, 13, 4, 18, 5, 7, 2, 8, 17, 19, 16, 1, 17, 19, 17, 1, 18, 10, 17, 7, 11, 19, 1, 7, 8, 11, 19, 19, 2, 5, 18, 9, 6, 10, 16, 12, 10, 1, 14, 7, 12, 17, 17, 9, 6, 17, 12, 3, 5, 8, 8, 18, 18, 15, 5, 4, 17, 11, 15, 4, 4, 13, 17, 19, 13, 6, 11, 6, 8, 9, 13, 4, 20, 2, 14, 9, 12, 9, 9, 20, 13, 11, 3, 11, 13, 14, 4, 12, 16, 8, 13, 1, 20, 6, 1, 13, 2, 4, 20, 11, 14, 15, 1, 7, 12, 3, 6, 19, 10, 19, 19, 14, 19, 17, 5, 3, 6, 15, 18, 12, 7, 16, 14, 6, 8, 11, 15, 17, 19, 6, 5, 11, 17, 10, 3, 18, 9, 11, 3, 20, 14, 17, 15, 9, 18, 20, 13, 6, 19, 12, 10, 6, 12, 4, 11, 15, 10, 5, 13, 3, 19, 8, 4, 3, 19, 18, 17, 4, 16];
SupplyCost = [|15, 41, 75, 51, 39, 26, 90, 18, 55, 45, 88, 52, 28, 68, 51, 43, 33, 70, 1, 63, 45, 28, 33, 39, 24, 59, 62, 73, 70, 35, 53, 43, 21, 45, 35, 30, 8, 10, 55, 89, 44, 64, 10, 31, 12, 42, 85, 4, 52, 83, 46, 53, 26, 25, 54, 10, 55, 84, 83, 27, 56, 92, 30, 59, 29, 63, 27, 26, 39, 35, 25, 31, 31, 51, 70, 53, 53, 8, 41, 52, 89, 33, 55, 79, 69, 33, 56, 98, 21, 84, 78, 32, 37, 58, 62, 74, 28, 63, 17, 65
              |98, 101, 66, 45, 100, 64, 26, 83, 48, 72, 2, 84, 88, 68, 55, 47, 75, 99, 89, 26, 118, 87, 73, 81, 84, 77, 95, 23, 86, 85, 48, 60, 72, 114, 76, 83, 94, 80, 66, 97, 47, 28, 97, 111, 94, 51, 68, 85, 56, 27, 77, 78, 108, 88, 48, 86, 34, 8, 19, 84, 37, 89, 70, 50, 114, 36, 93, 63, 58, 89, 68, 67, 58, 105, 29, 48, 74, 91, 122, 95, 29, 60, 81, 11, 72, 78, 36, 11, 87, 4, 16, 59, 52, 35, 47, 47, 61, 75, 89, 69
              |78, 61, 6, 79, 61, 60, 47, 64, 87, 36, 67, 114, 59, 13, 33, 52, 94, 38, 81, 56, 80, 100, 92, 45, 59, 26, 39, 77, 23, 103, 84, 88, 61, 73, 46, 54, 89, 78, 25, 28, 69, 73, 82, 81, 92, 76, 5, 77, 32, 43, 37, 110, 81, 61, 85, 72, 61, 61, 50, 57, 47, 20, 51, 92, 89, 40, 64, 68, 81, 53, 58, 51, 64, 58, 43, 37, 107, 88, 90, 46, 43, 77, 31, 61, 13, 97, 49, 69, 64, 68, 75, 56, 59, 46, 29, 23, 63, 21, 93, 16
              |19, 44, 75, 47, 42, 24, 88, 20, 51, 46, 85, 49, 30, 68, 50, 41, 29, 71, 5, 60, 49, 25, 29, 41, 26, 59, 64, 69, 71, 31, 49, 39, 20, 49, 36, 32, 9, 6, 55, 90, 40, 61, 15, 35, 11, 39, 85, 4, 51, 81, 47, 49, 30, 28, 50, 12, 52, 81, 80, 28, 54, 93, 30, 55, 34, 61, 30, 23, 35, 38, 24, 30, 28, 54, 68, 51, 49, 7, 45, 54, 87, 29, 57, 76, 69, 29, 53, 95, 23, 81, 74, 30, 34, 56, 61, 73, 25, 64, 14, 65
              |40, 56, 65, 24, 55, 14, 67, 30, 29, 42, 61, 43, 40, 60, 38, 21, 23, 74, 29, 37, 68, 30, 21, 44, 35, 56, 67, 45, 69, 32, 26, 21, 20, 65, 37, 38, 33, 18, 48, 88, 16, 36, 38, 56, 32, 15, 74, 25, 39, 60, 46, 41, 51, 39, 27, 29, 28, 58, 58, 36, 33, 87, 27, 34, 56, 41, 43, 4, 14, 46, 19, 25, 7, 64, 47, 35, 38, 30, 67, 60, 66, 7, 56, 52, 62, 26, 32, 71, 35, 57, 50, 16, 13, 35, 46, 57, 9, 59, 29, 57
              |84, 67, 11, 81, 68, 64, 45, 69, 89, 42, 66, 117, 65, 19, 38, 55, 98, 44, 86, 57, 86, 104, 96, 51, 65, 32, 45, 78, 29, 107, 87, 91, 66, 79, 52, 60, 95, 84, 31, 31, 72, 74, 88, 87, 98, 79, 1, 83, 36, 41, 43, 114, 88, 67, 88, 78, 63, 60, 49, 63, 49, 21, 56, 94, 95, 41, 70, 72, 84, 60, 63, 56, 68, 64, 43, 40, 110, 93, 96, 52, 41, 80, 38, 61, 20, 101, 51, 67, 70, 67, 75, 60, 62, 48, 31, 23, 68, 27, 98, 22
              |58, 39, 18, 72, 40, 45, 59, 44, 81, 17, 75, 102, 38, 11, 25, 44, 81, 23, 62, 56, 58, 85, 79, 24, 39, 4, 20, 78, 11, 89, 78, 78, 44, 51, 27, 34, 71, 62, 12, 29, 62, 71, 62, 60, 74, 67, 27, 59, 24, 53, 16, 99, 60, 40, 79, 53, 58, 68, 59, 37, 44, 30, 34, 86, 67, 41, 43, 55, 71, 32, 42, 35, 53, 37, 48, 32, 97, 70, 68, 25, 56, 65, 9, 66, 9, 84, 47, 79, 44, 74, 77, 43, 49, 45, 29, 32, 50, 1, 77, 9
              |74, 77, 49, 32, 76, 41, 27, 59, 38, 48, 23, 73, 64, 49, 32, 23, 59, 77, 67, 4, 94, 69, 56, 57, 60, 55, 73, 24, 65, 69, 37, 46, 48, 89, 51, 59, 72, 58, 44, 79, 28, 21, 74, 86, 72, 34, 54, 62, 33, 22, 53, 67, 83, 64, 38, 63, 14, 18, 18, 59, 13, 73, 46, 43, 90, 14, 69, 41, 41, 64, 44, 43, 36, 81, 11, 25, 64, 69, 98, 71, 28, 41, 59, 14, 53, 62, 11, 32, 63, 21, 22, 36, 30, 11, 26, 31, 38, 54, 69, 48
              |58, 80, 89, 23, 78, 40, 81, 53, 20, 69, 68, 19, 64, 85, 62, 44, 12, 100, 44, 50, 88, 23, 10, 69, 59, 82, 93, 45, 95, 19, 19, 8, 45, 87, 63, 63, 43, 34, 74, 114, 27, 39, 54, 74, 39, 21, 98, 42, 64, 76, 72, 15, 69, 62, 20, 49, 40, 67, 72, 60, 52, 112, 53, 21, 72, 60, 66, 30, 14, 70, 45, 51, 32, 89, 64, 59, 12, 40, 84, 85, 82, 19, 82, 61, 88, 13, 50, 79, 58, 63, 52, 41, 37, 53, 68, 79, 35, 85, 32, 83
              |64, 85, 91, 20, 84, 44, 78, 58, 15, 72, 64, 21, 69, 86, 64, 45, 19, 104, 51, 48, 94, 30, 17, 73, 64, 85, 97, 40, 98, 26, 15, 9, 49, 93, 66, 68, 50, 40, 76, 116, 27, 35, 60, 81, 46, 21, 99, 48, 65, 74, 76, 16, 76, 68, 15, 55, 38, 63, 69, 65, 51, 114, 57, 14, 79, 60, 71, 34, 16, 75, 49, 55, 35, 94, 62, 59, 12, 46, 91, 89, 79, 22, 85, 57, 89, 21, 49, 74, 63, 59, 47, 44, 39, 52, 68, 78, 38, 87, 39, 85
              |54, 34, 23, 74, 35, 45, 64, 42, 82, 16, 78, 101, 35, 16, 27, 45, 81, 19, 60, 59, 53, 83, 79, 21, 36, 3, 16, 80, 11, 88, 79, 79, 43, 47, 25, 30, 68, 60, 14, 30, 63, 74, 59, 55, 72, 68, 32, 57, 26, 58, 14, 99, 56, 37, 80, 50, 60, 72, 63, 34, 47, 33, 33, 87, 63, 44, 39, 55, 71, 28, 41, 34, 53, 32, 51, 34, 97, 68, 64, 20, 61, 65, 5, 70, 13, 83, 49, 83, 41, 77, 80, 43, 49, 48, 33, 37, 50, 6, 75, 13
              |85, 82, 40, 51, 82, 54, 10, 69, 57, 52, 24, 91, 72, 43, 35, 37, 77, 75, 81, 23, 101, 87, 74, 62, 69, 54, 72, 39, 61, 87, 56, 65, 60, 96, 58, 67, 87, 73, 44, 71, 46, 38, 87, 96, 88, 53, 42, 76, 35, 3, 56, 86, 94, 73, 56, 75, 33, 18, 7, 68, 25, 63, 55, 61, 101, 18, 78, 57, 60, 71, 56, 52, 52, 85, 10, 30, 83, 85, 107, 73, 9, 59, 59, 20, 47, 80, 25, 27, 73, 25, 34, 49, 45, 22, 24, 21, 53, 51, 86, 44
              |32, 38, 50, 40, 38, 5, 64, 16, 47, 23, 66, 62, 23, 43, 24, 19, 41, 55, 27, 40, 53, 44, 39, 24, 18, 37, 47, 56, 50, 48, 44, 40, 6, 50, 17, 20, 35, 23, 31, 69, 29, 47, 33, 44, 37, 32, 60, 23, 25, 57, 27, 60, 41, 23, 45, 21, 34, 61, 57, 19, 31, 70, 8, 52, 48, 36, 28, 16, 34, 27, 2, 6, 15, 46, 44, 25, 58, 33, 55, 40, 62, 27, 36, 56, 45, 43, 31, 74, 21, 62, 59, 8, 16, 33, 35, 47, 11, 41, 38, 41
              |38, 52, 61, 27, 51, 9, 64, 27, 33, 37, 61, 48, 36, 55, 33, 18, 28, 69, 28, 36, 65, 34, 26, 39, 31, 51, 62, 46, 64, 37, 30, 26, 16, 62, 32, 34, 34, 19, 43, 83, 17, 37, 37, 53, 34, 18, 70, 24, 34, 58, 41, 46, 49, 35, 31, 27, 27, 57, 56, 32, 30, 82, 22, 38, 55, 38, 40, 2, 19, 41, 14, 20, 3, 60, 45, 31, 43, 30, 64, 55, 64, 12, 51, 51, 57, 31, 30, 70, 32, 57, 50, 11, 10, 32, 41, 53, 4, 54, 31, 53
              |74, 83, 64, 18, 82, 42, 41, 61, 23, 58, 28, 58, 68, 63, 43, 28, 48, 89, 64, 14, 98, 60, 45, 65, 64, 67, 84, 10, 79, 58, 22, 33, 50, 95, 58, 65, 68, 54, 57, 94, 20, 4, 73, 89, 67, 24, 70, 60, 44, 38, 63, 53, 85, 68, 22, 63, 11, 26, 32, 64, 24, 89, 51, 26, 91, 30, 73, 37, 30, 71, 46, 47, 33, 89, 28, 36, 49, 65, 100, 81, 43, 33, 70, 20, 67, 51, 22, 38, 66, 23, 14, 38, 30, 23, 41, 48, 37, 67, 63, 62
              |55, 51, 30, 44, 51, 27, 41, 39, 52, 22, 49, 78, 41, 26, 5, 16, 59, 51, 52, 27, 70, 66, 57, 32, 38, 29, 46, 48, 40, 69, 50, 52, 31, 65, 27, 35, 60, 47, 18, 57, 34, 42, 57, 65, 62, 40, 38, 48, 6, 34, 27, 75, 63, 42, 50, 46, 28, 43, 36, 37, 15, 53, 24, 57, 70, 14, 46, 34, 45, 40, 27, 22, 30, 55, 23, 2, 72, 58, 76, 45, 39, 41, 32, 40, 30, 62, 17, 55, 42, 47, 48, 22, 23, 16, 10, 22, 29, 29, 62, 25
              |52, 65, 64, 13, 64, 22, 57, 41, 20, 46, 49, 45, 50, 60, 37, 18, 29, 79, 42, 26, 79, 39, 26, 50, 45, 59, 73, 32, 72, 39, 17, 19, 30, 76, 43, 47, 46, 31, 49, 90, 3, 23, 51, 68, 44, 6, 72, 38, 38, 51, 51, 41, 64, 49, 18, 41, 16, 46, 48, 45, 26, 87, 34, 26, 69, 34, 54, 15, 12, 54, 27, 31, 12, 73, 38, 33, 38, 42, 79, 67, 57, 11, 60, 40, 63, 32, 24, 59, 46, 45, 37, 20, 13, 27, 42, 52, 16, 61, 40, 58
              |59, 84, 102, 38, 83, 49, 96, 58, 35, 78, 83, 8, 69, 96, 74, 56, 13, 108, 45, 65, 89, 17, 16, 77, 64, 92, 101, 60, 105, 10, 34, 23, 52, 89, 71, 69, 41, 37, 84, 124, 41, 54, 53, 75, 36, 35, 110, 44, 75, 91, 81, 11, 69, 67, 34, 52, 55, 82, 87, 66, 66, 124, 62, 34, 71, 74, 70, 40, 28, 76, 53, 60, 43, 94, 78, 71, 13, 38, 83, 92, 97, 31, 91, 76, 99, 12, 64, 93, 62, 78, 67, 52, 49, 67, 81, 92, 45, 95, 29, 94
              |44, 16, 51, 88, 17, 54, 91, 40, 95, 33, 103, 106, 29, 44, 49, 62, 85, 20, 55, 81, 29, 84, 84, 25, 34, 30, 15, 100, 31, 90, 92, 88, 48, 22, 32, 29, 62, 61, 39, 44, 77, 93, 50, 37, 67, 81, 59, 54, 49, 85, 28, 105, 40, 31, 93, 46, 79, 97, 89, 32, 69, 53, 41, 101, 45, 69, 29, 63, 82, 22, 49, 44, 64, 6, 76, 56, 104, 63, 41, 10, 88, 75, 25, 94, 41, 86, 70, 109, 36, 101, 102, 55, 63, 70, 59, 65, 60, 35, 72, 42
              |95, 89, 41, 62, 89, 64, 5, 79, 68, 59, 29, 102, 80, 46, 43, 48, 88, 78, 91, 34, 109, 98, 85, 70, 78, 58, 76, 48, 63, 98, 67, 76, 70, 103, 66, 75, 98, 84, 50, 71, 57, 48, 97, 104, 99, 64, 40, 86, 43, 8, 63, 97, 103, 81, 67, 85, 44, 24, 14, 76, 35, 61, 64, 72, 110, 28, 86, 67, 71, 78, 66, 62, 62, 91, 21, 39, 93, 95, 115, 79, 2, 70, 64, 28, 50, 91, 36, 27, 82, 31, 42, 59, 55, 33, 31, 24, 64, 55, 97, 48
              |51, 74, 89, 29, 73, 38, 85, 48, 28, 66, 74, 19, 59, 84, 62, 44, 3, 97, 37, 54, 81, 15, 4, 66, 54, 80, 89, 52, 93, 11, 26, 14, 41, 81, 59, 59, 35, 27, 72, 112, 30, 45, 46, 67, 31, 24, 98, 35, 63, 80, 69, 18, 62, 57, 27, 43, 44, 72, 76, 56, 54, 111, 50, 29, 65, 63, 60, 28, 17, 65, 41, 48, 31, 83, 67, 59, 17, 32, 76, 81, 86, 19, 79, 66, 87, 5, 53, 85, 52, 69, 59, 40, 37, 56, 69, 80, 33, 83, 24, 82
              |75, 69, 27, 52, 69, 46, 22, 59, 60, 39, 37, 91, 60, 29, 23, 31, 75, 61, 72, 26, 89, 83, 72, 50, 58, 40, 58, 47, 47, 84, 58, 64, 51, 83, 46, 55, 80, 66, 30, 58, 45, 43, 77, 84, 81, 52, 31, 68, 23, 15, 43, 87, 83, 61, 59, 66, 34, 31, 21, 56, 21, 51, 44, 65, 90, 12, 66, 51, 58, 58, 47, 42, 46, 71, 12, 20, 83, 77, 95, 60, 19, 56, 45, 30, 33, 78, 22, 41, 62, 37, 44, 41, 39, 19, 11, 9, 47, 37, 80, 30
              |43, 63, 77, 25, 62, 25, 76, 37, 27, 53, 68, 32, 47, 71, 49, 33, 12, 84, 29, 45, 72, 20, 9, 53, 42, 67, 77, 48, 80, 21, 25, 15, 29, 71, 47, 47, 30, 18, 60, 99, 22, 40, 39, 59, 28, 17, 86, 26, 51, 70, 57, 30, 54, 46, 26, 33, 36, 65, 67, 44, 43, 99, 37, 31, 58, 52, 49, 15, 11, 54, 29, 36, 18, 72, 57, 47, 28, 27, 69, 69, 76, 8, 66, 59, 74, 14, 42, 78, 41, 63, 54, 27, 25, 45, 57, 69, 20, 70, 22, 69
              |76, 61, 5, 72, 62, 55, 41, 61, 80, 34, 60, 108, 58, 13, 28, 46, 89, 42, 78, 49, 81, 95, 86, 44, 57, 26, 42, 70, 27, 98, 78, 82, 57, 74, 44, 52, 86, 74, 23, 35, 63, 66, 80, 81, 89, 70, 9, 74, 27, 36, 36, 104, 81, 60, 79, 69, 54, 54, 43, 55, 40, 27, 47, 85, 88, 33, 63, 63, 75, 53, 54, 47, 59, 60, 36, 31, 101, 84, 90, 48, 37, 71, 32, 54, 15, 92, 42, 62, 62, 61, 67, 51, 53, 39, 22, 15, 58, 22, 89, 15
              |86, 94, 71, 26, 94, 53, 41, 73, 28, 69, 21, 64, 80, 71, 53, 39, 57, 99, 76, 21, 110, 69, 54, 76, 75, 77, 94, 3, 88, 66, 29, 41, 61, 106, 70, 76, 79, 65, 66, 102, 31, 11, 84, 100, 78, 34, 76, 72, 54, 39, 74, 58, 97, 80, 29, 74, 22, 22, 32, 75, 33, 96, 62, 30, 102, 37, 85, 49, 40, 82, 58, 59, 45, 100, 33, 46, 54, 76, 112, 91, 43, 44, 80, 18, 75, 60, 31, 31, 77, 16, 4, 49, 41, 32, 49, 54, 49, 76, 73, 71
              |57, 57, 35, 38, 56, 26, 38, 41, 46, 28, 43, 74, 45, 33, 12, 12, 56, 58, 53, 20, 75, 63, 53, 37, 41, 36, 53, 41, 47, 65, 43, 47, 32, 70, 32, 40, 60, 46, 25, 64, 28, 35, 59, 68, 61, 35, 43, 49, 13, 31, 33, 70, 66, 45, 44, 47, 21, 37, 32, 40, 8, 60, 27, 51, 73, 10, 50, 31, 40, 45, 28, 24, 26, 61, 19, 5, 66, 58, 79, 51, 36, 37, 39, 34, 36, 59, 10, 50, 45, 41, 41, 21, 20, 9, 13, 24, 27, 36, 60, 31
              |80, 90, 72, 18, 89, 48, 47, 67, 20, 66, 29, 56, 75, 71, 51, 35, 49, 97, 69, 21, 105, 61, 46, 73, 70, 76, 92, 5, 87, 58, 21, 33, 56, 102, 66, 72, 72, 58, 65, 102, 24, 5, 78, 94, 70, 26, 78, 65, 53, 44, 71, 50, 91, 75, 20, 68, 19, 29, 37, 71, 32, 97, 58, 22, 96, 38, 79, 42, 32, 78, 53, 55, 39, 97, 36, 45, 46, 69, 106, 88, 49, 36, 78, 24, 75, 52, 30, 39, 72, 24, 12, 44, 36, 32, 49, 56, 43, 76, 65, 71
              |50, 58, 52, 23, 57, 17, 50, 36, 31, 36, 47, 57, 43, 48, 25, 6, 39, 68, 42, 22, 73, 47, 36, 41, 38, 48, 62, 35, 60, 49, 29, 30, 25, 70, 34, 40, 48, 33, 38, 78, 13, 27, 50, 64, 48, 18, 60, 38, 26, 43, 40, 53, 60, 43, 30, 39, 14, 43, 42, 39, 16, 75, 26, 37, 67, 24, 48, 16, 24, 46, 21, 23, 11, 65, 30, 21, 50, 45, 75, 57, 49, 20, 49, 37, 51, 42, 15, 56, 41, 43, 39, 13, 5, 18, 30, 41, 14, 49, 46, 46
              |49, 43, 27, 51, 42, 26, 49, 34, 59, 13, 58, 81, 33, 21, 4, 22, 62, 42, 49, 36, 62, 67, 59, 23, 31, 21, 37, 57, 33, 70, 56, 57, 28, 56, 19, 28, 57, 46, 10, 50, 40, 50, 52, 57, 60, 45, 37, 45, 4, 42, 17, 78, 56, 34, 57, 41, 36, 52, 45, 30, 24, 49, 19, 64, 63, 24, 39, 35, 50, 31, 25, 18, 32, 46, 32, 11, 76, 56, 68, 35, 46, 45, 23, 49, 24, 64, 26, 65, 36, 56, 57, 23, 27, 25, 16, 26, 30, 21, 60, 19
              |49, 73, 90, 31, 71, 37, 87, 47, 31, 66, 77, 20, 57, 84, 62, 45, 1, 96, 35, 56, 79, 12, 4, 65, 53, 80, 89, 55, 93, 9, 29, 17, 40, 79, 59, 58, 33, 26, 72, 112, 32, 48, 44, 65, 28, 26, 99, 34, 64, 81, 69, 19, 60, 56, 30, 41, 46, 75, 78, 55, 56, 112, 50, 32, 62, 64, 59, 28, 19, 64, 41, 48, 31, 82, 69, 60, 19, 29, 74, 80, 87, 20, 79, 69, 87, 2, 54, 87, 51, 72, 61, 40, 38, 57, 70, 81, 33, 83, 21, 82
              |90, 91, 54, 44, 90, 57, 16, 74, 49, 61, 10, 85, 79, 56, 44, 39, 73, 87, 83, 19, 109, 84, 70, 71, 75, 66, 84, 27, 74, 83, 49, 59, 64, 104, 66, 74, 89, 74, 55, 85, 43, 29, 90, 102, 88, 48, 56, 78, 45, 16, 66, 79, 99, 79, 49, 79, 29, 4, 8, 74, 28, 77, 61, 52, 106, 25, 84, 57, 55, 79, 60, 58, 52, 94, 17, 38, 75, 85, 113, 84, 19, 56, 70, 7, 60, 76, 27, 16, 79, 11, 21, 52, 46, 25, 35, 35, 55, 63, 85, 57
              |89, 91, 58, 39, 91, 55, 23, 74, 43, 63, 8, 79, 79, 60, 46, 38, 69, 90, 81, 17, 109, 80, 66, 72, 75, 68, 86, 21, 77, 79, 43, 54, 63, 104, 66, 74, 86, 71, 57, 90, 39, 23, 88, 101, 85, 44, 61, 76, 46, 22, 68, 74, 98, 79, 43, 77, 25, 5, 14, 74, 27, 82, 61, 46, 105, 27, 84, 54, 51, 79, 59, 58, 49, 96, 20, 39, 70, 83, 113, 85, 25, 52, 72, 1, 64, 72, 26, 18, 78, 6, 15, 50, 44, 26, 38, 40, 52, 66, 82, 60
              |41, 58, 68, 23, 57, 17, 68, 32, 28, 45, 62, 40, 42, 63, 40, 24, 21, 77, 29, 38, 69, 28, 18, 46, 37, 59, 70, 45, 72, 30, 25, 18, 22, 67, 39, 41, 33, 18, 51, 91, 16, 36, 39, 57, 31, 14, 77, 26, 42, 62, 49, 38, 53, 41, 26, 30, 29, 59, 60, 38, 35, 90, 30, 32, 57, 43, 45, 7, 12, 48, 22, 28, 9, 67, 49, 38, 36, 29, 68, 62, 68, 5, 59, 53, 65, 23, 34, 72, 37, 58, 50, 18, 16, 37, 48, 60, 11, 62, 28, 60
              |79, 73, 28, 55, 73, 50, 19, 63, 62, 43, 36, 95, 64, 31, 27, 35, 78, 63, 76, 28, 92, 87, 75, 53, 62, 43, 61, 48, 49, 88, 61, 68, 56, 86, 50, 59, 84, 70, 33, 59, 48, 45, 82, 88, 85, 55, 30, 72, 27, 13, 47, 90, 87, 65, 61, 70, 36, 30, 19, 60, 24, 51, 48, 67, 94, 16, 70, 55, 62, 62, 51, 46, 50, 75, 13, 24, 86, 81, 99, 63, 16, 60, 48, 30, 35, 81, 26, 39, 66, 37, 44, 45, 43, 22, 15, 9, 51, 39, 84, 32
              |18, 25, 56, 54, 24, 19, 78, 2, 60, 25, 81, 68, 9, 48, 35, 35, 47, 49, 20, 56, 38, 46, 46, 19, 4, 38, 42, 71, 50, 52, 57, 51, 11, 35, 15, 10, 29, 23, 36, 69, 44, 63, 21, 28, 33, 45, 66, 18, 35, 71, 26, 67, 26, 8, 58, 11, 50, 76, 72, 6, 46, 72, 13, 65, 32, 50, 12, 27, 45, 16, 15, 16, 29, 34, 59, 38, 66, 28, 40, 32, 76, 38, 35, 72, 49, 48, 47, 90, 5, 78, 74, 23, 31, 48, 47, 58, 25, 43, 36, 45
              |64, 60, 28, 46, 59, 35, 32, 48, 54, 29, 42, 83, 49, 27, 13, 21, 65, 55, 61, 24, 78, 73, 62, 40, 47, 34, 52, 45, 43, 75, 52, 56, 40, 73, 35, 44, 68, 55, 23, 58, 37, 40, 66, 73, 70, 44, 35, 57, 13, 25, 34, 79, 72, 50, 52, 54, 28, 36, 28, 45, 14, 52, 33, 59, 79, 8, 55, 41, 50, 48, 36, 31, 36, 62, 15, 8, 75, 66, 84, 51, 30, 47, 38, 34, 31, 68, 16, 48, 51, 41, 44, 30, 29, 13, 4, 15, 36, 32, 69, 26
              |74, 84, 66, 17, 83, 42, 43, 61, 22, 59, 28, 57, 69, 65, 44, 28, 48, 90, 64, 15, 99, 59, 45, 66, 64, 69, 85, 10, 80, 57, 21, 32, 50, 95, 59, 65, 68, 54, 58, 96, 20, 2, 73, 89, 67, 23, 72, 60, 46, 39, 64, 52, 85, 69, 21, 63, 12, 27, 33, 64, 25, 90, 51, 25, 91, 31, 73, 38, 30, 72, 47, 48, 34, 90, 30, 38, 48, 65, 100, 81, 44, 33, 71, 21, 68, 50, 23, 39, 66, 24, 14, 38, 30, 25, 43, 49, 37, 68, 62, 64
              |59, 74, 72, 5, 73, 31, 61, 49, 11, 56, 49, 39, 58, 69, 46, 27, 27, 89, 47, 30, 87, 38, 24, 60, 53, 68, 82, 28, 81, 36, 8, 12, 38, 84, 53, 56, 50, 36, 59, 99, 9, 21, 56, 75, 47, 4, 80, 43, 47, 56, 60, 34, 70, 57, 9, 48, 20, 47, 51, 54, 32, 96, 43, 16, 75, 41, 62, 23, 9, 63, 36, 40, 21, 82, 44, 41, 30, 46, 86, 76, 61, 14, 69, 41, 72, 30, 31, 59, 54, 44, 34, 29, 22, 34, 50, 60, 25, 70, 42, 67
              |42, 16, 44, 81, 17, 47, 82, 35, 88, 24, 94, 101, 25, 36, 40, 54, 80, 18, 52, 72, 34, 79, 78, 17, 29, 22, 10, 92, 25, 85, 85, 82, 41, 27, 24, 23, 60, 56, 30, 41, 69, 84, 48, 38, 64, 73, 52, 50, 40, 76, 19, 100, 41, 27, 86, 42, 70, 88, 80, 27, 60, 48, 34, 93, 47, 60, 27, 57, 75, 17, 42, 36, 56, 12, 68, 47, 98, 60, 45, 1, 79, 68, 16, 85, 34, 81, 62, 100, 32, 92, 93, 48, 55, 61, 50, 56, 53, 27, 69, 33
              |21, 30, 56, 49, 29, 14, 75, 5, 55, 26, 77, 64, 14, 48, 33, 30, 43, 52, 19, 52, 43, 43, 42, 21, 9, 39, 45, 66, 51, 48, 52, 46, 6, 40, 16, 13, 28, 20, 36, 70, 39, 58, 23, 33, 31, 40, 66, 16, 33, 68, 27, 63, 30, 13, 53, 11, 45, 72, 69, 10, 42, 73, 11, 60, 36, 47, 17, 22, 40, 20, 10, 13, 24, 39, 55, 35, 62, 27, 44, 36, 73, 33, 37, 67, 49, 44, 43, 86, 10, 74, 70, 19, 26, 44, 44, 56, 20, 43, 34, 45
              |22, 47, 78, 46, 46, 26, 89, 23, 50, 49, 86, 45, 33, 71, 52, 42, 26, 75, 8, 61, 52, 21, 26, 44, 30, 63, 67, 69, 75, 28, 47, 37, 23, 52, 39, 35, 9, 6, 58, 94, 40, 60, 17, 38, 9, 38, 88, 8, 53, 82, 50, 46, 33, 31, 48, 16, 52, 82, 81, 32, 55, 96, 33, 53, 36, 62, 33, 23, 33, 41, 26, 33, 28, 57, 69, 53, 46, 5, 48, 57, 88, 28, 60, 76, 72, 26, 54, 95, 26, 81, 74, 31, 35, 57, 63, 75, 26, 67, 11, 68
              |21, 46, 77, 46, 45, 25, 88, 22, 50, 47, 85, 47, 32, 70, 51, 41, 27, 74, 7, 60, 51, 23, 27, 43, 28, 61, 66, 69, 73, 29, 48, 37, 22, 51, 38, 34, 9, 6, 57, 92, 40, 60, 16, 37, 10, 38, 87, 6, 52, 81, 49, 47, 32, 30, 48, 14, 52, 81, 81, 30, 54, 95, 32, 54, 35, 61, 32, 23, 34, 40, 25, 32, 28, 56, 68, 52, 47, 6, 47, 56, 87, 28, 59, 76, 71, 27, 54, 95, 25, 81, 74, 30, 34, 56, 62, 74, 25, 65, 12, 67
              |23, 50, 83, 50, 49, 31, 94, 27, 52, 53, 90, 44, 37, 76, 57, 47, 26, 79, 10, 65, 53, 20, 27, 48, 33, 67, 71, 72, 79, 26, 50, 39, 28, 54, 44, 39, 5, 11, 63, 98, 44, 64, 17, 38, 4, 41, 93, 12, 58, 87, 55, 46, 33, 35, 51, 19, 56, 86, 86, 36, 60, 101, 38, 56, 35, 67, 36, 28, 36, 45, 31, 38, 33, 60, 74, 58, 46, 2, 47, 61, 93, 31, 64, 80, 77, 26, 59, 100, 30, 86, 78, 36, 40, 62, 68, 80, 31, 71, 8, 73
              |73, 56, 3, 76, 57, 55, 48, 59, 84, 31, 67, 110, 54, 8, 29, 48, 90, 35, 76, 54, 75, 95, 88, 40, 54, 21, 35, 75, 20, 99, 81, 84, 56, 69, 41, 49, 84, 74, 21, 28, 66, 71, 77, 76, 87, 72, 10, 72, 28, 43, 32, 106, 77, 56, 82, 67, 58, 61, 50, 52, 44, 22, 46, 89, 84, 38, 59, 64, 77, 49, 53, 46, 60, 54, 42, 33, 103, 83, 85, 42, 44, 73, 27, 61, 9, 93, 46, 70, 59, 67, 73, 52, 55, 44, 26, 22, 59, 16, 89, 11
              |34, 12, 45, 73, 13, 39, 80, 26, 80, 19, 90, 92, 16, 37, 36, 48, 71, 26, 43, 67, 32, 71, 70, 10, 20, 23, 18, 86, 30, 76, 77, 73, 33, 25, 17, 15, 51, 47, 28, 47, 62, 78, 40, 33, 56, 65, 54, 42, 36, 73, 15, 91, 34, 18, 78, 34, 64, 84, 77, 18, 55, 53, 26, 86, 41, 56, 19, 49, 67, 8, 34, 29, 49, 14, 64, 43, 90, 52, 41, 8, 77, 60, 17, 81, 35, 73, 56, 97, 23, 88, 87, 40, 48, 56, 47, 55, 45, 28, 60, 34
              |94, 98, 66, 40, 98, 61, 28, 80, 43, 70, 6, 79, 85, 68, 53, 44, 71, 98, 85, 23, 116, 82, 68, 79, 81, 76, 94, 18, 85, 80, 43, 55, 69, 111, 73, 81, 90, 75, 65, 98, 42, 24, 94, 107, 89, 46, 69, 81, 54, 29, 75, 73, 104, 85, 43, 83, 30, 9, 21, 81, 34, 90, 67, 45, 110, 35, 90, 59, 53, 86, 65, 64, 54, 103, 28, 46, 69, 87, 119, 93, 32, 55, 80, 9, 72, 73, 33, 16, 84, 2, 11, 56, 49, 33, 46, 48, 57, 74, 85, 68
              |51, 31, 26, 73, 32, 43, 66, 39, 81, 14, 79, 99, 32, 18, 27, 44, 79, 19, 57, 59, 51, 81, 77, 18, 33, 4, 15, 80, 13, 86, 78, 77, 40, 44, 22, 28, 65, 58, 14, 32, 62, 73, 56, 52, 69, 67, 35, 54, 26, 59, 11, 97, 53, 34, 79, 47, 59, 73, 64, 31, 47, 35, 30, 86, 60, 45, 36, 53, 70, 25, 39, 32, 51, 29, 52, 34, 95, 65, 61, 17, 62, 64, 2, 71, 16, 81, 49, 84, 38, 78, 80, 42, 48, 48, 34, 39, 48, 9, 72, 16
              |80, 71, 21, 62, 71, 53, 24, 64, 69, 41, 43, 100, 64, 26, 28, 39, 83, 58, 78, 35, 90, 91, 80, 52, 62, 38, 56, 55, 43, 93, 67, 73, 57, 84, 49, 58, 86, 73, 31, 52, 54, 52, 83, 88, 88, 61, 23, 74, 27, 19, 44, 96, 87, 65, 68, 71, 43, 37, 26, 60, 30, 44, 49, 74, 94, 21, 69, 59, 67, 61, 53, 48, 54, 71, 21, 26, 92, 84, 98, 59, 20, 65, 44, 38, 30, 86, 31, 45, 66, 44, 52, 48, 47, 28, 16, 4, 54, 35, 87, 27
              |69, 54, 4, 70, 54, 50, 46, 54, 78, 27, 63, 104, 50, 5, 24, 42, 85, 36, 71, 49, 73, 90, 82, 37, 50, 19, 35, 70, 22, 93, 76, 79, 51, 67, 37, 45, 79, 69, 16, 33, 60, 65, 73, 73, 82, 66, 14, 67, 22, 40, 29, 101, 73, 52, 76, 62, 53, 57, 46, 48, 38, 27, 41, 83, 80, 33, 56, 58, 72, 45, 48, 41, 55, 52, 37, 28, 98, 78, 83, 40, 42, 67, 25, 56, 8, 87, 41, 66, 55, 63, 68, 46, 49, 38, 21, 18, 53, 14, 83, 8
              |37, 59, 77, 30, 58, 24, 79, 33, 33, 52, 73, 34, 43, 71, 50, 34, 13, 82, 24, 49, 67, 17, 12, 50, 39, 66, 74, 54, 78, 20, 31, 20, 26, 66, 44, 43, 24, 13, 59, 98, 26, 45, 33, 53, 22, 22, 86, 21, 51, 73, 55, 33, 49, 42, 32, 28, 40, 70, 71, 40, 46, 98, 35, 37, 52, 54, 45, 15, 17, 50, 27, 34, 19, 68, 60, 48, 32, 21, 64, 66, 79, 13, 64, 64, 73, 15, 45, 83, 37, 68, 59, 27, 26, 48, 58, 70, 20, 69, 17, 69
              |48, 70, 83, 24, 68, 31, 79, 43, 25, 60, 69, 25, 54, 77, 55, 38, 7, 91, 35, 48, 78, 18, 4, 60, 49, 74, 84, 48, 87, 17, 23, 11, 35, 77, 53, 53, 34, 24, 66, 105, 24, 40, 44, 64, 31, 18, 92, 32, 57, 73, 63, 23, 60, 52, 23, 39, 38, 67, 70, 51, 48, 105, 44, 27, 63, 56, 56, 21, 11, 60, 36, 42, 24, 79, 61, 52, 22, 30, 74, 76, 79, 12, 73, 61, 80, 10, 46, 79, 48, 64, 54, 33, 30, 49, 62, 74, 26, 76, 24, 75
              |6, 35, 77, 61, 33, 33, 97, 19, 66, 46, 97, 62, 25, 69, 55, 51, 43, 66, 9, 71, 36, 37, 43, 38, 23, 58, 58, 82, 69, 44, 63, 53, 26, 37, 36, 29, 13, 21, 57, 87, 53, 74, 0, 21, 18, 52, 87, 13, 56, 90, 46, 63, 16, 22, 64, 12, 64, 92, 90, 25, 63, 92, 34, 70, 19, 69, 22, 35, 49, 32, 31, 35, 40, 45, 77, 58, 63, 15, 30, 48, 95, 43, 54, 87, 70, 43, 63, 106, 18, 93, 87, 39, 45, 65, 67, 78, 36, 63, 25, 66
              |3, 26, 73, 67, 25, 35, 97, 17, 72, 42, 99, 70, 19, 65, 53, 52, 51, 59, 17, 74, 27, 46, 51, 33, 19, 53, 51, 87, 63, 52, 69, 60, 28, 28, 32, 24, 22, 27, 53, 81, 58, 78, 9, 13, 27, 58, 83, 19, 54, 90, 41, 71, 9, 17, 70, 14, 67, 94, 91, 21, 64, 86, 32, 76, 14, 69, 15, 40, 55, 26, 32, 34, 43, 36, 77, 57, 71, 24, 24, 40, 95, 49, 49, 89, 65, 51, 65, 108, 15, 95, 91, 40, 48, 66, 66, 77, 39, 58, 34, 62
              |42, 26, 32, 66, 26, 34, 66, 30, 73, 7, 77, 91, 23, 24, 23, 38, 70, 26, 47, 55, 46, 72, 68, 9, 24, 11, 19, 75, 22, 76, 71, 69, 31, 39, 13, 18, 56, 48, 14, 42, 55, 68, 47, 45, 60, 59, 41, 45, 23, 59, 2, 89, 45, 25, 72, 38, 54, 71, 63, 22, 43, 45, 21, 79, 52, 43, 28, 44, 62, 17, 30, 23, 43, 27, 51, 30, 87, 55, 54, 16, 63, 55, 8, 68, 23, 72, 45, 83, 29, 75, 76, 34, 41, 44, 33, 40, 40, 16, 63, 21
              |61, 55, 24, 49, 55, 34, 36, 45, 57, 25, 47, 85, 46, 22, 9, 22, 66, 50, 59, 28, 74, 73, 64, 35, 43, 28, 47, 50, 38, 75, 55, 58, 38, 69, 32, 40, 67, 54, 18, 53, 40, 45, 64, 70, 69, 46, 32, 55, 9, 29, 29, 81, 68, 47, 55, 52, 32, 41, 33, 42, 17, 49, 30, 62, 76, 13, 52, 41, 52, 44, 34, 29, 36, 58, 20, 8, 78, 65, 81, 47, 33, 48, 33, 39, 26, 69, 20, 53, 48, 46, 49, 29, 30, 18, 3, 15, 36, 27, 69, 21
              |71, 60, 13, 62, 61, 47, 34, 56, 69, 31, 51, 98, 54, 16, 20, 36, 80, 48, 71, 38, 80, 86, 77, 42, 53, 28, 46, 59, 33, 89, 67, 72, 50, 74, 40, 49, 79, 67, 20, 44, 53, 55, 75, 78, 81, 59, 19, 67, 19, 28, 34, 94, 77, 56, 68, 63, 43, 45, 34, 51, 29, 38, 41, 74, 84, 22, 60, 54, 65, 51, 46, 40, 50, 61, 25, 21, 91, 77, 88, 49, 30, 61, 33, 44, 20, 82, 31, 54, 57, 51, 57, 42, 43, 29, 11, 7, 49, 24, 81, 17
              |79, 72, 28, 54, 72, 49, 19, 62, 62, 42, 36, 94, 63, 31, 26, 34, 77, 63, 76, 28, 92, 86, 74, 52, 61, 42, 60, 47, 49, 87, 60, 67, 55, 86, 49, 58, 83, 69, 33, 59, 48, 45, 81, 87, 84, 54, 31, 71, 26, 13, 46, 89, 86, 64, 60, 69, 36, 30, 19, 60, 23, 51, 48, 66, 93, 15, 69, 54, 61, 61, 50, 46, 49, 74, 13, 23, 85, 81, 98, 62, 16, 59, 47, 30, 35, 80, 25, 39, 65, 36, 44, 44, 42, 22, 14, 9, 50, 39, 83, 32
              |86, 81, 36, 55, 81, 56, 10, 70, 62, 51, 29, 96, 72, 40, 35, 39, 81, 72, 82, 27, 101, 90, 78, 62, 69, 51, 70, 44, 58, 91, 60, 69, 62, 95, 58, 67, 89, 75, 42, 67, 50, 43, 88, 96, 90, 57, 37, 78, 35, 4, 55, 90, 94, 73, 61, 76, 37, 23, 11, 68, 27, 58, 55, 66, 101, 19, 78, 59, 63, 70, 57, 53, 54, 83, 13, 30, 87, 87, 107, 72, 7, 62, 57, 25, 44, 84, 28, 30, 73, 30, 39, 50, 47, 25, 23, 18, 56, 48, 88, 41
              |81, 62, 12, 85, 63, 65, 53, 67, 93, 40, 74, 120, 62, 17, 39, 58, 100, 36, 85, 63, 81, 105, 98, 48, 63, 28, 39, 84, 22, 109, 91, 94, 66, 74, 50, 57, 93, 83, 30, 23, 76, 80, 86, 83, 97, 82, 8, 82, 38, 49, 40, 116, 84, 64, 92, 76, 68, 68, 56, 61, 53, 13, 55, 98, 91, 47, 67, 74, 87, 56, 63, 56, 70, 59, 50, 43, 113, 92, 92, 47, 49, 83, 33, 68, 16, 103, 55, 75, 68, 74, 81, 62, 65, 53, 35, 29, 69, 23, 98, 20
              |62, 36, 35, 91, 37, 61, 79, 53, 99, 33, 96, 117, 44, 30, 45, 63, 96, 3, 71, 77, 52, 97, 94, 33, 47, 21, 10, 98, 13, 102, 96, 95, 57, 45, 39, 41, 79, 74, 32, 21, 80, 92, 68, 58, 83, 85, 40, 69, 44, 74, 29, 115, 61, 46, 97, 61, 78, 89, 80, 45, 65, 30, 48, 105, 67, 62, 47, 71, 88, 36, 56, 50, 69, 29, 69, 52, 113, 79, 64, 21, 76, 82, 19, 88, 26, 98, 67, 100, 51, 95, 98, 60, 66, 66, 50, 52, 66, 22, 87, 29
              |22, 43, 70, 43, 42, 18, 82, 17, 47, 41, 79, 49, 28, 63, 44, 35, 28, 69, 10, 54, 51, 27, 27, 37, 24, 55, 61, 64, 67, 32, 44, 36, 15, 50, 32, 29, 16, 4, 50, 87, 35, 55, 19, 38, 17, 34, 80, 6, 45, 75, 43, 49, 33, 26, 45, 12, 46, 75, 74, 26, 47, 89, 25, 51, 38, 54, 29, 17, 31, 36, 18, 25, 22, 53, 62, 45, 48, 13, 48, 52, 81, 24, 53, 70, 64, 29, 47, 89, 22, 75, 69, 23, 28, 50, 55, 67, 19, 59, 18, 60
              |33, 60, 90, 47, 59, 37, 97, 37, 49, 62, 91, 35, 47, 83, 64, 51, 20, 88, 20, 67, 63, 10, 21, 58, 43, 76, 81, 71, 88, 17, 47, 35, 35, 64, 53, 49, 14, 17, 71, 107, 44, 63, 27, 48, 9, 40, 100, 21, 65, 91, 64, 37, 43, 45, 47, 29, 58, 88, 89, 45, 63, 109, 46, 51, 44, 71, 46, 31, 34, 54, 38, 45, 36, 70, 77, 64, 38, 12, 56, 71, 97, 30, 73, 82, 85, 18, 62, 101, 40, 86, 77, 41, 43, 65, 74, 86, 35, 80, 3, 81
              |43, 54, 55, 25, 53, 11, 57, 30, 32, 35, 54, 53, 38, 50, 28, 11, 34, 67, 35, 29, 68, 41, 31, 38, 33, 48, 61, 41, 61, 43, 29, 28, 19, 65, 31, 35, 40, 26, 39, 79, 14, 33, 43, 57, 41, 18, 64, 30, 29, 51, 39, 49, 54, 38, 30, 32, 21, 50, 49, 34, 23, 78, 22, 38, 60, 31, 42, 9, 21, 42, 16, 19, 4, 61, 37, 25, 47, 37, 69, 55, 57, 16, 48, 45, 53, 36, 23, 64, 35, 50, 45, 8, 3, 25, 35, 47, 6, 50, 38, 48
              |79, 57, 17, 89, 58, 66, 61, 66, 97, 39, 81, 122, 59, 19, 42, 61, 102, 29, 84, 68, 75, 106, 99, 45, 60, 25, 32, 90, 16, 110, 95, 97, 65, 68, 48, 55, 92, 83, 31, 14, 79, 85, 84, 79, 96, 85, 17, 81, 40, 57, 38, 119, 80, 61, 96, 74, 72, 75, 64, 58, 58, 9, 55, 103, 87, 52, 64, 75, 90, 52, 63, 56, 72, 52, 56, 47, 116, 91, 86, 41, 57, 85, 29, 75, 16, 104, 60, 83, 65, 82, 88, 63, 67, 58, 40, 36, 70, 21, 98, 21
              |59, 57, 32, 41, 56, 29, 36, 43, 49, 27, 43, 77, 45, 30, 10, 15, 59, 56, 55, 22, 75, 67, 56, 37, 42, 34, 51, 43, 45, 69, 47, 51, 34, 70, 32, 40, 63, 49, 23, 61, 32, 37, 61, 69, 64, 38, 40, 51, 11, 29, 32, 73, 67, 46, 48, 49, 24, 38, 31, 41, 10, 56, 28, 54, 74, 9, 51, 35, 44, 45, 30, 26, 30, 60, 18, 4, 70, 60, 80, 50, 34, 41, 37, 34, 33, 62, 12, 50, 46, 41, 43, 24, 23, 11, 9, 21, 30, 33, 63, 28
              |30, 11, 48, 70, 11, 35, 81, 22, 77, 20, 89, 88, 11, 40, 36, 46, 67, 31, 38, 65, 30, 66, 65, 9, 15, 26, 23, 84, 35, 72, 74, 70, 29, 24, 15, 10, 46, 43, 30, 52, 59, 76, 35, 29, 51, 62, 57, 37, 36, 74, 16, 87, 30, 13, 75, 29, 62, 84, 77, 13, 54, 58, 23, 82, 37, 55, 14, 45, 63, 4, 30, 26, 45, 16, 64, 42, 85, 47, 38, 13, 78, 56, 21, 80, 39, 68, 55, 96, 18, 87, 86, 37, 45, 55, 47, 56, 41, 31, 55, 37
              |33, 6, 51, 78, 7, 43, 87, 28, 85, 26, 97, 94, 17, 43, 43, 54, 74, 28, 43, 73, 25, 72, 72, 17, 22, 30, 21, 92, 35, 78, 82, 77, 36, 18, 23, 18, 51, 49, 35, 51, 67, 84, 39, 28, 56, 70, 60, 43, 43, 80, 22, 94, 30, 19, 83, 35, 70, 91, 84, 21, 61, 58, 31, 90, 37, 62, 18, 52, 71, 11, 38, 34, 53, 8, 71, 50, 93, 52, 35, 10, 84, 64, 24, 87, 42, 75, 63, 103, 24, 94, 94, 45, 53, 63, 54, 62, 49, 35, 61, 41
              |56, 39, 18, 69, 40, 43, 57, 42, 77, 15, 72, 99, 37, 10, 22, 41, 79, 25, 60, 53, 59, 82, 76, 23, 37, 4, 22, 74, 14, 86, 75, 75, 42, 52, 25, 32, 69, 60, 9, 32, 59, 68, 61, 59, 72, 64, 27, 57, 21, 51, 15, 96, 59, 39, 76, 51, 55, 66, 56, 35, 41, 32, 31, 83, 66, 38, 42, 52, 68, 31, 39, 32, 50, 38, 45, 28, 94, 68, 68, 26, 54, 62, 10, 64, 9, 81, 43, 77, 42, 71, 74, 40, 45, 42, 26, 30, 47, 3, 74, 7
              |4, 24, 70, 66, 23, 33, 94, 15, 71, 39, 97, 71, 16, 62, 51, 50, 51, 56, 17, 71, 27, 46, 51, 30, 16, 50, 48, 85, 60, 53, 68, 60, 25, 27, 29, 21, 23, 27, 50, 78, 56, 76, 11, 14, 29, 57, 80, 19, 51, 87, 38, 72, 10, 14, 69, 13, 65, 92, 88, 18, 62, 83, 30, 75, 16, 67, 12, 38, 55, 23, 30, 32, 42, 34, 75, 55, 71, 25, 25, 38, 92, 48, 46, 87, 62, 52, 62, 106, 12, 93, 89, 38, 46, 64, 63, 74, 38, 55, 35, 59
              |47, 55, 53, 25, 55, 14, 53, 33, 32, 34, 51, 55, 40, 48, 25, 7, 37, 67, 39, 25, 70, 45, 34, 39, 35, 47, 61, 38, 60, 46, 29, 30, 22, 67, 32, 37, 44, 30, 37, 78, 13, 30, 46, 60, 45, 18, 61, 34, 27, 47, 39, 52, 57, 40, 30, 35, 18, 46, 45, 36, 19, 76, 23, 38, 63, 27, 45, 13, 23, 44, 18, 20, 8, 62, 33, 22, 49, 41, 72, 55, 52, 18, 48, 41, 51, 40, 18, 60, 38, 47, 42, 9, 1, 21, 32, 43, 10, 49, 42, 46
              |82, 75, 28, 58, 75, 53, 17, 66, 65, 45, 36, 97, 67, 32, 30, 38, 81, 64, 79, 31, 95, 90, 78, 56, 64, 44, 62, 49, 50, 91, 63, 70, 58, 89, 52, 61, 87, 73, 35, 59, 51, 47, 84, 91, 88, 58, 30, 75, 30, 12, 49, 93, 89, 68, 64, 73, 39, 31, 19, 63, 27, 50, 51, 69, 97, 18, 73, 58, 65, 64, 54, 49, 53, 76, 16, 27, 89, 84, 102, 65, 14, 63, 49, 31, 36, 84, 28, 38, 69, 37, 46, 48, 46, 25, 18, 10, 54, 41, 87, 34
              |73, 69, 30, 49, 69, 44, 23, 57, 56, 38, 35, 88, 59, 31, 22, 28, 71, 62, 70, 23, 88, 80, 68, 49, 56, 40, 59, 43, 48, 81, 54, 61, 49, 82, 45, 54, 77, 63, 30, 61, 42, 40, 75, 83, 78, 48, 34, 66, 22, 16, 43, 83, 81, 60, 55, 64, 30, 29, 20, 55, 17, 54, 42, 61, 88, 9, 65, 48, 55, 57, 45, 40, 43, 71, 9, 17, 80, 75, 94, 60, 20, 53, 45, 28, 35, 74, 19, 40, 60, 35, 41, 38, 36, 16, 11, 12, 44, 38, 77, 31
              |76, 87, 72, 14, 86, 45, 49, 64, 16, 64, 33, 52, 72, 71, 50, 33, 44, 96, 65, 22, 102, 56, 42, 70, 67, 74, 90, 10, 86, 54, 16, 28, 53, 98, 63, 69, 68, 54, 64, 102, 21, 5, 74, 91, 66, 22, 78, 61, 51, 46, 69, 46, 87, 71, 16, 64, 17, 33, 40, 67, 31, 97, 55, 19, 92, 38, 76, 39, 27, 75, 49, 52, 35, 94, 37, 44, 42, 64, 102, 86, 51, 32, 77, 27, 75, 47, 29, 43, 69, 28, 16, 41, 33, 31, 49, 56, 39, 74, 61, 70
              |40, 31, 33, 56, 31, 25, 60, 25, 63, 4, 69, 82, 22, 25, 16, 28, 61, 36, 42, 46, 50, 64, 59, 11, 21, 18, 30, 65, 30, 68, 60, 59, 23, 45, 8, 17, 51, 41, 13, 50, 44, 58, 44, 47, 54, 49, 43, 39, 16, 53, 8, 79, 46, 24, 61, 33, 44, 63, 56, 19, 34, 51, 13, 69, 53, 35, 28, 35, 52, 20, 21, 14, 33, 35, 43, 22, 77, 50, 57, 25, 57, 46, 17, 60, 27, 63, 35, 76, 26, 67, 67, 24, 30, 35, 27, 37, 30, 21, 56, 23
              |26, 32, 51, 46, 31, 11, 69, 10, 53, 22, 72, 65, 16, 44, 27, 26, 44, 51, 24, 47, 47, 45, 42, 20, 12, 36, 44, 62, 48, 50, 50, 45, 5, 43, 13, 14, 32, 22, 31, 68, 36, 54, 28, 38, 35, 38, 61, 20, 28, 62, 24, 64, 35, 16, 51, 16, 41, 67, 63, 12, 37, 69, 6, 58, 41, 42, 21, 20, 39, 21, 6, 7, 21, 40, 50, 30, 62, 31, 49, 35, 68, 32, 34, 62, 45, 46, 37, 81, 14, 69, 65, 14, 22, 39, 39, 51, 17, 40, 37, 41
              |99, 99, 58, 52, 98, 66, 15, 83, 56, 69, 9, 92, 87, 62, 52, 48, 82, 93, 92, 28, 117, 93, 79, 79, 83, 72, 90, 33, 79, 92, 56, 67, 73, 112, 74, 82, 98, 83, 62, 89, 51, 36, 99, 110, 97, 57, 59, 87, 52, 18, 74, 86, 108, 88, 56, 88, 38, 8, 12, 83, 36, 80, 69, 59, 114, 33, 93, 66, 64, 87, 69, 67, 61, 102, 24, 46, 82, 94, 122, 91, 19, 65, 77, 14, 66, 85, 36, 9, 87, 13, 26, 60, 55, 34, 42, 39, 64, 69, 94, 62
              |72, 60, 11, 64, 61, 48, 35, 56, 72, 31, 53, 100, 54, 14, 21, 38, 81, 46, 72, 40, 80, 88, 79, 42, 53, 27, 45, 61, 32, 90, 69, 74, 51, 73, 40, 49, 80, 68, 20, 42, 55, 57, 75, 78, 83, 61, 17, 68, 20, 30, 34, 96, 77, 56, 70, 64, 46, 47, 36, 51, 31, 35, 42, 77, 85, 24, 60, 56, 67, 51, 47, 41, 51, 60, 28, 23, 93, 78, 88, 48, 32, 63, 33, 46, 18, 84, 33, 56, 58, 53, 59, 44, 45, 31, 13, 8, 51, 23, 83, 16
              |6, 23, 70, 67, 21, 35, 95, 16, 73, 39, 98, 73, 16, 62, 51, 52, 53, 55, 19, 73, 25, 48, 53, 30, 17, 50, 47, 87, 59, 55, 70, 62, 27, 25, 30, 21, 25, 29, 51, 77, 58, 78, 12, 12, 30, 59, 80, 21, 52, 88, 38, 74, 8, 14, 71, 15, 66, 93, 89, 19, 63, 83, 31, 77, 15, 68, 11, 40, 57, 22, 31, 33, 43, 33, 76, 56, 73, 27, 23, 37, 93, 50, 45, 88, 62, 54, 64, 107, 13, 95, 90, 40, 47, 65, 64, 74, 39, 55, 36, 59
              |70, 88, 89, 16, 87, 46, 73, 62, 9, 72, 57, 28, 72, 85, 63, 43, 26, 105, 56, 43, 99, 38, 24, 75, 67, 85, 98, 33, 98, 34, 10, 12, 52, 97, 68, 71, 56, 45, 75, 115, 25, 29, 66, 86, 53, 20, 96, 53, 64, 69, 77, 22, 81, 71, 9, 60, 34, 57, 63, 68, 48, 113, 59, 6, 85, 56, 75, 36, 18, 78, 51, 56, 36, 97, 58, 58, 18, 53, 96, 91, 74, 25, 86, 51, 88, 28, 46, 67, 67, 52, 40, 45, 38, 49, 66, 75, 40, 86, 46, 83
              |66, 62, 29, 45, 62, 36, 30, 50, 53, 32, 40, 83, 51, 28, 15, 22, 65, 58, 62, 22, 81, 73, 63, 42, 49, 36, 54, 44, 45, 75, 51, 56, 41, 75, 38, 46, 70, 56, 25, 59, 37, 39, 68, 75, 71, 44, 35, 58, 15, 23, 36, 79, 74, 52, 52, 56, 27, 34, 26, 47, 13, 54, 35, 58, 81, 6, 57, 41, 50, 50, 37, 33, 36, 65, 13, 10, 75, 67, 86, 54, 28, 47, 40, 31, 32, 68, 15, 46, 53, 39, 42, 31, 30, 12, 6, 15, 37, 34, 70, 28
              |59, 82, 94, 28, 81, 44, 86, 55, 25, 72, 73, 14, 66, 89, 67, 48, 11, 104, 45, 55, 89, 21, 11, 72, 61, 86, 96, 50, 99, 16, 24, 13, 48, 89, 66, 66, 43, 35, 78, 118, 32, 44, 54, 75, 38, 26, 103, 43, 68, 81, 76, 11, 70, 65, 24, 51, 45, 72, 77, 63, 57, 117, 57, 25, 73, 65, 68, 34, 19, 73, 48, 55, 36, 91, 69, 63, 9, 39, 84, 88, 87, 23, 85, 66, 92, 12, 55, 83, 60, 68, 57, 45, 41, 58, 73, 84, 38, 89, 31, 87
              |91, 97, 69, 34, 97, 58, 35, 77, 36, 70, 14, 72, 83, 70, 54, 42, 65, 99, 81, 22, 114, 76, 62, 78, 79, 77, 95, 11, 87, 74, 37, 49, 66, 110, 72, 79, 86, 71, 66, 100, 37, 17, 90, 105, 84, 41, 73, 77, 55, 34, 75, 66, 101, 83, 36, 79, 26, 16, 26, 79, 34, 93, 65, 38, 107, 36, 88, 54, 47, 85, 62, 62, 50, 102, 31, 47, 62, 82, 116, 93, 38, 50, 81, 13, 74, 67, 32, 23, 82, 9, 4, 53, 46, 33, 48, 51, 54, 76, 80, 70
              |61, 85, 101, 36, 84, 50, 94, 59, 32, 78, 81, 7, 70, 96, 74, 56, 14, 109, 47, 63, 91, 19, 16, 77, 65, 92, 101, 58, 105, 12, 32, 21, 53, 91, 71, 70, 43, 38, 84, 124, 40, 52, 55, 76, 38, 34, 110, 46, 75, 89, 81, 8, 71, 68, 32, 53, 53, 80, 85, 67, 65, 123, 62, 32, 73, 73, 71, 40, 27, 77, 53, 60, 43, 95, 77, 70, 10, 40, 85, 93, 95, 30, 91, 74, 98, 13, 63, 91, 63, 76, 65, 52, 48, 66, 80, 91, 45, 95, 31, 94
              |58, 78, 84, 17, 77, 37, 75, 51, 15, 64, 63, 25, 62, 80, 57, 38, 15, 97, 44, 44, 87, 27, 13, 66, 57, 78, 90, 40, 91, 24, 14, 2, 42, 86, 59, 61, 44, 34, 69, 109, 21, 33, 54, 74, 41, 15, 93, 42, 59, 70, 68, 20, 69, 60, 14, 48, 34, 61, 66, 58, 46, 108, 50, 17, 73, 55, 64, 27, 9, 68, 41, 47, 28, 86, 58, 53, 17, 41, 84, 82, 76, 15, 78, 55, 83, 17, 44, 73, 56, 58, 47, 37, 32, 47, 62, 73, 31, 80, 34, 78
              |80, 69, 17, 65, 69, 54, 29, 64, 73, 39, 48, 103, 63, 22, 28, 42, 86, 54, 79, 40, 89, 93, 83, 50, 61, 35, 53, 60, 39, 95, 71, 77, 58, 82, 48, 57, 87, 74, 29, 47, 57, 57, 83, 87, 89, 64, 18, 75, 27, 24, 43, 99, 86, 64, 72, 71, 47, 43, 31, 59, 33, 38, 49, 78, 93, 25, 68, 61, 70, 59, 54, 48, 56, 69, 26, 28, 96, 85, 97, 57, 25, 67, 41, 43, 26, 89, 35, 50, 66, 49, 57, 50, 50, 32, 17, 6, 56, 31, 89, 24
              |55, 33, 26, 77, 34, 48, 68, 43, 85, 19, 82, 104, 36, 18, 31, 49, 84, 15, 61, 63, 52, 86, 82, 22, 38, 7, 12, 84, 9, 91, 83, 82, 45, 45, 27, 32, 70, 63, 18, 27, 66, 78, 60, 55, 74, 72, 34, 59, 30, 61, 16, 102, 56, 38, 84, 52, 64, 76, 67, 35, 51, 32, 35, 91, 63, 48, 40, 58, 75, 29, 44, 37, 56, 30, 55, 38, 100, 69, 63, 18, 64, 69, 6, 74, 16, 86, 53, 87, 42, 81, 84, 47, 53, 52, 37, 40, 53, 9, 77, 17
              |52, 52, 38, 37, 52, 21, 43, 36, 45, 25, 47, 70, 40, 34, 11, 8, 52, 56, 48, 23, 70, 59, 49, 33, 36, 35, 51, 43, 47, 61, 42, 45, 27, 65, 27, 35, 55, 41, 24, 64, 26, 36, 53, 63, 56, 33, 46, 43, 13, 36, 30, 67, 61, 40, 43, 42, 22, 42, 37, 35, 12, 61, 22, 50, 67, 16, 45, 27, 38, 40, 22, 19, 22, 57, 24, 7, 64, 52, 74, 48, 42, 34, 37, 38, 37, 55, 13, 55, 40, 45, 44, 16, 16, 14, 17, 29, 22, 35, 55, 32
              |12, 31, 65, 53, 30, 21, 84, 8, 58, 35, 85, 61, 17, 58, 43, 39, 40, 59, 10, 60, 39, 38, 40, 29, 14, 48, 51, 72, 59, 44, 55, 47, 14, 38, 25, 19, 19, 16, 45, 78, 43, 64, 13, 27, 23, 44, 76, 9, 43, 77, 35, 61, 23, 15, 56, 1, 52, 80, 78, 16, 51, 82, 21, 62, 28, 56, 17, 25, 42, 25, 18, 23, 29, 41, 64, 45, 60, 19, 38, 41, 82, 35, 45, 75, 59, 41, 51, 94, 10, 81, 76, 26, 33, 53, 54, 66, 25, 52, 27, 55
              |62, 45, 13, 72, 45, 47, 55, 48, 80, 21, 71, 103, 43, 5, 24, 44, 83, 27, 66, 54, 64, 87, 81, 29, 43, 9, 26, 75, 13, 91, 78, 79, 47, 57, 31, 38, 74, 65, 12, 29, 62, 70, 67, 65, 78, 67, 22, 63, 23, 49, 21, 100, 65, 45, 78, 57, 56, 65, 55, 41, 42, 27, 37, 85, 72, 38, 48, 57, 72, 37, 44, 37, 54, 43, 44, 30, 98, 73, 74, 31, 51, 66, 15, 63, 3, 85, 45, 75, 48, 70, 74, 45, 49, 43, 26, 27, 52, 4, 80, 4
              |46, 59, 62, 19, 58, 16, 60, 34, 26, 42, 55, 46, 43, 57, 35, 17, 28, 74, 35, 30, 72, 36, 25, 45, 38, 55, 68, 38, 68, 37, 23, 21, 23, 69, 38, 41, 40, 25, 46, 86, 9, 30, 44, 61, 39, 11, 71, 31, 36, 54, 46, 42, 57, 43, 24, 34, 21, 51, 52, 39, 27, 85, 28, 31, 62, 36, 47, 9, 14, 48, 21, 26, 6, 67, 41, 31, 40, 36, 72, 61, 60, 9, 55, 45, 60, 30, 26, 64, 39, 50, 43, 15, 9, 29, 41, 53, 10, 57, 35, 55
              |40, 54, 61, 25, 53, 11, 63, 29, 31, 39, 59, 47, 38, 55, 33, 17, 28, 71, 30, 34, 67, 35, 25, 41, 33, 52, 64, 44, 65, 37, 28, 24, 18, 64, 34, 36, 35, 21, 44, 84, 15, 35, 39, 55, 35, 16, 70, 26, 35, 56, 42, 45, 51, 37, 29, 29, 25, 55, 55, 34, 29, 83, 24, 36, 57, 37, 42, 4, 17, 43, 16, 22, 2, 62, 43, 31, 42, 32, 67, 57, 62, 11, 52, 49, 58, 30, 28, 68, 34, 55, 48, 11, 9, 31, 41, 53, 5, 55, 32, 53
              |27, 30, 49, 48, 30, 13, 69, 11, 55, 19, 72, 68, 15, 41, 26, 26, 47, 48, 26, 47, 46, 48, 45, 17, 11, 33, 41, 63, 46, 53, 52, 48, 8, 42, 11, 12, 35, 25, 29, 65, 37, 55, 29, 37, 38, 40, 59, 23, 26, 61, 21, 66, 35, 15, 53, 18, 42, 67, 63, 11, 37, 67, 4, 60, 42, 41, 20, 23, 41, 19, 8, 6, 23, 38, 49, 29, 64, 34, 49, 33, 67, 34, 31, 62, 43, 48, 38, 81, 14, 69, 66, 16, 24, 39, 38, 49, 19, 37, 40, 39
              |52, 58, 47, 27, 57, 19, 45, 38, 35, 33, 45, 62, 43, 43, 21, 2, 44, 65, 46, 19, 74, 52, 41, 40, 39, 44, 59, 36, 56, 54, 33, 36, 27, 70, 33, 39, 52, 37, 34, 73, 17, 28, 53, 65, 52, 23, 55, 41, 22, 39, 38, 58, 62, 44, 34, 41, 14, 40, 38, 39, 11, 70, 25, 41, 69, 19, 49, 21, 29, 46, 23, 22, 16, 64, 25, 16, 55, 49, 77, 55, 45, 26, 46, 35, 46, 47, 11, 53, 42, 41, 38, 14, 9, 13, 25, 36, 18, 45, 50, 41
              |15, 23, 77, 79, 21, 46, 105, 27, 84, 47, 109, 82, 24, 68, 61, 62, 63, 56, 29, 84, 16, 57, 63, 36, 26, 55, 49, 98, 63, 64, 81, 72, 38, 18, 38, 29, 33, 39, 58, 79, 69, 89, 20, 1, 38, 70, 86, 31, 61, 98, 44, 83, 4, 22, 82, 26, 77, 104, 99, 27, 74, 86, 40, 88, 8, 78, 18, 51, 67, 28, 42, 43, 55, 31, 86, 65, 83, 35, 12, 38, 103, 61, 50, 99, 68, 63, 74, 117, 23, 106, 102, 51, 58, 76, 73, 83, 51, 61, 45, 66
              |61, 74, 67, 6, 73, 31, 54, 50, 14, 53, 43, 46, 58, 64, 42, 22, 33, 86, 50, 23, 88, 45, 30, 58, 53, 65, 79, 23, 77, 43, 12, 19, 39, 85, 51, 55, 54, 40, 55, 94, 6, 15, 59, 76, 52, 9, 74, 46, 43, 49, 58, 41, 72, 58, 13, 50, 13, 40, 44, 54, 26, 91, 42, 20, 78, 34, 62, 24, 15, 62, 36, 39, 21, 81, 37, 36, 37, 50, 88, 74, 54, 18, 66, 34, 67, 36, 24, 53, 55, 38, 29, 28, 20, 27, 44, 53, 25, 66, 48, 62
              |39, 52, 59, 26, 51, 9, 62, 27, 33, 36, 59, 50, 36, 53, 31, 16, 30, 68, 30, 34, 65, 36, 27, 38, 31, 50, 61, 45, 63, 38, 30, 26, 16, 62, 31, 34, 35, 21, 42, 82, 16, 36, 38, 54, 35, 18, 68, 26, 33, 56, 40, 47, 50, 36, 31, 28, 26, 55, 54, 32, 28, 81, 22, 38, 56, 36, 40, 4, 19, 41, 14, 19, 1, 60, 43, 29, 44, 32, 65, 55, 62, 13, 50, 49, 56, 32, 28, 69, 32, 55, 49, 9, 8, 30, 40, 51, 3, 52, 33, 51
              |64, 88, 102, 35, 87, 51, 93, 62, 30, 80, 79, 6, 73, 97, 75, 56, 17, 111, 50, 62, 95, 24, 18, 80, 68, 94, 104, 55, 107, 17, 30, 21, 55, 95, 73, 73, 47, 41, 86, 125, 40, 50, 59, 80, 42, 33, 110, 49, 76, 88, 83, 4, 75, 71, 30, 57, 52, 78, 84, 70, 64, 125, 64, 29, 77, 73, 74, 41, 27, 80, 55, 62, 44, 98, 76, 71, 6, 44, 89, 95, 94, 31, 93, 72, 100, 16, 63, 89, 66, 74, 62, 53, 49, 66, 80, 91, 46, 96, 35, 95
              |94, 90, 45, 57, 90, 62, 2, 78, 62, 59, 22, 97, 80, 49, 43, 45, 84, 81, 89, 29, 109, 94, 81, 70, 77, 60, 79, 42, 66, 94, 61, 71, 68, 103, 66, 75, 95, 81, 51, 75, 53, 43, 95, 104, 96, 59, 45, 84, 43, 6, 64, 92, 102, 81, 62, 83, 39, 18, 8, 76, 32, 66, 63, 66, 109, 26, 86, 64, 66, 79, 64, 61, 59, 92, 18, 38, 88, 92, 115, 80, 4, 66, 66, 21, 53, 87, 33, 22, 81, 25, 36, 57, 52, 30, 32, 27, 61, 57, 93, 50
              |44, 19, 40, 80, 20, 46, 80, 36, 87, 22, 92, 101, 26, 33, 39, 53, 80, 16, 53, 70, 37, 80, 79, 17, 30, 19, 8, 90, 22, 86, 85, 82, 42, 30, 24, 24, 61, 57, 28, 38, 69, 83, 50, 41, 66, 73, 49, 52, 38, 73, 17, 100, 43, 28, 86, 44, 69, 86, 78, 28, 58, 45, 34, 93, 50, 58, 29, 57, 75, 18, 42, 36, 56, 15, 65, 46, 98, 62, 48, 3, 77, 68, 13, 83, 31, 82, 60, 98, 33, 90, 91, 47, 55, 60, 47, 53, 52, 24, 70, 30
              |97, 91, 43, 62, 91, 66, 4, 80, 68, 61, 27, 103, 82, 48, 45, 49, 89, 80, 92, 35, 111, 99, 86, 72, 79, 60, 79, 47, 65, 99, 67, 76, 72, 105, 68, 77, 99, 85, 52, 73, 58, 48, 98, 106, 100, 64, 42, 88, 45, 9, 65, 98, 104, 83, 67, 87, 44, 23, 13, 78, 36, 63, 66, 72, 112, 29, 88, 69, 71, 80, 67, 64, 64, 93, 22, 41, 94, 97, 117, 81, 3, 71, 66, 27, 52, 92, 37, 25, 84, 30, 42, 60, 57, 34, 33, 26, 65, 57, 98, 50
              |8, 35, 80, 65, 34, 37, 100, 22, 69, 49, 100, 63, 27, 72, 58, 54, 45, 68, 13, 75, 34, 38, 46, 41, 26, 61, 60, 86, 71, 45, 66, 56, 30, 36, 39, 31, 14, 24, 60, 89, 57, 77, 4, 20, 19, 56, 90, 16, 59, 93, 49, 65, 15, 25, 67, 15, 67, 96, 94, 28, 67, 94, 37, 73, 16, 72, 23, 39, 52, 34, 34, 39, 43, 45, 80, 61, 65, 17, 28, 49, 99, 46, 57, 91, 72, 45, 67, 110, 21, 97, 91, 42, 48, 69, 70, 82, 40, 66, 26, 69
              |34, 27, 39, 55, 27, 22, 65, 19, 63, 8, 73, 79, 17, 31, 21, 29, 58, 38, 37, 49, 45, 60, 56, 8, 15, 22, 30, 67, 34, 64, 60, 57, 19, 40, 2, 11, 45, 37, 19, 53, 44, 60, 38, 41, 49, 48, 49, 34, 21, 58, 10, 77, 40, 18, 61, 28, 46, 67, 61, 13, 37, 55, 9, 68, 47, 39, 22, 33, 50, 15, 18, 12, 32, 32, 48, 26, 75, 44, 51, 24, 63, 44, 20, 63, 32, 60, 38, 80, 20, 70, 69, 23, 30, 39, 32, 43, 28, 26, 51, 28
              |55, 64, 56, 18, 63, 22, 49, 41, 26, 42, 44, 54, 49, 52, 30, 11, 37, 74, 46, 19, 79, 47, 35, 47, 44, 53, 68, 30, 65, 47, 23, 27, 30, 75, 40, 45, 51, 36, 43, 83, 8, 22, 54, 69, 50, 14, 64, 41, 31, 43, 46, 49, 65, 48, 24, 43, 10, 40, 40, 44, 17, 80, 32, 31, 71, 26, 53, 19, 21, 52, 26, 28, 14, 71, 30, 25, 46, 47, 80, 63, 49, 19, 55, 34, 56, 40, 16, 53, 46, 39, 34, 18, 10, 19, 33, 44, 18, 54, 47, 51
              |61, 74, 70, 4, 74, 31, 57, 50, 12, 55, 45, 43, 59, 66, 44, 25, 31, 87, 49, 26, 88, 42, 28, 59, 54, 67, 81, 25, 79, 40, 9, 16, 39, 85, 52, 56, 52, 38, 57, 97, 7, 17, 59, 76, 50, 6, 77, 45, 45, 52, 59, 38, 72, 58, 10, 50, 16, 43, 47, 54, 29, 94, 43, 17, 77, 37, 63, 24, 13, 63, 36, 40, 21, 82, 40, 39, 34, 49, 87, 75, 57, 16, 68, 37, 70, 34, 27, 56, 55, 41, 31, 29, 21, 30, 47, 56, 25, 68, 45, 65
              |73, 87, 77, 9, 86, 44, 57, 62, 8, 66, 41, 44, 71, 75, 53, 35, 38, 98, 61, 28, 100, 50, 35, 71, 66, 77, 92, 17, 89, 47, 9, 21, 51, 97, 64, 68, 63, 50, 67, 106, 19, 13, 70, 88, 61, 18, 84, 57, 55, 53, 71, 38, 84, 70, 9, 62, 22, 41, 48, 67, 36, 102, 55, 11, 89, 43, 75, 36, 22, 75, 49, 52, 34, 94, 43, 47, 34, 60, 99, 87, 59, 27, 79, 35, 79, 40, 34, 51, 67, 36, 24, 41, 33, 36, 54, 62, 38, 78, 55, 74
              |46, 61, 66, 18, 60, 18, 63, 36, 24, 45, 56, 42, 45, 61, 38, 20, 24, 77, 35, 33, 73, 33, 21, 48, 40, 59, 71, 39, 71, 34, 21, 17, 25, 71, 41, 43, 38, 24, 50, 90, 10, 30, 44, 61, 37, 9, 74, 31, 40, 57, 49, 39, 57, 44, 22, 35, 23, 53, 54, 41, 30, 88, 31, 29, 62, 39, 49, 9, 10, 50, 23, 28, 9, 69, 44, 35, 36, 35, 72, 64, 63, 5, 59, 47, 64, 27, 29, 66, 41, 52, 44, 18, 13, 32, 45, 56, 12, 61, 33, 59
              |59, 82, 94, 28, 81, 44, 86, 55, 25, 72, 73, 14, 66, 89, 67, 48, 11, 104, 45, 55, 89, 21, 11, 72, 61, 86, 96, 50, 99, 16, 24, 13, 48, 89, 66, 66, 43, 35, 78, 118, 32, 44, 54, 75, 38, 26, 103, 43, 68, 81, 76, 11, 70, 65, 24, 51, 45, 72, 77, 63, 57, 117, 57, 25, 73, 65, 68, 34, 19, 73, 48, 55, 36, 91, 69, 63, 9, 39, 84, 88, 87, 23, 85, 66, 92, 12, 55, 83, 60, 68, 57, 45, 41, 58, 73, 84, 38, 89, 31, 87
              |61, 74, 67, 6, 73, 31, 54, 50, 14, 53, 43, 46, 58, 64, 42, 22, 33, 86, 50, 23, 88, 45, 30, 58, 53, 65, 79, 23, 77, 43, 12, 19, 39, 85, 51, 55, 54, 40, 55, 94, 6, 15, 59, 76, 52, 9, 74, 46, 43, 49, 58, 41, 72, 58, 13, 50, 13, 40, 44, 54, 26, 91, 42, 20, 78, 34, 62, 24, 15, 62, 36, 39, 21, 81, 37, 36, 37, 50, 88, 74, 54, 18, 66, 34, 67, 36, 24, 53, 55, 38, 29, 28, 20, 27, 44, 53, 25, 66, 48, 62
              |70, 48, 19, 85, 49, 59, 64, 58, 94, 32, 82, 116, 51, 16, 38, 57, 96, 21, 76, 67, 66, 99, 93, 37, 52, 17, 23, 88, 7, 103, 91, 92, 58, 59, 41, 46, 84, 76, 25, 15, 75, 83, 75, 70, 88, 81, 23, 73, 36, 59, 30, 113, 71, 53, 92, 66, 70, 76, 65, 50, 56, 16, 48, 99, 78, 51, 55, 69, 85, 44, 56, 49, 67, 43, 56, 43, 111, 84, 77, 32, 60, 79, 21, 75, 12, 98, 58, 85, 57, 82, 87, 57, 62, 56, 39, 37, 64, 14, 91, 17
              |24, 31, 53, 47, 30, 12, 72, 8, 54, 23, 74, 65, 15, 46, 29, 28, 44, 51, 22, 49, 45, 45, 42, 20, 10, 37, 44, 64, 49, 50, 51, 46, 5, 41, 14, 13, 31, 21, 33, 69, 37, 56, 26, 35, 34, 39, 63, 19, 30, 64, 25, 64, 33, 15, 52, 14, 43, 69, 65, 11, 39, 71, 8, 59, 39, 44, 19, 21, 39, 20, 8, 9, 22, 39, 52, 32, 62, 29, 47, 35, 70, 32, 35, 64, 47, 45, 40, 83, 12, 71, 67, 16, 24, 41, 41, 53, 18, 41, 36, 43
              |96, 95, 53, 52, 94, 63, 10, 80, 57, 65, 13, 93, 83, 57, 48, 46, 81, 88, 89, 27, 113, 92, 78, 75, 80, 67, 86, 34, 74, 91, 57, 67, 70, 108, 70, 78, 95, 81, 57, 84, 50, 37, 96, 107, 96, 56, 54, 85, 48, 13, 69, 87, 105, 84, 57, 85, 36, 9, 7, 79, 33, 75, 66, 60, 111, 29, 89, 64, 63, 83, 66, 63, 59, 98, 21, 42, 83, 92, 118, 86, 14, 64, 72, 15, 61, 84, 33, 13, 84, 16, 28, 58, 52, 31, 38, 35, 61, 65, 92, 58
              |88, 80, 31, 63, 81, 59, 15, 72, 69, 50, 37, 103, 72, 36, 36, 44, 87, 68, 86, 35, 100, 96, 84, 61, 70, 48, 66, 52, 53, 97, 68, 76, 65, 94, 58, 67, 93, 79, 40, 60, 57, 51, 91, 97, 94, 63, 30, 81, 35, 12, 54, 98, 95, 74, 68, 79, 44, 31, 20, 69, 33, 51, 57, 74, 102, 24, 78, 64, 70, 70, 60, 55, 59, 81, 20, 33, 94, 91, 107, 69, 11, 68, 54, 33, 39, 90, 34, 37, 75, 38, 48, 54, 52, 31, 24, 14, 60, 45, 93, 37
              |55, 38, 19, 68, 39, 41, 57, 41, 76, 14, 71, 98, 36, 10, 21, 39, 77, 26, 59, 52, 58, 81, 75, 22, 36, 4, 23, 73, 15, 85, 73, 74, 40, 51, 24, 31, 67, 58, 7, 33, 57, 67, 60, 58, 71, 63, 28, 56, 19, 51, 14, 95, 58, 38, 74, 50, 53, 65, 56, 34, 40, 34, 30, 81, 66, 37, 41, 51, 67, 30, 38, 31, 48, 38, 44, 27, 92, 66, 67, 25, 54, 61, 10, 63, 10, 79, 42, 76, 41, 70, 73, 39, 44, 41, 26, 30, 46, 4, 73, 8
              |101, 101, 61, 54, 101, 69, 16, 86, 58, 72, 10, 94, 90, 64, 55, 51, 84, 96, 95, 31, 120, 95, 81, 82, 86, 74, 93, 34, 81, 94, 58, 69, 76, 115, 77, 85, 100, 85, 64, 91, 54, 38, 102, 113, 100, 59, 61, 90, 55, 20, 76, 88, 111, 91, 58, 90, 40, 10, 14, 86, 39, 82, 72, 61, 117, 36, 95, 68, 66, 90, 71, 69, 64, 105, 27, 48, 84, 97, 124, 94, 20, 67, 79, 16, 68, 87, 39, 6, 90, 15, 27, 63, 57, 37, 45, 42, 66, 72, 96, 65
              |62, 86, 101, 34, 85, 50, 93, 60, 30, 78, 79, 7, 71, 96, 73, 55, 15, 109, 48, 62, 93, 22, 16, 78, 66, 92, 102, 55, 105, 15, 30, 20, 53, 93, 72, 71, 45, 40, 84, 124, 39, 50, 57, 78, 40, 32, 109, 47, 75, 88, 82, 6, 73, 69, 30, 55, 52, 78, 83, 68, 64, 123, 62, 29, 75, 72, 72, 40, 26, 78, 54, 61, 42, 96, 76, 70, 7, 42, 87, 93, 93, 30, 91, 72, 98, 14, 62, 89, 65, 74, 62, 52, 48, 65, 79, 90, 45, 95, 33, 93
              |67, 83, 80, 6, 82, 40, 64, 58, 2, 65, 49, 36, 67, 77, 54, 35, 29, 97, 55, 34, 95, 41, 27, 69, 62, 77, 91, 26, 89, 38, 1, 13, 47, 93, 62, 65, 56, 43, 67, 107, 17, 20, 64, 83, 53, 13, 87, 51, 56, 59, 69, 30, 78, 66, 0, 56, 25, 48, 54, 63, 39, 104, 52, 7, 83, 47, 71, 31, 15, 72, 45, 49, 30, 91, 48, 49, 26, 52, 94, 85, 65, 21, 78, 42, 80, 32, 37, 59, 63, 44, 33, 38, 31, 40, 57, 66, 34, 78, 47, 75
              |41, 66, 90, 39, 65, 36, 92, 41, 40, 63, 84, 26, 52, 84, 63, 48, 10, 92, 27, 62, 71, 4, 12, 61, 47, 78, 85, 63, 90, 9, 38, 26, 37, 71, 55, 53, 23, 20, 71, 109, 38, 56, 35, 56, 18, 33, 99, 26, 64, 86, 66, 28, 51, 50, 39, 34, 52, 81, 83, 49, 59, 110, 47, 42, 53, 67, 52, 28, 26, 59, 39, 46, 33, 76, 73, 61, 28, 20, 65, 75, 92, 24, 76, 75, 86, 9, 58, 94, 45, 79, 69, 40, 40, 61, 72, 83, 33, 81, 11, 81
              |67, 78, 68, 8, 78, 36, 50, 55, 14, 56, 38, 49, 63, 65, 44, 25, 38, 89, 56, 20, 93, 50, 35, 62, 58, 67, 83, 18, 79, 48, 13, 23, 44, 90, 55, 60, 59, 45, 57, 96, 12, 9, 65, 82, 58, 14, 75, 52, 45, 46, 61, 43, 78, 63, 13, 56, 12, 36, 41, 59, 26, 92, 46, 19, 83, 34, 67, 30, 20, 67, 41, 43, 26, 85, 35, 38, 40, 56, 93, 78, 52, 24, 69, 30, 69, 41, 24, 48, 60, 33, 23, 33, 24, 27, 44, 53, 30, 68, 53, 64
              |25, 4, 60, 78, 3, 43, 93, 25, 84, 33, 101, 90, 15, 52, 49, 56, 69, 38, 37, 77, 17, 66, 69, 22, 20, 39, 31, 94, 45, 73, 81, 75, 35, 12, 26, 19, 44, 45, 43, 61, 67, 85, 31, 18, 49, 69, 70, 37, 49, 86, 29, 90, 21, 16, 82, 29, 72, 95, 89, 20, 65, 68, 33, 89, 27, 67, 12, 51, 69, 13, 38, 36, 53, 13, 76, 55, 89, 45, 26, 20, 91, 62, 33, 91, 51, 70, 66, 108, 20, 98, 96, 46, 54, 67, 60, 69, 49, 44, 55, 49
              |71, 67, 33, 44, 67, 40, 25, 55, 52, 37, 34, 83, 57, 33, 21, 24, 67, 63, 66, 19, 86, 76, 64, 48, 54, 41, 59, 40, 50, 77, 50, 56, 46, 81, 43, 52, 74, 60, 31, 63, 37, 36, 72, 81, 75, 44, 38, 62, 21, 17, 42, 79, 79, 58, 51, 61, 26, 28, 20, 53, 13, 57, 40, 57, 86, 4, 63, 44, 50, 56, 41, 38, 39, 70, 7, 15, 75, 71, 92, 59, 23, 48, 46, 26, 37, 70, 14, 40, 58, 33, 38, 35, 32, 11, 11, 16, 40, 39, 73, 33
              |56, 50, 26, 49, 50, 30, 42, 40, 57, 19, 52, 82, 40, 22, 3, 21, 63, 47, 54, 31, 69, 69, 61, 30, 38, 25, 43, 52, 36, 72, 54, 57, 33, 63, 26, 35, 62, 49, 14, 52, 38, 46, 58, 64, 64, 45, 34, 50, 3, 35, 24, 79, 63, 41, 55, 47, 33, 46, 38, 36, 19, 49, 25, 62, 70, 17, 46, 37, 50, 38, 29, 23, 33, 52, 25, 6, 76, 60, 75, 42, 39, 45, 28, 43, 25, 66, 21, 58, 42, 50, 52, 25, 27, 20, 9, 20, 32, 25, 64, 20
              |82, 84, 52, 37, 84, 49, 21, 67, 43, 56, 15, 78, 72, 53, 39, 32, 66, 83, 75, 12, 102, 77, 63, 65, 68, 61, 79, 23, 70, 76, 42, 52, 57, 97, 59, 67, 81, 66, 50, 83, 35, 23, 83, 95, 81, 41, 55, 71, 39, 18, 61, 73, 92, 72, 42, 71, 21, 10, 12, 67, 21, 76, 54, 47, 98, 20, 77, 49, 48, 72, 52, 51, 44, 89, 13, 32, 69, 78, 106, 78, 23, 49, 65, 6, 57, 69, 20, 23, 71, 13, 19, 44, 38, 19, 31, 33, 47, 59, 77, 53
              |94, 94, 55, 48, 94, 61, 14, 78, 53, 64, 9, 89, 82, 58, 47, 43, 77, 89, 87, 23, 112, 88, 74, 74, 78, 68, 86, 30, 75, 87, 52, 63, 68, 107, 69, 77, 93, 78, 57, 86, 47, 33, 94, 105, 92, 52, 57, 82, 48, 15, 69, 83, 103, 83, 52, 83, 33, 5, 8, 78, 31, 78, 64, 56, 109, 28, 88, 61, 59, 82, 64, 62, 56, 97, 20, 41, 79, 90, 117, 86, 17, 60, 72, 10, 62, 80, 31, 13, 82, 12, 24, 55, 50, 29, 38, 36, 59, 65, 89, 58
              |11, 22, 62, 60, 21, 26, 86, 7, 66, 31, 89, 70, 9, 54, 42, 43, 50, 51, 18, 64, 31, 47, 49, 23, 8, 43, 43, 78, 53, 53, 63, 56, 18, 29, 21, 13, 26, 25, 42, 72, 50, 70, 16, 21, 31, 51, 72, 18, 43, 79, 30, 70, 18, 7, 64, 10, 58, 84, 80, 10, 54, 76, 21, 71, 25, 58, 8, 33, 50, 17, 22, 24, 35, 32, 67, 46, 69, 27, 32, 33, 84, 43, 39, 79, 54, 51, 54, 98, 3, 86, 82, 31, 39, 56, 54, 65, 31, 48, 36, 51
              |83, 81, 43, 45, 81, 51, 14, 67, 51, 51, 21, 86, 70, 45, 34, 33, 72, 76, 77, 17, 100, 82, 69, 61, 67, 55, 73, 33, 63, 82, 50, 59, 57, 94, 57, 65, 83, 69, 44, 74, 41, 32, 84, 94, 84, 47, 46, 73, 35, 9, 56, 81, 91, 71, 51, 72, 27, 15, 6, 66, 21, 66, 53, 55, 98, 16, 76, 52, 54, 70, 53, 50, 47, 84, 7, 28, 77, 81, 105, 73, 14, 54, 59, 15, 49, 75, 21, 26, 71, 21, 29, 45, 41, 18, 25, 24, 49, 52, 81, 46
              |33, 50, 67, 31, 49, 13, 73, 24, 36, 41, 69, 44, 35, 61, 40, 26, 23, 72, 21, 44, 61, 27, 22, 40, 30, 55, 64, 52, 68, 31, 34, 26, 16, 59, 34, 34, 26, 11, 48, 87, 23, 44, 30, 48, 25, 22, 76, 17, 41, 66, 44, 43, 44, 33, 34, 22, 35, 65, 65, 31, 38, 87, 25, 41, 49, 46, 37, 6, 20, 41, 16, 23, 11, 59, 53, 39, 41, 22, 59, 56, 72, 13, 54, 59, 63, 25, 38, 78, 29, 64, 57, 17, 18, 41, 49, 61, 10, 58, 23, 58
              |55, 39, 18, 66, 40, 40, 55, 41, 74, 13, 69, 96, 36, 10, 19, 38, 76, 28, 58, 50, 59, 80, 74, 22, 36, 6, 25, 71, 17, 84, 72, 72, 39, 52, 23, 31, 67, 57, 5, 35, 55, 65, 59, 59, 70, 61, 28, 55, 17, 49, 14, 94, 59, 38, 72, 49, 51, 63, 54, 34, 38, 35, 29, 80, 66, 35, 41, 50, 65, 31, 37, 30, 47, 39, 42, 25, 91, 66, 68, 27, 52, 60, 11, 61, 10, 78, 40, 74, 41, 68, 71, 37, 42, 39, 24, 28, 45, 6, 72, 7
              |40, 64, 85, 34, 63, 31, 86, 38, 35, 59, 78, 28, 49, 79, 57, 42, 8, 88, 26, 56, 70, 10, 9, 57, 44, 73, 81, 58, 86, 13, 33, 21, 33, 70, 51, 49, 24, 17, 66, 105, 32, 50, 35, 56, 20, 27, 94, 25, 59, 80, 62, 28, 51, 47, 34, 32, 46, 75, 77, 46, 53, 105, 42, 38, 54, 61, 50, 22, 21, 56, 34, 41, 27, 74, 67, 56, 28, 21, 65, 72, 86, 18, 71, 69, 81, 9, 52, 88, 42, 73, 64, 34, 34, 55, 66, 78, 27, 76, 14, 76
              |77, 84, 61, 23, 83, 44, 36, 63, 28, 58, 23, 64, 69, 61, 42, 28, 53, 88, 67, 10, 100, 64, 50, 65, 65, 66, 83, 11, 77, 63, 27, 38, 52, 96, 59, 65, 72, 57, 55, 92, 24, 8, 76, 90, 71, 28, 67, 63, 43, 33, 63, 58, 87, 69, 27, 65, 12, 21, 27, 65, 22, 86, 51, 31, 93, 27, 74, 40, 35, 72, 48, 48, 36, 89, 24, 35, 54, 69, 102, 80, 38, 37, 69, 15, 65, 56, 20, 33, 67, 18, 12, 39, 31, 21, 39, 44, 40, 65, 67, 60
              |55, 41, 18, 64, 41, 38, 53, 40, 72, 13, 66, 94, 36, 10, 16, 35, 74, 31, 57, 47, 61, 78, 72, 23, 36, 9, 28, 68, 20, 82, 69, 70, 38, 54, 23, 31, 66, 56, 3, 37, 53, 62, 59, 59, 69, 59, 28, 54, 15, 46, 15, 91, 59, 38, 70, 49, 49, 60, 51, 34, 35, 36, 28, 77, 66, 32, 42, 48, 63, 32, 35, 28, 45, 41, 39, 22, 89, 65, 69, 29, 49, 57, 14, 58, 12, 76, 37, 71, 41, 65, 68, 35, 40, 36, 21, 26, 43, 9, 71, 7
              |75, 50, 28, 95, 52, 68, 73, 64, 103, 40, 92, 125, 56, 26, 47, 67, 104, 18, 82, 77, 67, 107, 102, 43, 58, 25, 24, 98, 13, 111, 101, 101, 66, 60, 48, 52, 90, 83, 34, 7, 85, 93, 81, 73, 95, 90, 30, 80, 46, 68, 37, 122, 75, 58, 102, 73, 80, 86, 75, 56, 66, 15, 56, 109, 81, 61, 59, 78, 94, 48, 64, 57, 76, 44, 66, 53, 120, 90, 79, 35, 69, 88, 27, 85, 23, 106, 68, 95, 63, 92, 97, 66, 72, 66, 49, 47, 73, 23, 98, 27
              |84, 70, 13, 76, 70, 62, 37, 69, 83, 43, 58, 113, 66, 21, 35, 51, 95, 50, 85, 51, 89, 102, 92, 53, 65, 35, 50, 71, 35, 104, 81, 87, 64, 83, 52, 61, 93, 82, 31, 39, 67, 68, 88, 89, 96, 74, 8, 81, 34, 34, 45, 109, 89, 68, 82, 77, 57, 53, 41, 64, 43, 29, 55, 88, 96, 35, 72, 69, 80, 61, 61, 54, 65, 68, 36, 36, 106, 92, 99, 56, 33, 76, 41, 53, 23, 98, 45, 59, 70, 59, 68, 58, 59, 42, 26, 16, 65, 30, 96, 24
              |57, 42, 16, 65, 42, 40, 52, 42, 73, 15, 67, 96, 38, 8, 17, 37, 76, 30, 60, 48, 62, 80, 74, 25, 38, 9, 27, 70, 18, 84, 71, 72, 40, 55, 25, 33, 68, 58, 5, 36, 55, 64, 61, 61, 71, 60, 26, 56, 16, 46, 16, 93, 61, 40, 72, 51, 50, 61, 51, 36, 36, 34, 30, 79, 68, 33, 44, 50, 65, 33, 38, 30, 47, 42, 40, 24, 91, 67, 71, 30, 49, 59, 14, 59, 9, 78, 39, 72, 43, 66, 69, 38, 42, 37, 21, 26, 45, 7, 73, 5
              |77, 59, 6, 79, 60, 59, 49, 63, 87, 35, 68, 113, 58, 12, 33, 52, 94, 37, 80, 56, 79, 99, 92, 44, 58, 25, 38, 78, 22, 103, 85, 88, 60, 72, 45, 53, 88, 78, 25, 27, 69, 73, 81, 80, 91, 76, 7, 76, 32, 44, 36, 110, 80, 60, 85, 71, 61, 62, 51, 56, 47, 19, 50, 92, 88, 40, 63, 68, 81, 52, 57, 50, 64, 57, 44, 37, 107, 87, 89, 45, 45, 76, 30, 62, 12, 97, 49, 70, 63, 69, 75, 56, 58, 47, 29, 23, 63, 19, 93, 15
              |54, 72, 76, 13, 71, 30, 68, 46, 15, 57, 57, 32, 56, 72, 50, 30, 18, 90, 42, 37, 83, 30, 16, 59, 51, 70, 83, 36, 83, 28, 12, 6, 36, 81, 52, 55, 43, 30, 61, 102, 14, 29, 51, 70, 40, 7, 85, 38, 51, 63, 61, 28, 66, 55, 13, 44, 27, 55, 59, 52, 38, 100, 43, 19, 70, 47, 59, 20, 2, 62, 35, 40, 21, 81, 51, 45, 25, 39, 81, 76, 69, 9, 71, 49, 75, 21, 37, 68, 51, 53, 43, 30, 24, 40, 55, 65, 24, 72, 35, 70
              |18, 16, 55, 63, 15, 28, 82, 10, 69, 25, 88, 77, 1, 47, 38, 42, 56, 43, 26, 63, 30, 54, 55, 15, 5, 35, 35, 79, 45, 60, 66, 60, 20, 26, 15, 6, 34, 31, 36, 64, 52, 71, 24, 23, 39, 54, 65, 25, 38, 75, 23, 76, 22, 1, 67, 17, 58, 82, 77, 5, 52, 68, 19, 74, 29, 55, 5, 36, 54, 9, 23, 22, 37, 25, 64, 43, 75, 35, 34, 25, 80, 47, 31, 78, 47, 57, 53, 96, 6, 85, 82, 31, 39, 54, 50, 60, 33, 40, 43, 44
              |52, 72, 80, 18, 71, 31, 74, 45, 19, 59, 64, 27, 56, 76, 53, 35, 12, 91, 39, 43, 81, 24, 9, 61, 51, 73, 84, 42, 86, 22, 17, 5, 36, 80, 54, 55, 39, 28, 64, 104, 19, 35, 48, 68, 36, 13, 89, 36, 55, 69, 63, 24, 63, 54, 18, 42, 33, 62, 65, 52, 44, 103, 44, 22, 67, 52, 58, 21, 6, 62, 36, 42, 23, 81, 56, 50, 21, 35, 78, 77, 75, 10, 73, 55, 78, 15, 42, 74, 50, 59, 48, 32, 28, 45, 59, 70, 26, 75, 30, 74
              |70, 51, 9, 79, 52, 55, 55, 57, 87, 29, 73, 111, 51, 9, 31, 51, 91, 28, 74, 59, 71, 96, 89, 37, 52, 17, 29, 80, 13, 99, 84, 86, 55, 64, 39, 46, 83, 73, 20, 23, 69, 75, 75, 72, 86, 75, 15, 71, 30, 50, 29, 108, 73, 53, 85, 65, 62, 67, 56, 50, 48, 19, 45, 92, 80, 42, 56, 65, 79, 45, 53, 46, 62, 48, 47, 36, 105, 82, 81, 36, 51, 74, 22, 66, 6, 94, 50, 76, 57, 73, 78, 53, 57, 48, 30, 28, 60, 12, 88, 11
              |56, 60, 45, 29, 60, 23, 41, 41, 37, 34, 41, 65, 46, 42, 20, 6, 48, 65, 50, 16, 77, 56, 45, 41, 42, 44, 60, 34, 56, 57, 34, 38, 31, 72, 35, 42, 56, 41, 33, 72, 19, 27, 57, 69, 57, 26, 52, 45, 21, 35, 39, 61, 66, 47, 35, 45, 13, 36, 34, 42, 7, 69, 28, 42, 72, 15, 52, 25, 32, 48, 26, 25, 20, 66, 21, 14, 57, 53, 80, 57, 40, 29, 46, 31, 45, 51, 7, 50, 45, 38, 36, 18, 13, 9, 22, 33, 22, 44, 54, 40
              |85, 90, 62, 32, 89, 52, 30, 70, 36, 62, 14, 72, 76, 62, 46, 35, 62, 91, 76, 14, 107, 74, 59, 71, 72, 69, 87, 14, 79, 72, 36, 47, 60, 102, 65, 72, 81, 66, 58, 93, 33, 16, 84, 98, 80, 38, 66, 72, 47, 28, 67, 66, 95, 77, 36, 74, 21, 12, 21, 72, 26, 86, 58, 39, 101, 28, 82, 49, 44, 78, 55, 55, 45, 95, 23, 39, 62, 78, 110, 85, 32, 47, 73, 7, 66, 65, 25, 24, 75, 9, 9, 47, 40, 25, 40, 43, 48, 68, 76, 62
              |16, 33, 86, 79, 32, 50, 111, 32, 84, 55, 113, 77, 32, 78, 68, 67, 60, 67, 27, 88, 24, 52, 60, 45, 33, 65, 60, 100, 73, 59, 81, 71, 42, 28, 46, 37, 28, 38, 66, 90, 71, 91, 18, 11, 33, 70, 96, 31, 68, 104, 53, 79, 9, 30, 82, 28, 81, 109, 105, 35, 79, 97, 47, 87, 3, 84, 26, 53, 67, 37, 46, 49, 57, 42, 92, 72, 80, 31, 14, 49, 109, 61, 60, 103, 77, 59, 79, 122, 29, 110, 104, 55, 62, 81, 80, 90, 53, 70, 40, 75
              |28, 9, 50, 70, 9, 35, 82, 21, 77, 21, 90, 87, 10, 41, 38, 46, 66, 32, 37, 66, 28, 65, 65, 11, 14, 28, 25, 84, 36, 70, 74, 69, 28, 23, 16, 10, 45, 42, 32, 54, 59, 76, 34, 27, 50, 62, 59, 36, 37, 75, 18, 86, 28, 12, 75, 28, 63, 85, 78, 13, 55, 60, 23, 82, 35, 56, 12, 44, 63, 3, 30, 26, 45, 16, 65, 44, 85, 45, 36, 14, 79, 56, 23, 81, 41, 67, 56, 97, 17, 88, 86, 37, 45, 56, 49, 58, 41, 33, 54, 39
              |88, 92, 61, 37, 92, 55, 26, 74, 41, 64, 9, 77, 79, 62, 47, 38, 67, 92, 80, 17, 110, 79, 64, 73, 75, 70, 88, 18, 79, 77, 41, 52, 63, 105, 67, 75, 85, 70, 59, 92, 38, 21, 88, 101, 85, 42, 64, 76, 48, 24, 69, 71, 98, 79, 41, 77, 25, 7, 17, 75, 28, 84, 61, 44, 105, 28, 84, 54, 49, 80, 59, 58, 49, 97, 22, 40, 67, 82, 113, 87, 28, 51, 74, 3, 66, 70, 27, 19, 78, 5, 12, 50, 43, 26, 40, 42, 52, 68, 81, 62
              |8, 24, 75, 72, 23, 40, 100, 21, 77, 44, 103, 75, 20, 66, 56, 57, 56, 57, 22, 78, 22, 50, 56, 34, 22, 54, 50, 91, 63, 57, 74, 65, 32, 24, 34, 26, 26, 32, 55, 80, 63, 83, 13, 8, 32, 63, 84, 24, 57, 93, 42, 76, 4, 19, 75, 19, 71, 98, 94, 23, 68, 86, 36, 81, 10, 73, 15, 45, 60, 26, 36, 38, 48, 34, 81, 61, 76, 29, 19, 39, 98, 54, 49, 93, 66, 56, 69, 112, 17, 100, 95, 45, 52, 70, 68, 79, 44, 59, 38, 63
              |7, 35, 75, 59, 33, 31, 94, 17, 63, 44, 94, 60, 24, 67, 53, 48, 41, 65, 7, 69, 37, 35, 41, 37, 22, 57, 58, 80, 68, 42, 60, 51, 24, 38, 34, 28, 12, 18, 55, 86, 51, 71, 3, 23, 17, 50, 85, 10, 54, 87, 44, 61, 18, 21, 61, 9, 61, 90, 87, 24, 60, 90, 31, 67, 22, 66, 21, 33, 47, 31, 28, 33, 37, 45, 74, 55, 61, 14, 33, 47, 92, 40, 53, 84, 68, 41, 61, 103, 17, 90, 84, 36, 42, 63, 65, 76, 33, 62, 23, 64
              |20, 25, 81, 83, 24, 51, 110, 32, 89, 51, 114, 85, 28, 72, 65, 67, 67, 58, 33, 89, 14, 60, 67, 40, 31, 59, 51, 103, 66, 67, 86, 77, 43, 18, 43, 34, 36, 44, 62, 82, 74, 94, 24, 4, 41, 74, 90, 36, 66, 102, 48, 87, 8, 27, 87, 30, 82, 109, 104, 32, 78, 89, 45, 93, 8, 82, 22, 56, 72, 32, 47, 48, 60, 32, 91, 70, 87, 39, 7, 41, 107, 65, 54, 104, 71, 67, 79, 122, 28, 111, 107, 56, 63, 81, 77, 87, 56, 64, 48, 69
              |15, 20, 74, 77, 18, 44, 102, 25, 83, 44, 107, 82, 21, 66, 58, 60, 63, 53, 29, 82, 15, 57, 63, 34, 24, 52, 46, 96, 60, 64, 80, 72, 36, 17, 35, 26, 34, 39, 55, 76, 68, 88, 21, 3, 39, 69, 83, 31, 58, 95, 41, 83, 6, 20, 81, 25, 76, 102, 97, 25, 71, 83, 38, 87, 11, 75, 15, 50, 67, 25, 40, 41, 53, 28, 84, 63, 83, 36, 14, 36, 100, 60, 47, 97, 65, 63, 72, 115, 21, 104, 100, 49, 57, 74, 70, 80, 49, 58, 45, 63
              |82, 57, 28, 99, 59, 73, 72, 70, 107, 45, 92, 129, 62, 29, 51, 70, 109, 25, 88, 79, 74, 112, 107, 49, 64, 31, 31, 100, 18, 116, 104, 105, 71, 67, 54, 59, 97, 89, 38, 3, 88, 95, 87, 80, 101, 94, 28, 86, 49, 68, 43, 127, 82, 65, 105, 79, 82, 86, 75, 62, 68, 9, 61, 112, 88, 63, 66, 83, 98, 55, 70, 62, 80, 51, 67, 56, 124, 96, 86, 41, 68, 93, 33, 86, 25, 111, 70, 94, 69, 93, 98, 71, 76, 68, 51, 47, 78, 28, 103, 30
              |33, 20, 40, 63, 20, 29, 71, 21, 71, 11, 80, 85, 14, 32, 27, 37, 64, 31, 39, 57, 39, 64, 62, 0, 15, 20, 24, 76, 31, 70, 68, 65, 25, 33, 7, 9, 47, 41, 22, 50, 52, 68, 38, 37, 52, 56, 50, 37, 27, 64, 8, 83, 36, 16, 69, 30, 54, 74, 68, 13, 45, 53, 16, 76, 44, 46, 19, 40, 58, 9, 25, 19, 39, 24, 54, 33, 81, 47, 47, 16, 69, 51, 16, 71, 32, 65, 46, 87, 20, 78, 77, 30, 38, 47, 38, 47, 35, 25, 55, 29
              |82, 59, 25, 96, 60, 72, 68, 70, 104, 44, 88, 128, 63, 26, 49, 68, 108, 28, 88, 76, 76, 111, 105, 49, 65, 30, 33, 97, 19, 115, 102, 104, 71, 69, 53, 59, 97, 89, 37, 8, 86, 92, 88, 81, 101, 92, 23, 85, 47, 64, 42, 125, 83, 65, 103, 79, 80, 82, 71, 62, 65, 5, 60, 110, 90, 59, 67, 81, 96, 56, 69, 61, 78, 53, 64, 54, 122, 96, 88, 43, 64, 91, 33, 82, 23, 110, 68, 90, 69, 89, 95, 69, 74, 65, 48, 43, 76, 26, 103, 28
              |62, 45, 13, 72, 45, 47, 55, 48, 80, 21, 71, 103, 43, 5, 24, 44, 83, 27, 66, 54, 64, 87, 81, 29, 43, 9, 26, 75, 13, 91, 78, 79, 47, 57, 31, 38, 74, 65, 12, 29, 62, 70, 67, 65, 78, 67, 22, 63, 23, 49, 21, 100, 65, 45, 78, 57, 56, 65, 55, 41, 42, 27, 37, 85, 72, 38, 48, 57, 72, 37, 44, 37, 54, 43, 44, 30, 98, 73, 74, 31, 51, 66, 15, 63, 3, 85, 45, 75, 48, 70, 74, 45, 49, 43, 26, 27, 52, 4, 80, 4
              |66, 90, 104, 37, 89, 53, 95, 64, 32, 82, 81, 4, 74, 99, 77, 58, 18, 113, 52, 64, 96, 24, 20, 82, 70, 96, 105, 57, 109, 17, 32, 23, 57, 96, 75, 75, 48, 43, 88, 127, 42, 52, 60, 81, 43, 35, 113, 50, 78, 90, 85, 4, 76, 73, 32, 58, 55, 80, 86, 72, 67, 127, 66, 30, 78, 75, 76, 43, 29, 81, 57, 64, 46, 99, 78, 73, 7, 45, 90, 97, 96, 33, 95, 74, 102, 17, 65, 91, 68, 76, 64, 55, 51, 68, 83, 94, 48, 98, 36, 97
              |89, 79, 26, 68, 80, 62, 21, 73, 75, 50, 43, 108, 73, 33, 37, 48, 91, 64, 88, 41, 99, 99, 88, 60, 71, 46, 63, 59, 49, 101, 74, 81, 66, 93, 58, 67, 95, 82, 39, 55, 61, 57, 92, 97, 97, 68, 24, 83, 36, 19, 53, 103, 96, 74, 74, 80, 49, 38, 26, 69, 37, 45, 58, 80, 103, 28, 78, 67, 75, 69, 62, 57, 63, 79, 26, 35, 99, 93, 107, 67, 17, 73, 52, 40, 36, 94, 39, 43, 76, 45, 55, 57, 56, 35, 25, 14, 63, 42, 96, 35
              |35, 14, 43, 71, 14, 37, 78, 25, 79, 17, 88, 91, 16, 35, 34, 46, 70, 26, 43, 65, 34, 70, 68, 8, 19, 22, 18, 84, 29, 75, 76, 72, 31, 27, 15, 14, 51, 46, 26, 47, 60, 76, 40, 34, 55, 64, 53, 41, 34, 71, 13, 90, 35, 18, 77, 33, 62, 82, 75, 17, 53, 53, 24, 84, 42, 53, 19, 47, 65, 8, 32, 27, 47, 16, 62, 41, 88, 51, 43, 9, 75, 58, 16, 78, 34, 71, 54, 94, 23, 85, 85, 38, 46, 54, 45, 53, 43, 27, 59, 32
              |11, 39, 79, 59, 38, 33, 97, 21, 63, 49, 96, 57, 28, 72, 56, 51, 39, 70, 7, 71, 40, 33, 40, 41, 26, 61, 62, 81, 72, 39, 60, 50, 27, 41, 39, 32, 9, 18, 59, 91, 52, 72, 4, 25, 14, 50, 89, 11, 57, 90, 49, 59, 20, 26, 61, 13, 63, 92, 90, 28, 63, 95, 35, 67, 22, 69, 26, 34, 47, 36, 31, 36, 38, 49, 77, 59, 59, 11, 34, 52, 96, 40, 58, 86, 72, 39, 63, 105, 22, 92, 86, 38, 44, 65, 68, 80, 35, 66, 20, 69
              |39, 54, 62, 25, 53, 12, 65, 28, 31, 40, 61, 46, 38, 57, 35, 19, 26, 72, 29, 36, 66, 33, 24, 41, 33, 53, 64, 45, 66, 35, 28, 23, 18, 64, 34, 36, 34, 19, 45, 85, 16, 36, 38, 55, 33, 16, 72, 25, 36, 58, 43, 43, 51, 37, 29, 28, 27, 57, 57, 34, 31, 84, 25, 36, 56, 39, 41, 2, 16, 43, 16, 22, 4, 62, 45, 33, 41, 30, 66, 57, 64, 10, 53, 51, 60, 29, 30, 70, 34, 56, 49, 13, 11, 33, 43, 55, 6, 56, 30, 55
              |54, 52, 33, 41, 52, 25, 41, 38, 49, 23, 48, 75, 40, 29, 7, 13, 57, 53, 51, 25, 70, 64, 54, 32, 37, 31, 48, 46, 43, 66, 47, 50, 30, 65, 27, 35, 58, 45, 20, 59, 31, 39, 56, 64, 60, 37, 41, 47, 8, 34, 28, 72, 62, 41, 48, 44, 26, 42, 36, 36, 13, 56, 23, 55, 69, 14, 46, 31, 43, 40, 25, 21, 27, 56, 23, 2, 69, 56, 75, 46, 39, 39, 34, 38, 32, 60, 15, 55, 41, 46, 46, 20, 21, 15, 12, 24, 27, 31, 59, 27
              |24, 20, 49, 58, 20, 23, 75, 11, 65, 18, 81, 76, 6, 41, 31, 35, 55, 41, 29, 56, 37, 55, 53, 10, 5, 30, 33, 73, 41, 60, 62, 57, 16, 32, 8, 2, 37, 31, 29, 60, 47, 65, 28, 31, 41, 50, 59, 26, 31, 68, 17, 75, 29, 8, 63, 19, 52, 75, 70, 3, 45, 64, 12, 70, 36, 48, 12, 32, 51, 9, 18, 15, 33, 28, 57, 35, 73, 37, 41, 24, 73, 44, 26, 71, 41, 56, 46, 89, 10, 78, 76, 25, 34, 47, 43, 53, 29, 35, 45, 38
              |54, 59, 48, 26, 59, 21, 45, 39, 34, 35, 43, 61, 45, 45, 22, 4, 44, 67, 47, 18, 76, 52, 41, 42, 41, 46, 61, 34, 58, 53, 31, 34, 28, 72, 35, 41, 53, 38, 35, 75, 16, 26, 54, 67, 53, 22, 56, 42, 24, 38, 40, 57, 64, 45, 32, 43, 12, 39, 37, 41, 11, 72, 27, 39, 70, 19, 50, 21, 28, 47, 24, 24, 16, 66, 25, 17, 54, 50, 78, 57, 44, 25, 48, 33, 48, 47, 10, 52, 44, 40, 36, 16, 9, 13, 26, 37, 18, 47, 50, 43
              |87, 94, 68, 29, 93, 54, 36, 73, 32, 67, 17, 68, 80, 69, 51, 38, 60, 97, 77, 19, 110, 72, 57, 75, 75, 75, 92, 7, 85, 70, 32, 44, 62, 106, 69, 76, 81, 67, 64, 99, 33, 13, 86, 101, 80, 36, 73, 73, 52, 35, 72, 62, 97, 80, 32, 75, 22, 18, 28, 75, 31, 93, 62, 34, 103, 34, 85, 50, 43, 82, 58, 59, 46, 99, 30, 44, 58, 78, 112, 90, 39, 46, 78, 13, 73, 63, 29, 27, 78, 12, 2, 49, 42, 30, 46, 50, 50, 74, 75, 68
              |38, 11, 58, 88, 12, 53, 96, 37, 95, 36, 106, 103, 26, 50, 53, 64, 82, 28, 51, 83, 21, 80, 81, 27, 31, 36, 23, 102, 39, 86, 92, 87, 46, 14, 33, 28, 57, 58, 44, 52, 77, 94, 45, 30, 63, 80, 66, 51, 52, 89, 31, 103, 33, 28, 93, 43, 80, 101, 93, 30, 71, 61, 41, 100, 38, 72, 25, 62, 80, 21, 48, 44, 63, 3, 80, 59, 102, 59, 33, 15, 93, 73, 31, 97, 48, 83, 73, 113, 33, 104, 104, 55, 63, 73, 63, 70, 59, 41, 68, 48
              |94, 87, 37, 64, 87, 64, 10, 78, 71, 56, 34, 105, 78, 42, 42, 48, 90, 74, 90, 36, 106, 99, 87, 67, 76, 55, 73, 52, 59, 100, 69, 78, 70, 100, 64, 73, 98, 84, 47, 66, 59, 52, 96, 103, 99, 66, 35, 86, 41, 11, 60, 100, 101, 80, 70, 84, 46, 29, 18, 75, 36, 56, 63, 75, 108, 28, 84, 68, 73, 76, 65, 61, 63, 88, 22, 38, 96, 95, 113, 76, 7, 71, 60, 32, 46, 93, 37, 32, 81, 36, 47, 59, 56, 34, 30, 21, 64, 51, 97, 44
              |44, 31, 29, 61, 31, 31, 61, 30, 69, 3, 72, 88, 25, 21, 18, 33, 67, 30, 47, 50, 50, 70, 65, 12, 25, 11, 24, 70, 24, 74, 66, 65, 29, 44, 12, 20, 56, 47, 10, 43, 50, 63, 48, 48, 60, 55, 39, 44, 17, 54, 4, 86, 48, 27, 67, 38, 49, 66, 58, 23, 38, 45, 19, 75, 55, 37, 31, 41, 58, 21, 28, 21, 39, 32, 45, 25, 83, 55, 58, 22, 58, 52, 11, 63, 21, 69, 39, 78, 30, 70, 71, 30, 36, 39, 28, 36, 37, 15, 62, 18
              |88, 65, 27, 100, 66, 76, 68, 76, 108, 49, 89, 132, 69, 30, 52, 72, 112, 34, 94, 78, 82, 116, 110, 55, 70, 35, 39, 99, 25, 120, 105, 108, 76, 75, 59, 65, 102, 94, 41, 11, 90, 95, 93, 87, 106, 96, 23, 91, 51, 64, 48, 129, 89, 71, 106, 84, 82, 83, 72, 68, 68, 2, 66, 113, 96, 62, 73, 86, 100, 62, 73, 66, 83, 59, 65, 57, 127, 102, 94, 49, 64, 95, 39, 83, 27, 115, 70, 90, 75, 90, 97, 74, 78, 68, 50, 45, 81, 31, 108, 32
              |67, 74, 56, 20, 74, 34, 39, 53, 27, 49, 31, 60, 60, 55, 34, 19, 47, 80, 58, 8, 90, 58, 44, 56, 55, 59, 75, 19, 70, 57, 25, 34, 42, 86, 50, 56, 63, 49, 48, 86, 16, 12, 67, 81, 63, 22, 63, 54, 36, 34, 54, 55, 78, 60, 26, 56, 3, 28, 30, 55, 15, 81, 42, 31, 84, 22, 65, 32, 29, 62, 38, 39, 27, 80, 23, 28, 51, 60, 92, 72, 40, 30, 61, 22, 59, 50, 13, 41, 58, 27, 21, 30, 22, 15, 33, 41, 30, 58, 59, 54
              |80, 89, 68, 22, 88, 48, 41, 67, 25, 63, 24, 61, 74, 67, 48, 33, 52, 94, 70, 17, 104, 64, 50, 71, 69, 72, 89, 5, 83, 62, 25, 37, 56, 100, 64, 70, 74, 59, 61, 98, 25, 5, 79, 94, 72, 29, 73, 66, 49, 38, 68, 55, 91, 74, 25, 69, 17, 24, 31, 69, 28, 92, 56, 28, 96, 33, 79, 43, 35, 77, 52, 53, 39, 95, 30, 41, 51, 70, 106, 86, 43, 38, 75, 18, 71, 55, 26, 34, 72, 19, 9, 43, 35, 27, 45, 51, 43, 72, 68, 66
              |28, 44, 62, 36, 43, 9, 72, 18, 42, 35, 70, 50, 28, 56, 36, 25, 29, 65, 19, 45, 55, 32, 28, 34, 23, 50, 58, 56, 62, 36, 39, 32, 9, 53, 28, 28, 25, 11, 43, 81, 27, 47, 27, 43, 26, 27, 72, 14, 37, 65, 38, 49, 39, 27, 40, 17, 37, 66, 65, 25, 38, 82, 19, 46, 45, 45, 31, 9, 26, 34, 11, 18, 13, 53, 52, 36, 48, 22, 55, 50, 71, 19, 48, 60, 58, 31, 38, 80, 23, 66, 60, 14, 18, 40, 46, 58, 9, 53, 25, 53
              |21, 20, 76, 83, 19, 50, 107, 31, 89, 47, 112, 88, 25, 68, 62, 66, 69, 53, 35, 87, 9, 63, 69, 37, 29, 55, 46, 102, 61, 70, 86, 78, 42, 13, 39, 31, 39, 45, 58, 77, 74, 93, 26, 5, 44, 75, 86, 37, 62, 100, 44, 89, 10, 25, 87, 31, 81, 107, 102, 30, 76, 84, 43, 93, 13, 80, 20, 56, 73, 28, 46, 46, 59, 27, 88, 67, 89, 42, 10, 36, 104, 66, 49, 102, 67, 69, 77, 120, 26, 109, 105, 54, 62, 79, 74, 84, 55, 60, 51, 65
              |50, 33, 24, 68, 34, 39, 61, 37, 76, 11, 74, 96, 31, 16, 22, 40, 75, 24, 55, 54, 53, 78, 73, 17, 32, 4, 19, 75, 16, 82, 73, 73, 37, 46, 20, 26, 63, 55, 9, 35, 57, 68, 55, 53, 67, 62, 34, 52, 21, 55, 9, 93, 53, 33, 74, 46, 54, 68, 60, 30, 42, 37, 27, 81, 60, 40, 36, 49, 66, 25, 35, 28, 47, 33, 47, 29, 91, 63, 62, 21, 58, 60, 5, 66, 15, 77, 44, 80, 37, 73, 75, 37, 43, 43, 29, 35, 44, 8, 69, 13
              |63, 81, 84, 13, 80, 39, 72, 55, 10, 66, 58, 27, 65, 80, 58, 38, 21, 99, 49, 41, 92, 33, 18, 69, 60, 79, 92, 35, 92, 29, 9, 5, 45, 90, 62, 64, 50, 38, 70, 110, 21, 29, 59, 79, 46, 14, 92, 46, 59, 67, 70, 22, 74, 64, 9, 52, 32, 57, 62, 61, 45, 108, 52, 11, 78, 53, 68, 29, 11, 71, 44, 50, 30, 90, 56, 53, 18, 46, 89, 85, 73, 18, 80, 51, 83, 23, 43, 68, 60, 53, 42, 39, 33, 46, 62, 72, 33, 81, 40, 78
              |9, 25, 64, 59, 23, 26, 86, 7, 65, 33, 89, 68, 12, 56, 43, 42, 47, 54, 16, 64, 33, 44, 47, 25, 10, 45, 46, 78, 56, 51, 62, 54, 18, 31, 23, 16, 23, 23, 44, 74, 49, 69, 13, 21, 28, 50, 74, 15, 44, 79, 33, 68, 18, 9, 63, 7, 57, 84, 80, 12, 54, 78, 22, 69, 24, 59, 10, 32, 49, 19, 22, 24, 34, 34, 67, 47, 67, 24, 32, 35, 85, 42, 41, 79, 56, 48, 55, 98, 5, 86, 81, 30, 38, 56, 55, 66, 30, 50, 33, 53
              |9, 22, 64, 62, 21, 28, 88, 9, 67, 33, 91, 71, 10, 56, 44, 45, 50, 52, 18, 66, 30, 47, 50, 24, 10, 45, 44, 80, 55, 53, 65, 57, 20, 28, 23, 15, 25, 25, 44, 73, 52, 72, 14, 19, 30, 53, 74, 18, 45, 81, 32, 71, 16, 8, 66, 10, 60, 86, 82, 12, 56, 78, 23, 72, 22, 60, 8, 34, 51, 18, 24, 26, 37, 32, 69, 48, 70, 26, 30, 34, 86, 45, 40, 81, 56, 51, 57, 100, 5, 88, 84, 33, 40, 58, 56, 67, 33, 49, 36, 53
              |30, 52, 74, 36, 51, 20, 80, 26, 39, 47, 76, 40, 37, 68, 47, 34, 19, 76, 17, 51, 60, 20, 18, 45, 32, 61, 69, 58, 74, 25, 37, 27, 21, 59, 39, 37, 19, 6, 55, 93, 29, 50, 27, 47, 18, 27, 84, 14, 48, 74, 50, 40, 42, 35, 38, 21, 42, 72, 72, 34, 46, 94, 31, 43, 46, 54, 38, 14, 23, 44, 22, 30, 19, 62, 61, 47, 39, 16, 57, 60, 80, 17, 59, 66, 69, 21, 46, 85, 30, 71, 63, 25, 26, 49, 57, 69, 18, 65, 15, 65
              |55, 51, 30, 44, 51, 27, 41, 39, 52, 22, 49, 78, 41, 26, 5, 16, 59, 51, 52, 27, 70, 66, 57, 32, 38, 29, 46, 48, 40, 69, 50, 52, 31, 65, 27, 35, 60, 47, 18, 57, 34, 42, 57, 65, 62, 40, 38, 48, 6, 34, 27, 75, 63, 42, 50, 46, 28, 43, 36, 37, 15, 53, 24, 57, 70, 14, 46, 34, 45, 40, 27, 22, 30, 55, 23, 2, 72, 58, 76, 45, 39, 41, 32, 40, 30, 62, 17, 55, 42, 47, 48, 22, 23, 16, 10, 22, 29, 29, 62, 25
              |75, 63, 11, 66, 63, 51, 34, 59, 74, 34, 53, 102, 57, 16, 24, 40, 84, 47, 75, 42, 82, 91, 81, 44, 56, 29, 46, 63, 33, 93, 71, 76, 54, 76, 43, 52, 83, 71, 23, 42, 57, 59, 78, 81, 86, 64, 15, 71, 23, 29, 37, 98, 80, 59, 72, 67, 48, 47, 36, 54, 33, 34, 45, 79, 88, 26, 63, 59, 69, 53, 50, 44, 54, 62, 28, 25, 95, 81, 91, 50, 31, 66, 35, 47, 19, 87, 35, 56, 61, 53, 60, 47, 48, 33, 16, 8, 54, 25, 86, 18
              |21, 39, 65, 43, 38, 15, 79, 13, 49, 36, 78, 53, 24, 58, 40, 32, 32, 64, 12, 52, 49, 32, 31, 33, 19, 50, 56, 64, 62, 37, 46, 38, 10, 47, 27, 24, 19, 8, 46, 82, 35, 55, 19, 36, 21, 35, 75, 7, 41, 72, 38, 53, 32, 22, 47, 9, 45, 73, 72, 21, 45, 84, 20, 53, 37, 51, 25, 17, 33, 31, 14, 20, 21, 49, 59, 41, 52, 17, 47, 47, 77, 26, 48, 68, 60, 34, 45, 87, 17, 74, 68, 20, 26, 47, 51, 63, 17, 54, 23, 55
              |25, 8, 65, 81, 8, 47, 98, 28, 88, 38, 106, 91, 19, 57, 54, 60, 71, 41, 38, 81, 12, 67, 71, 27, 24, 43, 34, 98, 49, 74, 85, 78, 39, 7, 31, 23, 44, 47, 48, 64, 71, 90, 31, 15, 50, 73, 74, 39, 54, 91, 34, 92, 19, 20, 86, 31, 77, 100, 94, 24, 70, 72, 37, 92, 24, 72, 15, 54, 72, 18, 42, 40, 56, 15, 81, 60, 91, 46, 21, 24, 96, 65, 38, 96, 56, 72, 71, 113, 23, 103, 101, 50, 58, 72, 65, 74, 52, 48, 56, 54
              |36, 62, 86, 40, 60, 33, 90, 37, 41, 59, 83, 31, 47, 80, 59, 45, 13, 88, 23, 60, 67, 8, 14, 57, 43, 74, 80, 63, 86, 13, 39, 27, 33, 67, 51, 48, 19, 16, 68, 105, 37, 55, 31, 52, 15, 32, 96, 22, 61, 84, 62, 32, 47, 45, 40, 30, 50, 80, 82, 45, 57, 107, 43, 43, 49, 65, 47, 25, 26, 55, 35, 42, 30, 72, 71, 58, 32, 16, 61, 71, 90, 23, 72, 74, 82, 12, 56, 93, 40, 79, 69, 37, 37, 59, 69, 81, 30, 77, 8, 77
              |51, 47, 32, 44, 47, 23, 45, 35, 52, 19, 52, 76, 36, 27, 4, 15, 57, 49, 48, 30, 66, 63, 54, 28, 33, 28, 44, 50, 40, 66, 49, 51, 27, 61, 23, 31, 56, 43, 17, 57, 33, 43, 53, 60, 58, 39, 41, 44, 6, 38, 24, 73, 58, 37, 50, 41, 29, 47, 40, 32, 17, 54, 20, 57, 65, 18, 42, 31, 44, 36, 23, 18, 27, 51, 27, 6, 70, 54, 71, 41, 43, 39, 30, 43, 30, 60, 19, 59, 38, 50, 51, 19, 21, 19, 14, 26, 26, 28, 58, 25
              |54, 72, 78, 14, 71, 31, 70, 46, 16, 58, 59, 30, 56, 74, 51, 32, 16, 90, 41, 39, 83, 28, 14, 60, 51, 72, 83, 38, 84, 26, 13, 4, 36, 81, 53, 55, 42, 30, 63, 103, 16, 31, 50, 70, 39, 9, 86, 38, 52, 65, 62, 26, 65, 55, 14, 44, 29, 57, 61, 52, 40, 101, 44, 19, 69, 49, 59, 21, 3, 62, 35, 41, 21, 81, 53, 47, 23, 38, 80, 76, 71, 9, 72, 51, 76, 19, 39, 70, 51, 55, 44, 31, 25, 42, 56, 67, 25, 74, 33, 72
              |50, 24, 40, 85, 25, 52, 81, 42, 92, 26, 95, 107, 32, 33, 42, 57, 86, 10, 59, 74, 40, 86, 84, 22, 35, 20, 3, 94, 19, 91, 89, 87, 47, 33, 29, 30, 67, 63, 30, 33, 73, 87, 56, 46, 72, 78, 47, 57, 41, 75, 21, 106, 48, 34, 90, 50, 73, 89, 80, 33, 62, 41, 39, 98, 54, 60, 34, 62, 80, 24, 47, 41, 61, 17, 68, 49, 104, 67, 52, 8, 78, 73, 15, 86, 30, 87, 63, 100, 39, 93, 95, 52, 59, 63, 49, 54, 58, 23, 76, 31
              |53, 27, 39, 87, 28, 55, 81, 45, 95, 28, 96, 110, 35, 32, 43, 59, 89, 7, 62, 75, 43, 89, 87, 26, 39, 20, 2, 96, 17, 95, 92, 90, 50, 36, 32, 33, 70, 66, 31, 30, 76, 89, 59, 49, 75, 80, 46, 61, 42, 75, 24, 109, 52, 38, 93, 53, 75, 90, 80, 37, 63, 38, 42, 100, 58, 61, 38, 65, 83, 28, 50, 44, 64, 20, 69, 50, 107, 71, 55, 12, 78, 76, 16, 87, 29, 91, 65, 101, 43, 94, 96, 55, 62, 64, 50, 54, 61, 23, 79, 31
              |52, 44, 24, 53, 44, 30, 47, 36, 61, 13, 58, 84, 35, 18, 5, 24, 65, 41, 52, 37, 63, 70, 62, 24, 34, 19, 36, 58, 31, 73, 58, 60, 31, 57, 21, 30, 60, 49, 8, 48, 42, 52, 55, 59, 63, 48, 34, 48, 4, 40, 18, 81, 58, 37, 59, 44, 38, 52, 44, 32, 25, 46, 22, 66, 66, 23, 41, 38, 52, 33, 28, 21, 35, 46, 31, 12, 79, 59, 70, 35, 45, 47, 22, 49, 21, 67, 27, 64, 38, 56, 58, 26, 30, 26, 14, 24, 33, 19, 64, 16
              |42, 29, 31, 61, 29, 30, 62, 28, 69, 2, 72, 87, 23, 23, 19, 33, 66, 31, 46, 50, 49, 68, 64, 10, 23, 13, 24, 70, 25, 73, 66, 64, 28, 43, 10, 18, 54, 45, 12, 45, 50, 63, 46, 46, 58, 54, 41, 43, 18, 55, 3, 85, 46, 25, 67, 36, 49, 67, 59, 21, 38, 47, 18, 74, 53, 38, 29, 40, 57, 19, 26, 19, 38, 31, 46, 26, 82, 53, 56, 21, 59, 51, 12, 63, 23, 68, 40, 79, 28, 71, 71, 29, 36, 40, 29, 37, 36, 17, 60, 20
              |72, 82, 68, 12, 81, 40, 47, 59, 17, 59, 33, 52, 67, 66, 45, 28, 43, 91, 61, 18, 97, 54, 40, 65, 62, 69, 85, 13, 81, 52, 16, 27, 48, 94, 58, 64, 64, 50, 59, 97, 16, 4, 70, 86, 63, 19, 74, 57, 47, 43, 64, 47, 82, 67, 16, 60, 13, 32, 38, 63, 27, 93, 50, 21, 88, 34, 72, 34, 25, 70, 45, 47, 31, 89, 33, 39, 43, 61, 98, 81, 49, 29, 72, 26, 70, 46, 25, 44, 64, 28, 18, 36, 28, 27, 45, 52, 35, 70, 58, 65
              |20, 14, 70, 80, 13, 46, 101, 27, 86, 41, 107, 87, 20, 62, 56, 61, 67, 47, 34, 82, 11, 63, 67, 30, 24, 48, 40, 98, 55, 69, 83, 75, 38, 11, 33, 25, 39, 43, 52, 71, 70, 89, 26, 9, 44, 71, 79, 35, 56, 94, 38, 88, 12, 19, 84, 28, 77, 102, 96, 24, 71, 78, 38, 90, 17, 74, 14, 53, 70, 21, 41, 41, 55, 22, 83, 62, 87, 41, 16, 30, 98, 63, 43, 97, 61, 68, 72, 115, 22, 104, 101, 50, 58, 73, 68, 78, 51, 53, 51, 59
              |65, 89, 103, 36, 88, 53, 94, 63, 31, 81, 80, 5, 74, 98, 76, 57, 18, 112, 51, 63, 96, 24, 19, 81, 69, 95, 105, 56, 108, 17, 31, 22, 56, 96, 75, 74, 48, 43, 87, 127, 41, 51, 60, 81, 43, 34, 112, 50, 77, 89, 85, 3, 76, 72, 31, 58, 54, 79, 85, 71, 66, 126, 65, 29, 78, 74, 75, 43, 28, 81, 57, 64, 45, 99, 77, 72, 6, 45, 90, 97, 95, 33, 94, 73, 101, 17, 64, 90, 68, 75, 63, 54, 50, 67, 82, 93, 48, 98, 36, 96
              |68, 53, 5, 69, 53, 49, 46, 53, 77, 26, 63, 103, 49, 4, 23, 42, 84, 36, 70, 48, 72, 89, 81, 36, 49, 18, 35, 70, 21, 92, 75, 78, 50, 66, 36, 44, 78, 68, 15, 33, 60, 65, 72, 72, 81, 66, 15, 66, 21, 40, 28, 100, 72, 51, 76, 61, 52, 57, 47, 47, 38, 28, 40, 83, 79, 32, 55, 57, 71, 44, 47, 40, 54, 52, 37, 27, 97, 77, 82, 39, 42, 66, 24, 56, 8, 86, 40, 66, 54, 63, 68, 45, 48, 38, 20, 19, 52, 13, 83, 7
              |85, 91, 65, 30, 91, 52, 34, 71, 33, 65, 16, 69, 77, 66, 48, 36, 60, 94, 76, 16, 108, 72, 57, 73, 73, 72, 90, 9, 82, 70, 33, 45, 60, 104, 66, 73, 80, 66, 61, 96, 32, 13, 84, 99, 79, 36, 69, 72, 49, 32, 70, 63, 95, 78, 33, 74, 21, 16, 25, 73, 28, 89, 59, 36, 101, 31, 82, 49, 42, 79, 56, 56, 45, 97, 27, 41, 59, 77, 110, 87, 36, 45, 75, 11, 70, 63, 27, 26, 76, 11, 5, 47, 40, 27, 43, 47, 48, 71, 75, 65
              |32, 54, 75, 34, 53, 21, 80, 28, 38, 48, 75, 38, 39, 68, 48, 34, 17, 78, 19, 51, 62, 19, 16, 46, 34, 62, 70, 57, 75, 23, 35, 25, 22, 61, 40, 39, 21, 8, 56, 94, 28, 48, 28, 49, 19, 25, 84, 16, 49, 74, 51, 38, 44, 37, 36, 23, 41, 71, 72, 36, 46, 95, 32, 41, 47, 54, 40, 14, 21, 46, 24, 31, 19, 64, 60, 47, 37, 17, 59, 61, 80, 16, 61, 65, 70, 19, 45, 85, 32, 70, 62, 25, 26, 48, 57, 69, 18, 66, 15, 66
              |65, 47, 11, 75, 48, 51, 55, 52, 83, 24, 72, 107, 46, 6, 27, 47, 87, 26, 69, 56, 66, 91, 84, 32, 47, 12, 26, 78, 12, 95, 81, 82, 51, 59, 34, 41, 78, 68, 16, 25, 65, 72, 70, 68, 81, 71, 19, 66, 26, 50, 24, 104, 68, 48, 82, 60, 59, 66, 56, 45, 45, 24, 40, 89, 75, 40, 51, 60, 75, 40, 48, 41, 57, 44, 46, 33, 101, 77, 76, 32, 52, 70, 17, 65, 2, 89, 47, 76, 52, 72, 77, 48, 52, 46, 28, 28, 55, 7, 83, 7
              |35, 12, 45, 74, 12, 40, 81, 27, 81, 20, 91, 93, 17, 37, 37, 49, 72, 25, 44, 68, 31, 71, 71, 11, 21, 23, 17, 87, 30, 77, 78, 74, 34, 25, 18, 16, 52, 48, 29, 47, 63, 79, 41, 33, 57, 66, 54, 43, 37, 74, 16, 92, 34, 19, 79, 35, 65, 85, 78, 19, 56, 53, 27, 87, 41, 56, 19, 49, 68, 9, 35, 30, 49, 13, 65, 44, 91, 52, 41, 7, 78, 61, 18, 81, 36, 73, 57, 97, 24, 89, 88, 41, 49, 57, 48, 55, 46, 28, 61, 34
              |23, 26, 82, 87, 25, 54, 112, 35, 92, 53, 117, 88, 31, 74, 68, 70, 70, 59, 36, 92, 12, 63, 70, 43, 34, 61, 52, 106, 67, 70, 89, 80, 46, 17, 45, 36, 39, 47, 64, 82, 77, 97, 27, 7, 44, 78, 92, 39, 68, 105, 50, 90, 11, 30, 90, 34, 85, 112, 107, 35, 81, 90, 48, 96, 10, 85, 25, 60, 75, 34, 50, 51, 63, 33, 94, 73, 90, 42, 4, 42, 110, 69, 55, 107, 73, 70, 82, 125, 30, 114, 110, 59, 66, 83, 80, 89, 59, 66, 51, 71
              |33, 17, 42, 66, 17, 32, 74, 22, 74, 13, 83, 87, 14, 34, 30, 41, 66, 30, 40, 60, 36, 66, 64, 3, 16, 21, 22, 79, 31, 71, 71, 67, 27, 30, 10, 10, 48, 43, 24, 49, 55, 71, 38, 35, 52, 59, 52, 38, 30, 67, 10, 85, 35, 16, 72, 30, 57, 78, 71, 14, 48, 54, 19, 79, 42, 49, 18, 42, 60, 7, 27, 22, 42, 21, 57, 36, 84, 48, 44, 14, 71, 53, 16, 74, 33, 67, 49, 90, 20, 81, 80, 33, 41, 50, 41, 50, 38, 26, 56, 31
              |62, 47, 11, 66, 48, 43, 48, 47, 74, 20, 64, 99, 43, 4, 18, 38, 79, 34, 64, 47, 67, 84, 76, 30, 43, 13, 31, 68, 20, 87, 72, 74, 44, 61, 30, 38, 73, 62, 9, 35, 56, 63, 66, 66, 76, 62, 21, 61, 17, 42, 22, 95, 66, 45, 72, 55, 50, 58, 48, 41, 36, 32, 34, 79, 74, 31, 49, 52, 66, 39, 41, 34, 49, 47, 37, 24, 93, 71, 76, 35, 45, 62, 19, 56, 8, 81, 38, 68, 48, 63, 67, 40, 44, 36, 19, 21, 47, 10, 77, 3
              |80, 57, 22, 93, 58, 69, 66, 68, 102, 41, 86, 125, 60, 23, 46, 65, 105, 27, 85, 73, 75, 108, 103, 47, 62, 27, 31, 95, 16, 113, 99, 101, 68, 67, 51, 56, 94, 86, 34, 9, 83, 90, 85, 79, 98, 89, 22, 83, 44, 62, 40, 122, 81, 63, 100, 76, 77, 80, 69, 60, 63, 7, 58, 107, 87, 57, 65, 79, 94, 53, 66, 59, 76, 51, 61, 51, 120, 93, 86, 41, 62, 88, 31, 80, 20, 107, 65, 88, 67, 87, 93, 66, 71, 63, 45, 41, 74, 24, 100, 25
              |84, 74, 24, 63, 75, 56, 21, 67, 70, 44, 42, 102, 67, 29, 31, 42, 85, 61, 82, 36, 94, 94, 83, 55, 65, 42, 60, 55, 46, 95, 69, 75, 61, 88, 53, 62, 89, 76, 34, 54, 56, 53, 86, 91, 91, 63, 24, 77, 30, 17, 48, 97, 90, 69, 69, 75, 44, 36, 25, 64, 31, 45, 53, 75, 97, 23, 73, 62, 69, 64, 56, 51, 57, 75, 21, 29, 94, 87, 102, 63, 17, 67, 47, 37, 33, 88, 33, 43, 70, 43, 51, 51, 50, 30, 19, 8, 57, 38, 90, 31
              |92, 98, 70, 35, 98, 59, 35, 78, 37, 71, 13, 73, 85, 71, 55, 43, 66, 100, 83, 23, 115, 78, 63, 80, 80, 78, 96, 12, 88, 75, 38, 50, 67, 111, 74, 80, 87, 72, 67, 101, 39, 19, 91, 106, 86, 42, 74, 79, 56, 34, 76, 67, 103, 85, 38, 81, 28, 16, 27, 80, 35, 94, 67, 39, 109, 37, 90, 56, 48, 86, 63, 64, 52, 104, 31, 48, 63, 84, 117, 94, 38, 52, 82, 13, 75, 69, 34, 22, 83, 9, 5, 55, 47, 34, 49, 52, 55, 77, 81, 71
              |43, 19, 39, 78, 20, 45, 78, 35, 86, 20, 90, 100, 25, 32, 37, 51, 79, 17, 52, 68, 38, 79, 77, 15, 28, 18, 9, 88, 22, 84, 83, 80, 40, 31, 22, 23, 60, 55, 26, 39, 67, 81, 49, 41, 65, 71, 48, 50, 36, 72, 15, 98, 43, 27, 84, 43, 67, 84, 76, 26, 56, 45, 32, 91, 49, 56, 28, 55, 73, 17, 40, 34, 54, 16, 64, 44, 97, 60, 48, 4, 75, 66, 12, 81, 30, 80, 58, 96, 32, 89, 89, 45, 53, 58, 46, 52, 51, 22, 69, 29
              |51, 58, 51, 24, 58, 18, 49, 37, 32, 36, 46, 57, 43, 47, 24, 5, 40, 68, 43, 21, 74, 48, 37, 41, 39, 47, 62, 35, 60, 49, 29, 31, 26, 70, 34, 40, 49, 34, 37, 77, 13, 27, 51, 64, 49, 19, 59, 39, 26, 42, 40, 54, 61, 43, 30, 40, 14, 42, 41, 39, 15, 75, 26, 37, 67, 23, 48, 17, 24, 46, 22, 23, 12, 65, 29, 20, 50, 46, 76, 57, 48, 21, 49, 36, 50, 43, 14, 55, 41, 42, 38, 13, 6, 17, 29, 40, 15, 48, 47, 45
              |65, 63, 34, 40, 63, 34, 30, 49, 48, 34, 37, 78, 52, 33, 17, 18, 61, 61, 60, 17, 81, 70, 59, 43, 48, 39, 57, 39, 49, 71, 46, 51, 40, 76, 38, 47, 67, 53, 28, 64, 32, 34, 66, 75, 69, 39, 40, 56, 17, 23, 38, 74, 73, 52, 47, 55, 22, 31, 25, 48, 8, 59, 34, 53, 80, 3, 57, 38, 45, 51, 35, 32, 33, 67, 11, 10, 70, 65, 87, 56, 29, 43, 43, 28, 37, 64, 10, 44, 52, 35, 38, 29, 26, 7, 11, 19, 34, 38, 67, 32
              |42, 33, 31, 55, 33, 25, 58, 27, 63, 4, 67, 82, 25, 24, 14, 27, 62, 36, 44, 44, 52, 65, 59, 13, 23, 17, 30, 64, 30, 69, 60, 59, 25, 47, 10, 19, 52, 42, 11, 49, 44, 57, 46, 49, 56, 49, 41, 41, 13, 51, 9, 80, 48, 26, 61, 35, 43, 61, 54, 22, 32, 49, 14, 68, 55, 33, 30, 35, 52, 22, 22, 15, 33, 37, 41, 20, 77, 51, 59, 27, 55, 46, 17, 58, 25, 64, 34, 74, 28, 65, 65, 24, 30, 34, 25, 34, 31, 20, 57, 21
              |102, 100, 56, 58, 100, 69, 11, 86, 63, 70, 16, 99, 89, 60, 53, 52, 87, 92, 96, 33, 119, 98, 84, 80, 86, 72, 90, 39, 78, 97, 62, 73, 76, 113, 76, 84, 102, 87, 62, 86, 57, 42, 103, 113, 102, 62, 56, 91, 53, 17, 74, 93, 111, 90, 62, 91, 43, 14, 13, 85, 39, 77, 72, 66, 117, 35, 95, 70, 69, 88, 72, 69, 65, 103, 26, 47, 89, 99, 124, 91, 15, 70, 77, 20, 64, 90, 39, 11, 90, 20, 33, 64, 59, 37, 42, 38, 68, 69, 99, 61
              |42, 52, 55, 26, 52, 9, 58, 29, 33, 34, 56, 52, 37, 50, 28, 12, 33, 67, 33, 31, 66, 40, 31, 37, 32, 48, 60, 43, 60, 42, 30, 28, 17, 63, 30, 34, 39, 24, 39, 79, 15, 34, 41, 56, 39, 18, 64, 29, 29, 52, 39, 50, 52, 36, 31, 30, 23, 52, 51, 33, 24, 78, 21, 38, 58, 32, 41, 8, 21, 41, 14, 18, 3, 60, 39, 26, 47, 36, 67, 54, 58, 16, 48, 46, 53, 36, 24, 65, 34, 52, 46, 7, 4, 26, 36, 48, 5, 50, 37, 48
              |91, 95, 61, 40, 94, 58, 24, 76, 44, 66, 6, 80, 82, 63, 49, 41, 70, 93, 83, 20, 112, 82, 67, 75, 78, 71, 89, 20, 80, 80, 44, 55, 66, 107, 69, 77, 88, 74, 61, 92, 41, 24, 91, 104, 88, 46, 64, 79, 50, 24, 71, 74, 101, 82, 44, 80, 28, 5, 16, 77, 31, 85, 64, 47, 107, 30, 87, 57, 52, 82, 62, 61, 52, 99, 23, 42, 70, 85, 116, 89, 27, 54, 75, 4, 67, 73, 29, 16, 81, 3, 14, 53, 46, 29, 41, 42, 55, 70, 84, 63
              |100, 102, 66, 48, 102, 67, 24, 85, 51, 73, 3, 87, 90, 69, 56, 49, 78, 99, 92, 28, 120, 90, 75, 83, 86, 78, 96, 26, 86, 88, 51, 63, 74, 115, 77, 85, 97, 82, 67, 97, 49, 31, 100, 113, 96, 54, 68, 87, 57, 26, 78, 81, 110, 90, 51, 89, 36, 9, 19, 85, 39, 89, 72, 53, 116, 37, 95, 65, 60, 90, 70, 69, 60, 106, 29, 50, 77, 94, 124, 96, 28, 63, 82, 13, 73, 81, 38, 8, 89, 7, 19, 62, 55, 37, 48, 47, 64, 76, 92, 69
              |5, 28, 69, 60, 27, 28, 90, 11, 65, 38, 92, 65, 17, 61, 48, 45, 45, 58, 12, 67, 33, 41, 45, 30, 15, 50, 50, 79, 61, 48, 62, 54, 21, 33, 28, 21, 19, 21, 49, 79, 51, 71, 8, 20, 24, 51, 79, 13, 49, 83, 38, 66, 16, 14, 63, 7, 60, 87, 84, 17, 57, 84, 26, 69, 21, 63, 14, 33, 49, 24, 25, 28, 36, 38, 71, 51, 65, 20, 31, 40, 89, 42, 46, 82, 62, 46, 58, 101, 10, 88, 83, 33, 40, 60, 60, 71, 32, 55, 30, 58
              |30, 55, 81, 41, 54, 28, 88, 30, 44, 54, 83, 37, 40, 75, 55, 42, 18, 81, 16, 59, 60, 14, 18, 50, 36, 68, 74, 64, 80, 20, 41, 30, 27, 60, 45, 42, 14, 9, 62, 99, 36, 56, 25, 46, 11, 33, 91, 15, 56, 82, 56, 38, 41, 39, 42, 23, 49, 79, 80, 38, 54, 101, 37, 47, 44, 62, 41, 22, 28, 48, 30, 37, 27, 65, 69, 54, 38, 11, 55, 64, 88, 23, 65, 74, 76, 18, 54, 93, 34, 78, 70, 32, 34, 56, 65, 77, 26, 71, 7, 72
              |48, 68, 79, 21, 67, 28, 75, 41, 23, 57, 66, 29, 52, 74, 51, 34, 11, 88, 34, 44, 77, 22, 8, 57, 47, 70, 81, 45, 83, 21, 21, 9, 33, 76, 51, 51, 35, 24, 62, 102, 20, 37, 44, 64, 32, 14, 88, 32, 53, 69, 60, 26, 59, 51, 21, 38, 34, 63, 66, 49, 43, 101, 41, 26, 63, 52, 54, 18, 8, 58, 33, 39, 21, 77, 57, 48, 24, 31, 74, 73, 75, 8, 70, 57, 76, 14, 42, 76, 46, 61, 51, 30, 26, 45, 58, 69, 23, 73, 26, 72
              |87, 81, 33, 60, 81, 58, 12, 71, 66, 50, 33, 100, 72, 38, 35, 42, 84, 69, 84, 32, 100, 93, 81, 61, 70, 50, 68, 49, 55, 94, 65, 73, 63, 94, 58, 67, 91, 78, 41, 63, 54, 48, 89, 96, 93, 60, 33, 80, 35, 9, 54, 95, 95, 73, 65, 78, 41, 28, 16, 68, 30, 54, 56, 70, 102, 22, 78, 62, 67, 70, 59, 54, 57, 82, 17, 32, 91, 89, 107, 70, 9, 66, 55, 30, 41, 87, 31, 34, 74, 35, 44, 53, 50, 28, 23, 15, 58, 46, 91, 39
              |58, 65, 51, 22, 64, 25, 43, 44, 30, 40, 39, 60, 50, 48, 27, 9, 44, 72, 50, 14, 81, 53, 41, 47, 46, 50, 66, 29, 62, 53, 28, 33, 33, 77, 40, 46, 55, 41, 40, 79, 13, 21, 58, 71, 55, 20, 59, 45, 28, 37, 45, 55, 68, 50, 28, 47, 7, 35, 35, 46, 11, 75, 32, 35, 74, 20, 55, 24, 27, 52, 29, 29, 19, 71, 24, 21, 52, 52, 83, 62, 43, 25, 52, 29, 52, 47, 9, 49, 48, 35, 31, 20, 13, 13, 28, 38, 22, 51, 52, 47
              |29, 37, 52, 41, 36, 6, 67, 14, 48, 25, 69, 61, 21, 46, 27, 22, 40, 55, 24, 43, 51, 42, 38, 24, 16, 39, 48, 58, 52, 47, 45, 41, 3, 48, 17, 19, 32, 20, 33, 71, 31, 49, 30, 41, 34, 33, 62, 20, 28, 60, 28, 59, 38, 21, 46, 18, 37, 64, 61, 17, 34, 72, 8, 53, 45, 39, 26, 16, 34, 26, 1, 8, 16, 45, 47, 29, 57, 30, 53, 40, 66, 27, 38, 59, 47, 42, 34, 77, 18, 65, 61, 10, 18, 36, 38, 50, 12, 42, 35, 43
              |67, 70, 46, 30, 69, 34, 32, 52, 37, 42, 30, 69, 57, 45, 26, 16, 54, 72, 60, 6, 87, 64, 51, 51, 53, 50, 67, 27, 61, 64, 35, 42, 41, 82, 45, 52, 66, 51, 39, 76, 24, 22, 67, 79, 66, 30, 52, 55, 27, 26, 47, 64, 76, 57, 36, 56, 11, 25, 24, 52, 6, 71, 39, 42, 83, 11, 62, 34, 37, 58, 37, 36, 29, 75, 13, 19, 61, 63, 91, 65, 32, 36, 53, 21, 49, 57, 4, 39, 56, 27, 27, 29, 23, 5, 23, 30, 32, 49, 63, 44
              |5, 32, 78, 66, 31, 37, 100, 21, 71, 47, 101, 66, 24, 70, 57, 54, 48, 64, 15, 75, 31, 42, 48, 38, 24, 59, 57, 87, 68, 49, 68, 59, 30, 33, 37, 29, 17, 26, 58, 86, 58, 78, 5, 16, 23, 57, 88, 18, 58, 93, 46, 68, 11, 22, 69, 15, 68, 96, 93, 26, 67, 91, 36, 75, 14, 72, 20, 40, 54, 31, 34, 38, 44, 42, 80, 61, 68, 20, 25, 46, 98, 48, 54, 91, 70, 48, 67, 110, 19, 97, 91, 42, 49, 69, 69, 81, 40, 63, 29, 67
              |76, 65, 16, 62, 66, 50, 30, 60, 70, 36, 48, 100, 59, 20, 24, 38, 82, 52, 75, 37, 85, 89, 79, 47, 57, 33, 50, 58, 37, 91, 68, 73, 54, 79, 45, 53, 83, 70, 25, 47, 54, 55, 79, 83, 85, 61, 19, 71, 23, 24, 39, 96, 82, 60, 69, 67, 44, 42, 31, 56, 30, 39, 45, 75, 89, 22, 65, 57, 67, 55, 50, 44, 52, 66, 24, 24, 92, 81, 93, 54, 26, 64, 38, 42, 24, 85, 32, 51, 62, 49, 55, 46, 46, 29, 14, 3, 52, 29, 85, 22
              |34, 51, 65, 30, 50, 12, 70, 25, 35, 40, 66, 45, 35, 59, 38, 24, 24, 71, 23, 42, 62, 29, 22, 40, 30, 54, 64, 50, 67, 32, 32, 25, 16, 60, 34, 34, 28, 13, 47, 86, 21, 42, 32, 50, 28, 21, 75, 19, 39, 64, 44, 43, 46, 34, 33, 23, 33, 63, 62, 32, 36, 86, 24, 39, 51, 44, 38, 4, 19, 41, 16, 23, 9, 60, 51, 37, 41, 25, 61, 56, 70, 12, 53, 57, 62, 26, 36, 76, 30, 62, 55, 15, 16, 38, 47, 59, 8, 57, 25, 57
              |54, 67, 63, 12, 66, 24, 55, 42, 20, 47, 47, 47, 51, 59, 37, 17, 31, 79, 44, 24, 80, 41, 28, 51, 46, 59, 73, 30, 72, 41, 17, 20, 31, 77, 44, 48, 48, 33, 49, 89, 1, 21, 53, 69, 47, 7, 71, 40, 38, 49, 51, 42, 65, 50, 18, 43, 14, 44, 46, 47, 24, 87, 35, 25, 71, 33, 55, 17, 14, 55, 28, 32, 14, 74, 37, 32, 39, 44, 81, 67, 55, 13, 60, 38, 62, 34, 22, 57, 47, 42, 35, 21, 13, 26, 41, 51, 18, 60, 43, 57
              |51, 27, 34, 81, 28, 50, 76, 42, 89, 23, 90, 106, 33, 27, 37, 54, 85, 10, 59, 69, 45, 86, 83, 21, 36, 14, 4, 90, 14, 91, 86, 85, 46, 38, 27, 30, 68, 62, 25, 30, 70, 83, 57, 49, 72, 75, 42, 57, 36, 69, 18, 104, 51, 35, 87, 50, 69, 84, 74, 33, 57, 37, 37, 95, 58, 55, 36, 60, 77, 25, 45, 39, 59, 22, 63, 44, 102, 68, 56, 11, 72, 71, 10, 81, 24, 86, 59, 95, 40, 88, 90, 49, 56, 58, 44, 49, 55, 18, 76, 25
              |82, 60, 18, 91, 61, 68, 61, 69, 99, 42, 81, 124, 62, 21, 44, 63, 104, 31, 86, 69, 78, 108, 102, 48, 63, 28, 35, 91, 19, 112, 97, 99, 68, 71, 51, 58, 95, 86, 33, 15, 81, 86, 87, 82, 99, 87, 16, 83, 42, 57, 41, 121, 83, 64, 97, 77, 74, 76, 64, 61, 60, 6, 58, 104, 90, 53, 67, 78, 92, 55, 66, 58, 74, 55, 57, 49, 118, 94, 89, 44, 57, 87, 32, 76, 19, 106, 62, 83, 68, 82, 89, 65, 69, 59, 42, 37, 73, 24, 101, 23
              |81, 69, 16, 68, 70, 57, 30, 66, 76, 40, 51, 106, 64, 22, 30, 44, 88, 53, 81, 43, 89, 96, 86, 51, 63, 35, 52, 63, 38, 98, 74, 79, 60, 83, 50, 59, 89, 77, 30, 45, 60, 60, 85, 88, 91, 67, 15, 77, 29, 26, 43, 102, 87, 66, 75, 73, 50, 45, 33, 61, 36, 36, 51, 81, 94, 28, 70, 63, 73, 60, 56, 50, 59, 69, 28, 30, 98, 87, 98, 57, 26, 70, 41, 46, 25, 91, 38, 52, 67, 52, 60, 52, 52, 35, 20, 9, 59, 31, 91, 24|];
