Warehouses = 12;
Stores = 30;

Capacity = [68, 12, 80, 32, 86, 13, 58, 13, 59, 15, 83, 89];
FixedCost = [178, 179, 86, 31, 116, 88, 200, 164, 189, 88, 144, 59];
Goods = [11, 19, 6, 1, 12, 7, 14, 12, 1, 5, 11, 2, 4, 3, 2, 8, 9, 2, 7, 16, 16, 9, 11, 11, 16, 2, 8, 19, 6, 1];
SupplyCost = [|37, 37, 31, 28, 13, 65, 43, 31, 67, 69, 62, 39
              |86, 105, 49, 77, 79, 125, 50, 73, 8, 78, 19, 33
              |27, 33, 42, 37, 16, 67, 54, 24, 73, 79, 71, 44
              |33, 64, 44, 57, 43, 96, 55, 20, 48, 88, 56, 20
              |34, 33, 36, 30, 10, 63, 47, 31, 71, 72, 67, 43
              |72, 33, 49, 21, 31, 28, 52, 71, 99, 55, 85, 76
              |57, 18, 50, 24, 20, 33, 57, 58, 96, 67, 86, 71
              |79, 46, 43, 18, 37, 37, 44, 77, 94, 42, 77, 75
              |20, 41, 46, 45, 25, 76, 58, 15, 70, 86, 71, 40
              |68, 34, 41, 13, 26, 35, 45, 66, 91, 51, 77, 69
              |74, 66, 9, 28, 41, 75, 5, 65, 56, 34, 37, 44
              |85, 92, 30, 58, 65, 105, 26, 73, 31, 52, 7, 36
              |110, 94, 45, 54, 73, 89, 33, 101, 77, 13, 52, 76
              |63, 83, 35, 60, 57, 107, 41, 50, 21, 74, 27, 10
              |89, 88, 26, 50, 62, 96, 16, 79, 47, 36, 23, 47
              |62, 61, 3, 28, 34, 76, 15, 53, 50, 47, 37, 33
              |79, 35, 61, 33, 41, 16, 64, 80, 111, 63, 97, 88
              |108, 89, 45, 49, 70, 82, 34, 100, 81, 5, 56, 77
              |15, 38, 71, 63, 41, 78, 82, 27, 94, 107, 97, 65
              |61, 13, 65, 40, 33, 26, 73, 66, 111, 81, 102, 84
              |7, 42, 61, 57, 36, 80, 73, 15, 82, 100, 85, 52
              |38, 19, 46, 30, 10, 51, 56, 39, 85, 76, 80, 57
              |49, 51, 16, 28, 25, 73, 28, 40, 54, 58, 46, 30
              |59, 77, 29, 54, 51, 101, 36, 47, 27, 70, 29, 8
              |115, 96, 52, 56, 77, 86, 41, 108, 87, 11, 62, 84
              |72, 42, 38, 11, 30, 40, 40, 70, 89, 44, 73, 68
              |24, 65, 57, 66, 49, 100, 69, 12, 60, 101, 70, 34
              |75, 37, 48, 20, 33, 29, 51, 74, 99, 52, 84, 77
              |58, 17, 52, 26, 22, 31, 59, 59, 98, 69, 88, 73
              |16, 35, 54, 49, 27, 72, 66, 19, 80, 92, 81, 50|];
