Warehouses = 15;
Stores = 37;

Capacity = [96, 26, 83, 40, 91, 89, 90, 55, 32, 55, 43, 86, 7, 93, 66];
FixedCost = [51, 173, 44, 135, 144, 126, 177, 42, 112, 70, 102, 32, 70, 39, 39];
Goods = [7, 8, 17, 12, 4, 4, 19, 4, 17, 20, 13, 6, 12, 19, 12, 12, 15, 16, 14, 19, 19, 17, 10, 17, 4, 14, 19, 17, 20, 18, 8, 16, 19, 18, 18, 19, 4];
SupplyCost = [|26, 33, 81, 61, 12, 30, 20, 10, 22, 45, 31, 24, 18, 1, 58
              |62, 49, 85, 80, 58, 45, 53, 56, 67, 60, 77, 68, 46, 47, 11
              |51, 66, 59, 58, 57, 61, 63, 55, 70, 39, 74, 63, 37, 48, 32
              |81, 93, 67, 79, 88, 88, 93, 86, 101, 63, 105, 94, 68, 79, 42
              |41, 66, 51, 47, 49, 61, 60, 47, 64, 28, 65, 54, 29, 42, 42
              |77, 87, 68, 77, 83, 82, 87, 81, 96, 61, 100, 89, 64, 74, 36
              |71, 47, 98, 92, 64, 43, 54, 63, 71, 72, 83, 75, 55, 53, 12
              |39, 54, 62, 54, 42, 49, 49, 40, 55, 34, 60, 49, 24, 33, 36
              |57, 18, 101, 87, 43, 14, 26, 42, 45, 68, 60, 55, 44, 33, 40
              |43, 82, 33, 35, 58, 77, 74, 56, 73, 20, 70, 59, 37, 54, 59
              |30, 42, 70, 56, 28, 37, 35, 26, 40, 36, 46, 36, 14, 18, 43
              |45, 64, 56, 53, 51, 59, 59, 49, 65, 34, 68, 57, 31, 43, 36
              |88, 92, 81, 91, 93, 87, 94, 91, 105, 74, 110, 100, 75, 83, 35
              |64, 8, 113, 97, 47, 8, 23, 46, 44, 79, 61, 59, 53, 39, 53
              |57, 47, 83, 77, 54, 42, 49, 52, 63, 56, 72, 64, 41, 42, 16
              |42, 69, 49, 46, 52, 64, 63, 50, 66, 28, 67, 56, 31, 45, 44
              |48, 61, 62, 59, 53, 56, 58, 51, 65, 39, 70, 59, 34, 43, 30
              |54, 67, 60, 61, 60, 62, 65, 57, 72, 42, 76, 65, 40, 50, 31
              |68, 42, 98, 91, 60, 38, 49, 59, 66, 71, 79, 71, 52, 49, 17
              |38, 74, 40, 36, 51, 69, 66, 49, 66, 18, 64, 53, 30, 46, 53
              |33, 26, 87, 67, 16, 23, 14, 15, 21, 51, 33, 28, 24, 8, 57
              |47, 66, 55, 53, 54, 61, 62, 52, 68, 34, 70, 59, 34, 46, 37
              |37, 26, 95, 73, 16, 25, 10, 17, 11, 59, 28, 27, 33, 16, 68
              |73, 51, 98, 94, 68, 47, 58, 66, 74, 73, 86, 78, 58, 56, 10
              |36, 23, 92, 71, 17, 21, 9, 17, 18, 56, 33, 29, 29, 12, 61
              |79, 80, 78, 84, 82, 75, 82, 80, 93, 66, 100, 89, 64, 72, 25
              |62, 33, 98, 88, 53, 28, 40, 51, 57, 68, 71, 64, 47, 41, 25
              |72, 63, 85, 85, 71, 58, 67, 69, 80, 65, 89, 80, 56, 59, 7
              |71, 34, 107, 97, 60, 30, 44, 59, 63, 77, 78, 72, 56, 49, 28
              |57, 6, 112, 92, 38, 10, 12, 38, 31, 76, 49, 49, 49, 33, 63
              |18, 72, 43, 22, 38, 68, 60, 36, 53, 8, 45, 34, 22, 38, 71
              |40, 73, 42, 40, 52, 68, 66, 50, 67, 21, 66, 54, 31, 46, 51
              |29, 65, 47, 37, 41, 60, 56, 39, 56, 17, 55, 43, 20, 36, 52
              |56, 74, 56, 59, 64, 69, 71, 62, 77, 41, 80, 69, 44, 55, 36
              |48, 28, 89, 76, 38, 23, 30, 37, 45, 56, 57, 50, 33, 27, 34
              |53, 10, 103, 86, 37, 5, 17, 36, 36, 68, 53, 49, 42, 28, 49
              |30, 53, 90, 63, 20, 52, 37, 22, 17, 56, 3, 14, 38, 31, 89|];
