Warehouses = 20;
Stores = 50;

Capacity = [80, 89, 55, 75, 37, 96, 2, 43, 52, 32, 5, 96, 14, 90, 47, 68, 4, 11, 4, 37];
FixedCost = [160, 136, 151, 192, 102, 56, 86, 122, 60, 104, 75, 71, 91, 182, 192, 65, 30, 39, 75, 98];
Goods = [2, 15, 10, 17, 20, 20, 12, 19, 13, 20, 20, 14, 6, 4, 13, 1, 11, 14, 9, 8, 15, 2, 19, 18, 6, 12, 7, 12, 19, 8, 13, 18, 20, 3, 2, 7, 17, 2, 5, 15, 18, 3, 4, 16, 7, 5, 12, 3, 14, 3];
SupplyCost = [|70, 88, 87, 44, 79, 50, 49, 89, 11, 26, 19, 38, 28, 61, 25, 43, 106, 103, 65, 61
              |66, 73, 41, 55, 44, 38, 51, 47, 58, 73, 54, 24, 31, 77, 69, 33, 80, 79, 15, 4
              |80, 91, 65, 61, 66, 51, 61, 71, 41, 53, 50, 29, 27, 85, 49, 43, 101, 100, 22, 28
              |9, 10, 49, 35, 35, 35, 30, 45, 88, 104, 60, 57, 64, 32, 103, 43, 32, 28, 83, 67
              |79, 82, 39, 73, 49, 54, 68, 46, 78, 92, 74, 45, 52, 94, 88, 51, 83, 83, 18, 19
              |65, 80, 69, 41, 64, 39, 43, 72, 22, 38, 24, 19, 9, 63, 36, 30, 95, 93, 44, 40
              |18, 33, 69, 26, 54, 38, 26, 65, 77, 92, 48, 58, 61, 9, 92, 45, 56, 52, 91, 76
              |18, 32, 44, 17, 30, 11, 9, 42, 65, 82, 39, 33, 40, 31, 80, 19, 50, 47, 63, 48
              |81, 93, 67, 62, 68, 52, 62, 72, 41, 52, 50, 30, 27, 85, 48, 44, 103, 101, 23, 30
              |64, 81, 77, 38, 70, 42, 42, 80, 16, 33, 15, 28, 19, 57, 31, 35, 98, 96, 57, 52
              |59, 67, 37, 49, 39, 32, 45, 43, 57, 73, 50, 20, 28, 71, 69, 27, 74, 73, 21, 6
              |74, 76, 33, 69, 43, 50, 64, 40, 78, 93, 72, 43, 50, 90, 89, 48, 77, 77, 21, 17
              |57, 71, 60, 34, 55, 30, 35, 64, 30, 47, 23, 11, 1, 57, 44, 21, 86, 83, 41, 35
              |21, 26, 32, 30, 18, 18, 22, 30, 75, 92, 51, 38, 47, 42, 90, 26, 39, 37, 62, 46
              |41, 27, 29, 61, 23, 49, 53, 22, 106, 123, 82, 67, 76, 66, 120, 56, 15, 17, 78, 63
              |53, 71, 96, 37, 83, 56, 44, 95, 60, 70, 37, 64, 61, 29, 71, 57, 93, 89, 100, 89
              |45, 33, 23, 63, 20, 48, 55, 16, 104, 121, 82, 64, 74, 69, 119, 55, 22, 23, 73, 59
              |39, 27, 25, 58, 18, 45, 50, 18, 102, 119, 79, 62, 72, 64, 116, 52, 19, 20, 74, 59
              |77, 92, 75, 54, 72, 50, 56, 79, 23, 35, 36, 28, 20, 76, 32, 41, 105, 103, 40, 41
              |46, 64, 70, 19, 60, 30, 25, 71, 34, 50, 5, 29, 25, 38, 49, 26, 83, 80, 64, 55
              |53, 71, 79, 26, 68, 38, 33, 80, 30, 44, 5, 35, 29, 41, 44, 34, 91, 88, 69, 61
              |53, 71, 92, 32, 79, 51, 40, 91, 51, 61, 28, 56, 52, 31, 62, 50, 93, 89, 92, 82
              |33, 51, 60, 7, 49, 19, 12, 60, 47, 63, 18, 27, 29, 30, 61, 18, 70, 67, 63, 51
              |41, 49, 29, 36, 24, 16, 30, 32, 62, 79, 45, 21, 31, 56, 76, 16, 58, 57, 39, 23
              |35, 48, 87, 39, 72, 55, 42, 83, 84, 97, 56, 72, 74, 16, 97, 60, 70, 66, 107, 93
              |79, 84, 45, 69, 52, 52, 65, 52, 69, 82, 68, 39, 44, 92, 78, 48, 87, 87, 8, 14
              |82, 99, 92, 56, 87, 59, 61, 96, 3, 15, 32, 43, 32, 75, 13, 52, 116, 113, 62, 62
              |35, 38, 21, 39, 11, 20, 31, 22, 73, 90, 54, 33, 43, 54, 88, 25, 45, 44, 49, 33
              |94, 111, 102, 68, 97, 71, 73, 106, 15, 9, 44, 53, 43, 86, 4, 63, 128, 125, 67, 70
              |41, 55, 92, 40, 77, 58, 45, 89, 82, 94, 55, 73, 74, 18, 95, 62, 77, 73, 109, 95
              |37, 55, 81, 22, 67, 42, 29, 79, 60, 73, 32, 53, 53, 15, 73, 44, 77, 74, 89, 77
              |76, 94, 94, 49, 86, 57, 55, 96, 11, 21, 25, 45, 35, 65, 21, 51, 113, 110, 71, 68
              |41, 60, 76, 17, 64, 36, 25, 76, 46, 60, 18, 42, 40, 26, 60, 35, 81, 77, 78, 67
              |9, 15, 43, 32, 28, 27, 25, 39, 82, 99, 55, 49, 57, 34, 97, 36, 34, 30, 75, 59
              |32, 16, 38, 55, 27, 46, 48, 31, 103, 120, 78, 66, 75, 56, 118, 54, 11, 9, 83, 68
              |25, 40, 45, 15, 33, 6, 8, 45, 57, 74, 32, 26, 32, 34, 72, 12, 57, 54, 58, 43
              |37, 20, 37, 60, 29, 50, 52, 31, 107, 124, 82, 70, 79, 61, 122, 58, 7, 7, 85, 70
              |55, 60, 28, 49, 30, 30, 43, 34, 65, 81, 54, 25, 35, 69, 77, 27, 66, 65, 27, 11
              |39, 33, 15, 53, 8, 37, 45, 9, 93, 110, 72, 52, 62, 63, 107, 43, 30, 30, 63, 47
              |76, 93, 85, 51, 79, 52, 55, 88, 7, 23, 28, 35, 25, 70, 20, 45, 109, 107, 56, 55
              |54, 67, 53, 35, 48, 26, 34, 56, 38, 55, 29, 4, 7, 59, 52, 17, 80, 78, 35, 27
              |43, 32, 22, 60, 18, 46, 52, 15, 102, 119, 80, 62, 72, 68, 117, 53, 22, 23, 72, 57
              |33, 45, 39, 23, 30, 4, 18, 40, 56, 73, 35, 19, 27, 44, 71, 6, 59, 56, 48, 33
              |39, 32, 16, 53, 8, 38, 45, 10, 93, 110, 72, 53, 63, 63, 108, 44, 29, 29, 64, 48
              |95, 112, 103, 68, 98, 72, 73, 107, 15, 6, 44, 54, 44, 86, 2, 64, 128, 126, 69, 71
              |13, 23, 41, 25, 26, 19, 17, 38, 74, 91, 48, 41, 48, 33, 89, 27, 41, 38, 68, 52
              |47, 64, 63, 22, 55, 25, 25, 65, 33, 50, 11, 19, 15, 44, 48, 19, 81, 79, 54, 45
              |24, 38, 43, 16, 31, 5, 9, 43, 60, 76, 34, 27, 34, 35, 75, 13, 54, 52, 58, 43
              |43, 62, 83, 24, 70, 43, 31, 82, 53, 65, 27, 51, 49, 23, 66, 43, 84, 80, 87, 76
              |86, 103, 96, 60, 91, 64, 65, 100, 7, 11, 36, 47, 36, 78, 8, 56, 120, 118, 65, 66|];
