Warehouses = 30;
Stores = 75;

Capacity = [94, 36, 59, 47, 9, 62, 6, 88, 63, 90, 100, 8, 86, 68, 22, 94, 82, 56, 56, 82, 83, 8, 8, 7, 53, 90, 30, 34, 22, 69];
FixedCost = [67, 133, 96, 115, 42, 165, 85, 181, 43, 188, 184, 112, 149, 190, 51, 170, 185, 168, 114, 46, 161, 123, 132, 147, 41, 87, 86, 133, 128, 54];
Goods = [6, 19, 18, 19, 12, 18, 8, 3, 17, 3, 20, 7, 8, 16, 13, 6, 2, 12, 12, 13, 5, 19, 18, 20, 8, 18, 4, 11, 3, 19, 20, 18, 4, 1, 18, 20, 10, 2, 1, 5, 7, 14, 16, 15, 20, 9, 20, 10, 16, 5, 15, 15, 13, 1, 11, 6, 10, 11, 18, 16, 10, 6, 2, 1, 20, 19, 1, 13, 17, 2, 2, 16, 16, 3, 16];
SupplyCost = [|65, 69, 75, 72, 36, 25, 46, 70, 14, 83, 79, 19, 55, 20, 70, 24, 38, 63, 58, 31, 20, 94, 78, 93, 42, 69, 57, 51, 42, 90
              |47, 64, 56, 73, 26, 38, 75, 76, 32, 82, 56, 17, 37, 19, 98, 9, 61, 59, 82, 5, 28, 93, 91, 98, 38, 43, 68, 62, 73, 97
              |2, 25, 11, 38, 29, 45, 81, 46, 72, 42, 18, 49, 11, 63, 98, 50, 64, 23, 77, 53, 45, 52, 67, 62, 25, 21, 49, 45, 86, 64
              |66, 50, 74, 44, 49, 31, 20, 35, 63, 54, 82, 54, 62, 66, 34, 62, 11, 46, 14, 70, 41, 61, 32, 54, 42, 81, 21, 20, 31, 49
              |41, 46, 52, 52, 13, 11, 50, 52, 34, 62, 56, 14, 32, 30, 73, 21, 35, 40, 55, 28, 4, 73, 64, 75, 18, 49, 42, 35, 51, 73
              |25, 11, 32, 19, 29, 33, 61, 24, 69, 28, 41, 48, 26, 64, 76, 53, 45, 5, 55, 58, 38, 39, 44, 44, 17, 44, 26, 23, 69, 45
              |11, 37, 18, 50, 26, 45, 84, 57, 65, 55, 19, 43, 8, 55, 104, 42, 67, 34, 83, 43, 42, 65, 77, 75, 27, 12, 57, 52, 88, 76
              |57, 46, 66, 44, 36, 17, 25, 38, 50, 55, 74, 40, 51, 52, 46, 48, 8, 41, 27, 55, 27, 64, 42, 60, 31, 70, 24, 19, 32, 56
              |33, 50, 42, 60, 14, 33, 72, 64, 42, 68, 43, 20, 22, 31, 95, 18, 57, 45, 76, 19, 25, 79, 80, 85, 26, 31, 58, 52, 73, 85
              |80, 69, 90, 64, 58, 37, 4, 56, 55, 75, 97, 54, 74, 62, 28, 62, 15, 64, 21, 70, 44, 82, 52, 75, 54, 93, 41, 40, 10, 69
              |34, 18, 41, 20, 30, 28, 52, 21, 65, 30, 50, 46, 32, 62, 67, 52, 36, 13, 46, 58, 35, 41, 38, 43, 17, 51, 18, 14, 60, 42
              |75, 48, 78, 35, 77, 69, 65, 28, 107, 35, 88, 92, 78, 106, 62, 98, 59, 50, 48, 105, 79, 31, 16, 16, 66, 94, 36, 42, 77, 10
              |61, 38, 68, 29, 54, 41, 39, 18, 78, 37, 76, 64, 60, 79, 45, 72, 30, 37, 25, 79, 51, 43, 14, 35, 43, 79, 10, 16, 50, 29
              |49, 49, 59, 51, 22, 4, 40, 49, 34, 62, 65, 20, 41, 34, 63, 28, 25, 42, 46, 36, 8, 73, 59, 73, 24, 58, 38, 31, 41, 70
              |54, 27, 58, 14, 59, 54, 62, 9, 93, 16, 67, 75, 57, 91, 67, 81, 51, 29, 48, 87, 63, 19, 20, 14, 47, 73, 23, 28, 73, 13
              |92, 75, 101, 66, 75, 55, 19, 56, 78, 75, 109, 75, 88, 84, 8, 83, 31, 71, 13, 91, 64, 80, 43, 69, 68, 108, 44, 46, 28, 63
              |31, 4, 35, 9, 42, 45, 68, 19, 82, 15, 44, 61, 35, 77, 80, 66, 53, 8, 59, 71, 51, 26, 40, 34, 30, 50, 28, 28, 77, 35
              |17, 28, 28, 38, 13, 29, 66, 42, 57, 45, 34, 34, 11, 49, 85, 37, 49, 22, 65, 41, 28, 57, 61, 63, 9, 30, 40, 35, 70, 63
              |24, 44, 33, 55, 15, 36, 75, 59, 50, 62, 34, 28, 14, 40, 97, 27, 59, 39, 77, 28, 30, 73, 78, 80, 23, 23, 56, 50, 77, 80
              |74, 48, 76, 36, 83, 79, 81, 34, 117, 31, 84, 100, 79, 115, 79, 106, 73, 52, 64, 112, 88, 22, 31, 11, 71, 93, 46, 52, 92, 13
              |93, 75, 102, 66, 77, 57, 22, 56, 81, 75, 110, 78, 90, 87, 8, 86, 33, 72, 14, 94, 67, 79, 42, 67, 70, 109, 45, 47, 32, 61
              |72, 46, 77, 34, 69, 58, 51, 24, 95, 38, 86, 81, 73, 96, 50, 89, 46, 47, 35, 96, 68, 38, 3, 25, 58, 91, 26, 32, 63, 19
              |77, 50, 80, 37, 80, 71, 66, 30, 109, 36, 89, 94, 80, 109, 63, 100, 61, 52, 49, 107, 81, 32, 17, 17, 68, 96, 38, 44, 78, 12
              |64, 44, 72, 35, 53, 38, 31, 26, 73, 45, 80, 61, 62, 75, 39, 69, 23, 41, 18, 77, 48, 50, 20, 42, 44, 81, 13, 17, 42, 37
              |60, 33, 62, 21, 69, 65, 72, 20, 104, 17, 71, 86, 65, 101, 75, 91, 62, 37, 57, 97, 74, 13, 26, 4, 56, 79, 34, 39, 83, 9
              |42, 57, 51, 66, 18, 31, 69, 68, 32, 75, 53, 12, 32, 21, 92, 8, 54, 52, 75, 11, 21, 86, 83, 91, 31, 41, 61, 54, 68, 90
              |60, 41, 67, 33, 48, 33, 31, 24, 69, 43, 76, 57, 57, 70, 42, 64, 21, 37, 21, 72, 44, 50, 23, 43, 39, 76, 10, 13, 42, 39
              |12, 34, 3, 47, 40, 58, 94, 56, 82, 48, 6, 59, 20, 72, 111, 59, 77, 34, 90, 60, 57, 57, 77, 69, 38, 17, 61, 57, 99, 72
              |35, 9, 39, 5, 42, 43, 64, 14, 81, 15, 49, 61, 38, 77, 75, 66, 49, 10, 54, 71, 50, 26, 35, 31, 30, 54, 23, 24, 73, 32
              |40, 14, 45, 4, 45, 43, 60, 9, 82, 15, 54, 62, 43, 78, 70, 68, 46, 15, 50, 74, 51, 25, 30, 27, 33, 59, 19, 21, 70, 28
              |67, 67, 78, 69, 39, 23, 35, 65, 24, 80, 83, 27, 59, 31, 59, 34, 28, 61, 48, 41, 22, 90, 70, 88, 43, 75, 51, 46, 31, 84
              |85, 64, 93, 55, 72, 54, 28, 44, 83, 62, 101, 77, 83, 88, 21, 84, 32, 62, 11, 92, 64, 66, 29, 54, 64, 102, 34, 38, 39, 48
              |49, 23, 54, 10, 52, 47, 57, 2, 86, 17, 63, 68, 51, 83, 65, 74, 45, 24, 45, 80, 56, 24, 21, 21, 40, 68, 17, 22, 68, 20
              |25, 50, 31, 62, 26, 47, 87, 68, 59, 68, 29, 38, 18, 47, 108, 34, 71, 46, 89, 33, 41, 78, 87, 87, 34, 15, 66, 60, 89, 88
              |44, 61, 53, 70, 22, 35, 72, 72, 32, 78, 54, 15, 34, 20, 96, 9, 58, 55, 79, 8, 25, 90, 87, 95, 34, 41, 65, 58, 71, 94
              |58, 31, 58, 21, 69, 67, 77, 23, 106, 14, 67, 87, 63, 102, 81, 92, 66, 36, 63, 98, 75, 6, 32, 9, 57, 76, 38, 42, 88, 15
              |77, 77, 87, 79, 48, 33, 39, 74, 22, 90, 92, 33, 68, 32, 62, 38, 35, 71, 54, 45, 31, 100, 78, 97, 52, 83, 60, 55, 31, 93
              |3, 25, 13, 38, 27, 43, 79, 46, 70, 43, 20, 47, 9, 61, 97, 48, 62, 23, 76, 51, 43, 53, 67, 63, 23, 21, 48, 44, 85, 65
              |37, 23, 45, 22, 30, 25, 48, 21, 63, 34, 54, 45, 35, 60, 63, 51, 31, 17, 42, 57, 33, 44, 37, 45, 18, 54, 15, 10, 55, 43
              |54, 28, 55, 18, 65, 64, 75, 20, 102, 10, 64, 83, 60, 99, 80, 88, 64, 32, 61, 94, 72, 6, 31, 11, 53, 73, 35, 40, 86, 16
              |66, 48, 74, 41, 51, 34, 24, 32, 67, 51, 82, 57, 63, 70, 35, 65, 16, 45, 13, 73, 45, 57, 27, 50, 43, 82, 18, 19, 35, 44
              |59, 32, 62, 19, 65, 60, 66, 16, 99, 18, 71, 81, 63, 97, 69, 87, 56, 35, 51, 94, 69, 17, 20, 8, 53, 78, 29, 34, 77, 7
              |81, 54, 84, 41, 85, 76, 71, 35, 114, 40, 93, 99, 85, 114, 66, 105, 65, 57, 53, 112, 86, 34, 22, 19, 73, 100, 43, 49, 83, 15
              |16, 17, 15, 29, 41, 53, 84, 39, 84, 30, 24, 61, 25, 76, 98, 64, 67, 19, 77, 67, 55, 39, 61, 51, 33, 33, 47, 45, 91, 54
              |50, 24, 50, 17, 63, 64, 78, 22, 102, 6, 59, 82, 56, 97, 84, 87, 65, 30, 65, 92, 71, 5, 36, 16, 51, 68, 37, 40, 88, 21
              |67, 40, 68, 28, 75, 71, 76, 26, 110, 23, 77, 92, 72, 107, 76, 98, 66, 44, 60, 104, 80, 16, 27, 3, 63, 86, 39, 45, 87, 8
              |62, 39, 69, 29, 56, 43, 40, 19, 80, 37, 78, 67, 62, 81, 45, 74, 32, 38, 26, 81, 54, 42, 12, 33, 45, 80, 12, 18, 52, 28
              |85, 63, 92, 52, 74, 57, 34, 42, 89, 59, 101, 80, 84, 92, 26, 88, 37, 61, 17, 96, 68, 62, 24, 49, 65, 102, 34, 39, 46, 43
              |86, 74, 96, 68, 64, 44, 4, 60, 61, 79, 103, 61, 81, 68, 22, 69, 21, 69, 20, 76, 51, 85, 53, 77, 61, 99, 45, 44, 10, 71
              |49, 25, 48, 19, 64, 66, 82, 26, 104, 8, 57, 83, 55, 99, 89, 88, 69, 31, 69, 93, 73, 6, 41, 21, 52, 67, 41, 44, 92, 26
              |31, 45, 41, 53, 6, 25, 65, 56, 41, 62, 44, 18, 21, 32, 87, 19, 49, 39, 68, 23, 18, 74, 73, 78, 18, 34, 50, 44, 66, 78
              |50, 67, 59, 75, 28, 38, 74, 77, 29, 84, 59, 16, 40, 17, 98, 8, 61, 61, 82, 2, 28, 95, 92, 100, 40, 46, 69, 63, 72, 99
              |9, 20, 11, 33, 35, 49, 82, 42, 79, 36, 20, 56, 18, 70, 98, 57, 65, 20, 77, 60, 50, 46, 64, 56, 29, 27, 48, 45, 89, 59
              |53, 61, 63, 66, 24, 22, 53, 66, 20, 77, 67, 6, 43, 16, 77, 13, 41, 55, 63, 20, 12, 88, 77, 89, 33, 56, 55, 48, 51, 87
              |65, 46, 73, 38, 53, 37, 28, 28, 71, 47, 82, 60, 63, 73, 36, 68, 21, 43, 15, 76, 48, 53, 23, 45, 44, 82, 16, 18, 39, 40
              |94, 83, 103, 79, 69, 49, 15, 70, 58, 89, 110, 63, 87, 67, 28, 70, 30, 78, 31, 77, 55, 96, 64, 88, 68, 105, 56, 54, 6, 83
              |31, 4, 35, 9, 42, 45, 68, 19, 82, 15, 44, 61, 35, 77, 80, 66, 53, 8, 59, 71, 51, 26, 40, 34, 30, 50, 28, 28, 77, 35
              |78, 51, 81, 38, 81, 73, 69, 32, 111, 37, 90, 96, 81, 111, 65, 102, 63, 54, 52, 109, 83, 32, 20, 17, 69, 97, 40, 46, 81, 12
              |24, 30, 35, 38, 9, 22, 60, 42, 51, 47, 40, 29, 17, 45, 80, 33, 43, 24, 60, 38, 22, 59, 59, 64, 4, 36, 37, 31, 64, 63
              |41, 37, 51, 40, 20, 7, 42, 38, 45, 51, 58, 28, 35, 43, 63, 35, 25, 31, 43, 43, 16, 61, 50, 62, 15, 53, 28, 21, 46, 59
              |80, 63, 89, 55, 63, 44, 14, 46, 70, 65, 97, 65, 76, 75, 20, 73, 20, 60, 3, 81, 53, 70, 36, 61, 56, 95, 33, 34, 26, 55
              |37, 20, 44, 19, 32, 28, 50, 19, 66, 30, 53, 47, 36, 63, 64, 53, 34, 15, 43, 60, 36, 41, 35, 42, 20, 54, 15, 11, 58, 40
              |69, 82, 78, 88, 42, 44, 71, 88, 14, 98, 79, 23, 58, 7, 95, 19, 62, 75, 83, 18, 35, 109, 100, 112, 54, 66, 78, 71, 66, 110
              |10, 33, 20, 45, 20, 39, 77, 51, 62, 51, 24, 39, 1, 52, 97, 39, 60, 29, 76, 41, 37, 61, 71, 70, 21, 18, 51, 46, 81, 71
              |107, 92, 116, 85, 85, 65, 25, 75, 78, 94, 124, 81, 102, 87, 16, 89, 42, 88, 32, 97, 72, 99, 64, 89, 82, 120, 62, 63, 25, 83
              |72, 45, 73, 34, 81, 78, 81, 33, 116, 28, 81, 98, 77, 114, 81, 104, 72, 50, 65, 110, 86, 19, 32, 9, 69, 90, 46, 51, 93, 13
              |45, 48, 55, 53, 16, 9, 47, 52, 32, 64, 60, 14, 36, 29, 70, 22, 32, 42, 53, 30, 1, 74, 64, 76, 21, 52, 42, 35, 48, 74
              |83, 57, 88, 45, 78, 65, 51, 35, 100, 49, 97, 88, 83, 102, 44, 96, 49, 57, 33, 103, 75, 48, 14, 34, 67, 101, 34, 41, 63, 27
              |49, 25, 55, 15, 48, 40, 50, 6, 79, 25, 64, 62, 50, 77, 59, 69, 37, 24, 38, 75, 50, 32, 20, 28, 36, 68, 9, 14, 60, 25
              |52, 26, 52, 17, 64, 64, 77, 22, 103, 8, 61, 83, 58, 99, 83, 88, 65, 31, 64, 93, 72, 4, 35, 15, 52, 70, 37, 41, 88, 20
              |67, 70, 78, 73, 38, 26, 42, 70, 17, 84, 82, 23, 58, 24, 66, 29, 35, 64, 55, 35, 22, 94, 76, 93, 44, 73, 57, 51, 37, 90
              |65, 69, 75, 72, 36, 25, 45, 70, 15, 83, 79, 19, 56, 21, 69, 25, 37, 63, 57, 32, 20, 94, 77, 93, 42, 70, 57, 51, 41, 90
              |35, 33, 45, 37, 16, 12, 48, 37, 48, 47, 52, 29, 29, 45, 68, 35, 31, 26, 48, 42, 17, 58, 51, 60, 9, 48, 28, 22, 52, 58
              |52, 31, 59, 23, 45, 34, 41, 15, 72, 34, 68, 57, 51, 72, 51, 64, 28, 29, 30, 71, 44, 41, 22, 36, 34, 70, 1, 8, 51, 32
              |8, 19, 14, 32, 30, 44, 78, 40, 74, 36, 23, 51, 15, 66, 94, 53, 61, 17, 73, 56, 45, 47, 61, 56, 24, 27, 44, 41, 84, 58|];
