Warehouses = 50;
Stores = 120;

Capacity = [98, 4, 88, 88, 6, 94, 8, 50, 76, 5, 37, 53, 30, 58, 29, 43, 60, 93, 57, 86, 47, 13, 34, 64, 89, 95, 73, 96, 49, 45, 75, 44, 25, 21, 26, 18, 83, 2, 27, 73, 16, 34, 88, 92, 73, 95, 40, 49, 96, 77];
FixedCost = [188, 78, 105, 182, 171, 63, 195, 85, 168, 75, 36, 195, 145, 151, 138, 151, 64, 58, 159, 187, 93, 160, 158, 74, 42, 70, 152, 99, 147, 178, 64, 182, 72, 181, 170, 90, 183, 96, 50, 194, 158, 127, 187, 114, 57, 166, 91, 104, 89, 180];
Goods = [5, 4, 15, 6, 20, 14, 4, 19, 6, 17, 1, 14, 17, 9, 4, 12, 15, 2, 7, 6, 4, 13, 18, 3, 9, 10, 7, 18, 8, 1, 13, 15, 3, 13, 14, 9, 10, 16, 6, 20, 13, 7, 2, 6, 15, 17, 4, 20, 15, 10, 14, 18, 4, 14, 12, 12, 13, 12, 12, 4, 12, 1, 16, 19, 4, 12, 17, 10, 8, 6, 4, 8, 5, 13, 20, 3, 14, 14, 11, 10, 11, 16, 5, 5, 12, 9, 13, 17, 1, 12, 2, 13, 10, 4, 11, 15, 14, 19, 16, 8, 9, 3, 1, 13, 12, 11, 6, 18, 9, 10, 11, 17, 5, 6, 15, 12, 14, 16, 10, 2];
SupplyCost = [|112, 61, 77, 54, 98, 100, 45, 100, 114, 70, 78, 95, 96, 57, 59, 75, 106, 71, 83, 95, 30, 39, 31, 45, 95, 64, 89, 91, 80, 66, 61, 87, 41, 70, 101, 78, 84, 93, 49, 55, 52, 50, 86, 73, 87, 9, 70, 77, 59, 113
              |25, 30, 17, 65, 51, 26, 42, 33, 27, 66, 15, 71, 28, 64, 32, 24, 20, 20, 37, 56, 58, 55, 59, 50, 13, 52, 25, 55, 11, 28, 59, 54, 47, 60, 21, 12, 68, 26, 72, 55, 39, 71, 63, 69, 4, 79, 49, 38, 66, 27
              |90, 42, 54, 50, 75, 76, 25, 76, 92, 65, 55, 74, 78, 53, 40, 51, 85, 51, 59, 72, 14, 28, 7, 32, 74, 42, 71, 68, 59, 42, 54, 64, 18, 49, 81, 57, 64, 75, 33, 47, 28, 49, 65, 69, 65, 16, 47, 53, 40, 89
              |33, 30, 40, 51, 77, 52, 46, 59, 42, 47, 38, 96, 7, 49, 31, 47, 28, 22, 62, 82, 60, 51, 66, 45, 17, 73, 1, 81, 19, 47, 43, 79, 56, 82, 17, 21, 92, 4, 88, 42, 52, 58, 87, 49, 30, 81, 71, 62, 85, 46
              |49, 38, 12, 74, 29, 24, 39, 23, 46, 81, 14, 44, 55, 75, 39, 5, 46, 35, 11, 31, 52, 56, 46, 53, 41, 26, 51, 29, 33, 12, 71, 27, 36, 32, 49, 32, 40, 53, 48, 65, 25, 78, 35, 85, 25, 69, 21, 10, 40, 41
              |8, 47, 32, 80, 56, 26, 60, 34, 10, 78, 30, 79, 30, 78, 49, 38, 7, 36, 46, 62, 76, 72, 76, 66, 15, 66, 31, 62, 27, 44, 72, 62, 65, 72, 17, 28, 78, 30, 88, 70, 56, 86, 72, 81, 18, 96, 62, 50, 80, 14
              |26, 55, 30, 91, 38, 10, 64, 16, 18, 93, 29, 62, 48, 91, 57, 32, 27, 46, 34, 45, 79, 79, 77, 74, 32, 57, 48, 46, 38, 41, 85, 47, 66, 61, 37, 38, 63, 48, 80, 81, 55, 97, 57, 96, 24, 98, 51, 39, 71, 10
              |5, 56, 45, 86, 68, 38, 71, 46, 13, 82, 43, 91, 30, 84, 59, 51, 10, 46, 59, 74, 87, 81, 89, 76, 22, 80, 34, 75, 36, 57, 78, 75, 77, 86, 18, 38, 91, 32, 101, 77, 69, 93, 85, 84, 31, 108, 75, 63, 94, 21
              |51, 4, 32, 35, 70, 53, 20, 58, 56, 40, 31, 84, 33, 35, 5, 37, 46, 10, 52, 72, 34, 26, 41, 21, 33, 55, 26, 70, 20, 31, 30, 67, 31, 64, 38, 18, 77, 30, 65, 25, 30, 41, 74, 43, 32, 55, 55, 50, 65, 58
              |68, 17, 43, 26, 78, 66, 11, 69, 73, 38, 43, 86, 50, 28, 14, 45, 63, 27, 59, 78, 18, 9, 28, 4, 51, 54, 43, 75, 37, 37, 26, 71, 23, 64, 56, 35, 78, 47, 58, 19, 28, 30, 76, 41, 47, 38, 56, 55, 60, 73
              |47, 14, 16, 51, 54, 39, 21, 43, 49, 57, 16, 67, 39, 51, 15, 20, 42, 12, 35, 55, 36, 35, 37, 31, 31, 40, 33, 53, 17, 14, 47, 50, 26, 49, 39, 15, 61, 36, 54, 41, 19, 55, 57, 60, 22, 57, 39, 33, 51, 48
              |9, 53, 46, 81, 72, 42, 69, 50, 18, 77, 44, 95, 24, 79, 55, 52, 10, 43, 62, 78, 84, 78, 87, 72, 19, 81, 29, 79, 34, 57, 73, 78, 76, 88, 13, 36, 94, 26, 102, 72, 68, 88, 88, 78, 32, 105, 77, 65, 95, 27
              |68, 18, 36, 38, 68, 60, 1, 62, 71, 49, 37, 75, 54, 39, 16, 37, 62, 27, 49, 68, 14, 16, 19, 15, 51, 42, 47, 64, 36, 28, 37, 61, 12, 52, 57, 34, 67, 51, 47, 30, 17, 40, 65, 53, 44, 35, 45, 46, 49, 70
              |68, 18, 36, 38, 68, 60, 1, 62, 71, 49, 37, 75, 54, 39, 16, 37, 62, 27, 49, 68, 14, 16, 19, 15, 51, 42, 47, 64, 36, 28, 37, 61, 12, 52, 57, 34, 67, 51, 47, 30, 17, 40, 65, 53, 44, 35, 45, 46, 49, 70
              |80, 52, 40, 79, 41, 53, 42, 50, 77, 91, 42, 37, 81, 81, 52, 34, 76, 55, 30, 36, 45, 57, 33, 57, 70, 6, 75, 32, 58, 30, 79, 28, 31, 12, 78, 56, 26, 78, 18, 72, 26, 81, 27, 95, 55, 53, 13, 25, 9, 72
              |81, 29, 53, 26, 85, 76, 18, 79, 85, 41, 53, 90, 63, 29, 27, 54, 76, 39, 66, 84, 10, 5, 24, 11, 64, 57, 56, 80, 49, 45, 30, 77, 24, 66, 69, 47, 81, 59, 55, 23, 34, 26, 80, 45, 59, 27, 60, 62, 60, 85
              |73, 22, 51, 18, 86, 73, 20, 77, 78, 30, 50, 95, 52, 19, 20, 53, 67, 32, 67, 86, 22, 8, 34, 5, 55, 62, 45, 83, 41, 45, 18, 80, 31, 72, 59, 40, 86, 48, 65, 11, 37, 21, 85, 34, 53, 40, 65, 64, 68, 79
              |51, 12, 20, 48, 56, 43, 16, 46, 54, 55, 20, 68, 42, 48, 13, 22, 46, 14, 37, 57, 32, 31, 33, 27, 35, 39, 35, 55, 21, 16, 44, 52, 22, 49, 43, 18, 61, 39, 52, 38, 16, 52, 58, 58, 26, 52, 39, 35, 50, 52
              |71, 40, 68, 24, 107, 86, 50, 92, 80, 11, 67, 121, 43, 21, 40, 73, 66, 44, 89, 109, 55, 41, 67, 38, 55, 90, 39, 107, 49, 68, 16, 104, 62, 100, 55, 49, 114, 41, 97, 23, 65, 31, 111, 11, 63, 71, 91, 87, 99, 84
              |81, 32, 48, 42, 73, 70, 16, 71, 84, 56, 48, 76, 68, 44, 30, 46, 76, 41, 56, 72, 6, 19, 8, 22, 65, 43, 61, 68, 50, 37, 45, 64, 12, 51, 72, 48, 66, 65, 39, 37, 23, 42, 66, 60, 57, 22, 47, 51, 45, 82
              |79, 46, 39, 72, 47, 55, 35, 53, 77, 84, 41, 45, 77, 73, 46, 33, 75, 50, 34, 43, 37, 49, 25, 49, 67, 12, 71, 39, 54, 28, 72, 35, 23, 20, 75, 52, 34, 74, 17, 65, 20, 73, 35, 87, 53, 45, 18, 28, 14, 73
              |80, 38, 67, 7, 105, 88, 41, 93, 87, 9, 66, 116, 53, 4, 36, 71, 74, 44, 86, 106, 42, 28, 56, 27, 62, 83, 48, 103, 52, 64, 5, 100, 52, 93, 64, 52, 107, 51, 86, 11, 58, 14, 106, 12, 66, 56, 86, 83, 90, 90
              |40, 25, 4, 62, 43, 27, 32, 31, 40, 68, 4, 60, 41, 62, 27, 10, 36, 20, 26, 46, 47, 47, 45, 43, 28, 37, 36, 44, 18, 12, 58, 42, 34, 45, 36, 17, 55, 38, 56, 52, 24, 67, 51, 71, 14, 66, 34, 25, 50, 38
              |68, 33, 29, 61, 48, 49, 23, 48, 68, 72, 31, 52, 64, 62, 33, 25, 64, 37, 31, 46, 30, 39, 21, 38, 55, 19, 58, 43, 42, 17, 60, 39, 14, 29, 63, 40, 43, 61, 29, 53, 7, 63, 42, 76, 42, 44, 22, 26, 27, 64
              |61, 62, 34, 97, 6, 28, 61, 21, 55, 105, 35, 25, 75, 98, 63, 28, 60, 58, 13, 9, 72, 78, 63, 76, 60, 30, 72, 9, 55, 35, 94, 10, 56, 28, 67, 54, 27, 73, 53, 88, 45, 101, 20, 108, 44, 85, 23, 16, 41, 47
              |66, 34, 61, 23, 100, 80, 44, 85, 74, 14, 60, 114, 38, 21, 34, 67, 61, 37, 82, 103, 51, 37, 63, 33, 49, 84, 34, 100, 43, 62, 14, 98, 57, 94, 50, 43, 107, 36, 92, 20, 59, 30, 104, 16, 57, 68, 85, 81, 93, 78
              |115, 66, 79, 64, 96, 100, 50, 100, 117, 80, 80, 90, 102, 67, 64, 76, 110, 76, 82, 92, 35, 47, 32, 52, 99, 61, 95, 88, 84, 67, 70, 84, 43, 66, 106, 82, 79, 99, 42, 64, 53, 60, 82, 83, 90, 15, 67, 76, 54, 115
              |23, 37, 17, 73, 45, 18, 48, 25, 23, 75, 15, 66, 34, 72, 39, 22, 20, 28, 32, 50, 64, 62, 63, 57, 18, 51, 33, 50, 20, 29, 67, 49, 51, 58, 25, 20, 64, 33, 72, 63, 42, 79, 59, 78, 6, 84, 47, 35, 65, 21
              |23, 46, 22, 82, 41, 11, 56, 19, 18, 84, 21, 63, 41, 81, 48, 26, 22, 37, 32, 47, 71, 70, 69, 66, 25, 53, 40, 47, 29, 34, 76, 47, 58, 59, 30, 29, 63, 40, 76, 72, 48, 88, 57, 87, 15, 91, 48, 36, 68, 13
              |38, 36, 49, 51, 86, 60, 52, 67, 47, 44, 47, 105, 9, 49, 37, 56, 34, 30, 71, 91, 65, 55, 73, 49, 25, 81, 10, 89, 28, 55, 42, 88, 63, 90, 22, 29, 101, 9, 96, 43, 60, 58, 96, 46, 39, 86, 80, 71, 93, 53
              |64, 30, 57, 22, 96, 76, 40, 82, 72, 16, 56, 110, 37, 19, 29, 62, 59, 33, 78, 98, 47, 33, 58, 29, 47, 80, 32, 96, 40, 57, 13, 93, 52, 90, 48, 39, 103, 35, 87, 17, 55, 29, 100, 19, 53, 65, 81, 76, 89, 76
              |76, 61, 40, 92, 25, 45, 55, 39, 71, 103, 42, 20, 83, 94, 61, 33, 73, 60, 21, 19, 61, 71, 50, 70, 69, 14, 78, 15, 61, 34, 91, 11, 46, 8, 77, 59, 13, 81, 33, 84, 38, 95, 10, 106, 53, 71, 10, 18, 21, 64
              |75, 67, 43, 100, 18, 42, 62, 36, 69, 109, 44, 14, 86, 101, 67, 36, 73, 65, 22, 11, 70, 78, 59, 77, 71, 22, 82, 7, 64, 39, 98, 5, 54, 16, 79, 63, 11, 84, 42, 91, 45, 102, 5, 112, 55, 80, 17, 21, 29, 62
              |55, 30, 16, 64, 40, 36, 27, 36, 55, 72, 17, 50, 55, 64, 30, 12, 51, 30, 22, 40, 39, 44, 33, 42, 44, 22, 49, 37, 32, 4, 61, 34, 23, 32, 52, 30, 44, 52, 40, 55, 12, 67, 40, 76, 30, 56, 21, 18, 35, 51
              |44, 20, 40, 39, 79, 57, 36, 63, 52, 36, 39, 95, 20, 37, 21, 46, 39, 17, 62, 82, 49, 38, 57, 33, 27, 69, 13, 81, 20, 43, 30, 78, 47, 78, 29, 21, 90, 17, 81, 30, 45, 46, 86, 39, 34, 69, 68, 61, 80, 56
              |8, 55, 46, 83, 71, 42, 70, 49, 17, 79, 45, 95, 26, 81, 57, 53, 10, 45, 62, 78, 86, 79, 88, 74, 21, 81, 31, 78, 35, 58, 74, 78, 77, 88, 15, 37, 94, 28, 102, 74, 69, 90, 88, 80, 32, 107, 77, 65, 96, 26
              |8, 48, 32, 81, 56, 26, 61, 34, 9, 79, 31, 79, 30, 79, 50, 38, 7, 37, 46, 62, 77, 73, 77, 67, 16, 66, 32, 62, 28, 44, 73, 62, 66, 73, 18, 29, 78, 31, 88, 71, 57, 87, 72, 82, 19, 97, 62, 50, 81, 13
              |103, 62, 64, 75, 72, 81, 46, 79, 103, 90, 65, 63, 97, 77, 61, 59, 99, 69, 60, 66, 38, 53, 26, 56, 89, 37, 90, 62, 75, 52, 78, 59, 35, 40, 97, 73, 52, 93, 15, 71, 40, 73, 55, 93, 77, 32, 43, 54, 27, 98
              |78, 64, 43, 96, 25, 47, 58, 41, 74, 106, 45, 17, 87, 97, 65, 36, 76, 64, 24, 18, 64, 74, 53, 73, 73, 17, 82, 14, 64, 38, 95, 11, 49, 9, 81, 63, 9, 84, 34, 88, 41, 98, 7, 110, 56, 73, 13, 21, 22, 66
              |78, 32, 62, 5, 98, 83, 33, 88, 85, 17, 61, 108, 54, 6, 30, 65, 73, 40, 80, 99, 34, 20, 47, 18, 60, 76, 48, 96, 49, 58, 7, 93, 44, 86, 63, 48, 100, 51, 78, 5, 50, 11, 98, 21, 62, 48, 78, 77, 82, 87
              |80, 29, 49, 34, 78, 72, 14, 74, 84, 48, 50, 83, 65, 36, 27, 49, 75, 39, 60, 77, 3, 11, 16, 15, 63, 49, 57, 74, 48, 40, 37, 70, 17, 59, 69, 46, 73, 61, 47, 30, 27, 34, 73, 52, 57, 24, 53, 56, 52, 83
              |83, 47, 43, 70, 52, 60, 35, 58, 82, 83, 45, 49, 80, 72, 47, 38, 79, 52, 39, 48, 35, 47, 22, 48, 71, 17, 73, 44, 57, 31, 71, 40, 22, 24, 78, 55, 38, 77, 14, 64, 22, 71, 40, 86, 57, 41, 24, 33, 16, 77
              |81, 40, 69, 8, 107, 90, 43, 95, 89, 8, 69, 118, 55, 5, 38, 73, 76, 47, 88, 108, 44, 30, 57, 29, 64, 86, 50, 105, 55, 67, 7, 102, 54, 96, 66, 54, 110, 52, 88, 13, 60, 13, 108, 11, 68, 57, 88, 86, 92, 92
              |106, 55, 72, 51, 93, 94, 40, 94, 108, 67, 72, 91, 91, 54, 53, 70, 101, 65, 77, 90, 24, 35, 25, 40, 89, 59, 84, 86, 74, 61, 57, 82, 35, 66, 96, 72, 80, 87, 45, 51, 46, 47, 82, 70, 81, 3, 65, 72, 55, 107
              |83, 43, 44, 63, 58, 63, 29, 62, 83, 76, 45, 57, 77, 65, 42, 40, 79, 49, 44, 55, 27, 40, 14, 41, 69, 24, 70, 51, 55, 32, 64, 47, 16, 32, 77, 53, 46, 74, 19, 57, 20, 63, 47, 80, 57, 33, 30, 38, 23, 79
              |39, 19, 11, 56, 50, 32, 29, 37, 41, 61, 10, 66, 35, 56, 21, 17, 34, 13, 33, 53, 44, 43, 45, 38, 25, 42, 30, 51, 12, 16, 51, 49, 33, 51, 33, 10, 61, 32, 60, 46, 25, 62, 57, 64, 14, 65, 40, 32, 55, 40
              |24, 44, 47, 66, 80, 52, 61, 59, 34, 60, 45, 101, 9, 64, 46, 54, 21, 35, 67, 85, 75, 66, 80, 61, 17, 82, 16, 85, 29, 56, 57, 84, 70, 90, 10, 31, 99, 12, 100, 58, 64, 73, 93, 62, 34, 96, 79, 69, 95, 41
              |103, 56, 65, 63, 81, 86, 40, 85, 104, 78, 67, 75, 93, 65, 55, 62, 98, 65, 66, 77, 28, 42, 20, 46, 88, 46, 85, 72, 73, 53, 67, 68, 31, 51, 95, 71, 64, 89, 28, 60, 40, 60, 67, 81, 77, 17, 52, 61, 39, 101
              |46, 24, 9, 60, 44, 32, 27, 34, 47, 67, 9, 57, 45, 60, 25, 10, 42, 21, 25, 45, 41, 43, 39, 40, 34, 32, 40, 43, 22, 6, 56, 40, 28, 41, 42, 20, 52, 42, 50, 51, 18, 65, 48, 70, 20, 60, 30, 23, 45, 44
              |73, 26, 56, 11, 93, 77, 28, 82, 79, 21, 55, 103, 49, 11, 24, 59, 67, 34, 74, 93, 31, 17, 44, 14, 55, 71, 42, 91, 43, 52, 9, 87, 40, 81, 58, 42, 95, 46, 74, 1, 45, 17, 93, 24, 56, 48, 73, 71, 77, 81
              |29, 56, 29, 93, 35, 8, 65, 13, 21, 95, 29, 59, 51, 92, 58, 31, 30, 47, 31, 42, 79, 80, 76, 75, 35, 55, 51, 43, 39, 40, 86, 44, 65, 59, 40, 40, 61, 51, 79, 82, 55, 98, 54, 97, 25, 98, 49, 37, 69, 13
              |36, 55, 26, 92, 27, 4, 61, 5, 29, 95, 26, 51, 55, 91, 57, 26, 36, 47, 24, 34, 76, 77, 71, 73, 39, 48, 54, 35, 40, 35, 86, 36, 61, 51, 45, 40, 52, 54, 71, 82, 50, 97, 46, 98, 26, 93, 41, 29, 61, 21
              |76, 49, 36, 77, 39, 50, 40, 47, 73, 88, 38, 37, 77, 79, 49, 30, 72, 51, 27, 35, 44, 55, 33, 54, 66, 4, 71, 31, 54, 26, 77, 27, 29, 13, 74, 52, 27, 74, 21, 70, 23, 79, 28, 92, 50, 53, 10, 21, 13, 68
              |51, 45, 18, 81, 22, 22, 46, 19, 47, 88, 20, 38, 61, 82, 47, 12, 49, 42, 4, 24, 58, 63, 51, 60, 46, 25, 57, 22, 39, 19, 78, 21, 42, 29, 54, 38, 35, 59, 49, 72, 31, 85, 30, 92, 30, 74, 19, 7, 39, 41
              |52, 26, 13, 61, 43, 35, 25, 36, 52, 69, 15, 54, 51, 61, 27, 11, 48, 26, 24, 43, 38, 42, 34, 39, 40, 26, 45, 41, 28, 2, 58, 38, 23, 36, 48, 26, 48, 48, 44, 52, 13, 65, 44, 72, 26, 56, 25, 21, 39, 49
              |54, 18, 44, 29, 83, 63, 31, 69, 61, 28, 43, 97, 30, 27, 18, 50, 49, 20, 65, 86, 42, 30, 51, 25, 36, 68, 23, 83, 27, 45, 21, 81, 43, 78, 39, 27, 91, 26, 78, 20, 44, 36, 88, 31, 41, 62, 69, 64, 78, 64
              |111, 61, 77, 56, 97, 98, 45, 99, 114, 72, 78, 93, 97, 59, 59, 74, 106, 71, 81, 93, 30, 40, 30, 46, 95, 62, 90, 89, 80, 65, 63, 85, 40, 68, 101, 78, 82, 93, 46, 57, 51, 52, 84, 75, 87, 9, 68, 76, 57, 112
              |38, 50, 21, 88, 25, 5, 56, 5, 32, 92, 21, 48, 54, 87, 52, 21, 37, 43, 18, 31, 70, 72, 65, 68, 38, 42, 52, 32, 37, 30, 83, 32, 55, 46, 45, 37, 49, 53, 66, 78, 44, 93, 42, 95, 24, 88, 36, 24, 56, 25
              |53, 31, 13, 66, 38, 33, 30, 33, 52, 74, 15, 49, 54, 66, 32, 9, 49, 30, 19, 38, 42, 47, 36, 44, 42, 23, 49, 36, 31, 4, 63, 33, 26, 32, 50, 29, 43, 51, 43, 57, 15, 69, 39, 77, 28, 59, 21, 16, 36, 48
              |85, 48, 45, 69, 55, 63, 34, 61, 84, 82, 47, 51, 81, 71, 47, 40, 81, 53, 42, 51, 33, 46, 20, 47, 72, 20, 75, 47, 59, 34, 71, 43, 22, 26, 80, 57, 41, 78, 13, 63, 23, 70, 42, 86, 59, 38, 27, 36, 17, 80
              |100, 49, 71, 35, 99, 94, 36, 96, 105, 51, 71, 100, 82, 38, 46, 71, 95, 59, 81, 97, 21, 24, 30, 30, 83, 67, 75, 93, 69, 61, 43, 89, 37, 75, 88, 67, 90, 78, 58, 37, 48, 31, 90, 54, 78, 16, 72, 76, 66, 104
              |71, 29, 58, 12, 96, 79, 34, 84, 78, 15, 57, 108, 46, 10, 27, 62, 66, 35, 77, 97, 38, 24, 51, 21, 53, 76, 40, 95, 43, 56, 4, 92, 46, 86, 56, 43, 100, 43, 81, 6, 50, 19, 98, 18, 57, 55, 78, 75, 83, 81
              |7, 58, 47, 87, 69, 39, 72, 46, 13, 83, 45, 92, 31, 85, 60, 53, 11, 47, 61, 75, 88, 82, 90, 77, 23, 81, 36, 76, 38, 58, 79, 76, 79, 87, 19, 40, 92, 33, 102, 78, 70, 94, 86, 85, 33, 109, 76, 64, 95, 22
              |52, 6, 34, 33, 73, 55, 20, 60, 58, 38, 34, 86, 34, 33, 6, 39, 47, 12, 54, 75, 34, 25, 41, 19, 34, 56, 26, 72, 21, 33, 28, 69, 32, 66, 39, 20, 79, 30, 66, 23, 32, 39, 76, 41, 34, 55, 57, 52, 66, 59
              |88, 48, 48, 66, 60, 67, 33, 66, 87, 80, 50, 56, 82, 68, 47, 44, 83, 54, 47, 56, 30, 43, 16, 45, 74, 25, 76, 52, 60, 36, 69, 48, 21, 31, 82, 58, 46, 79, 15, 61, 25, 66, 47, 84, 62, 33, 32, 41, 21, 83
              |100, 53, 64, 58, 81, 85, 37, 84, 102, 74, 65, 77, 89, 61, 51, 61, 96, 62, 66, 77, 24, 38, 17, 42, 85, 46, 82, 73, 70, 52, 63, 69, 28, 52, 92, 68, 66, 86, 31, 56, 38, 56, 68, 77, 75, 14, 52, 60, 41, 99
              |73, 37, 66, 17, 104, 85, 44, 90, 81, 7, 64, 117, 46, 14, 36, 70, 68, 42, 86, 106, 49, 34, 61, 31, 56, 86, 41, 103, 48, 64, 9, 100, 56, 96, 57, 48, 109, 43, 91, 16, 60, 24, 107, 10, 62, 64, 87, 84, 94, 85
              |89, 41, 70, 8, 105, 93, 38, 97, 96, 23, 70, 113, 65, 11, 39, 73, 84, 50, 87, 106, 34, 22, 48, 24, 71, 80, 59, 102, 59, 65, 17, 99, 48, 90, 74, 58, 104, 62, 79, 16, 56, 2, 103, 25, 72, 44, 83, 83, 84, 97
              |14, 50, 47, 76, 75, 46, 66, 53, 24, 71, 45, 98, 18, 74, 52, 53, 13, 40, 64, 81, 81, 74, 85, 68, 17, 82, 24, 81, 32, 57, 67, 81, 74, 89, 10, 34, 96, 21, 102, 67, 67, 83, 91, 72, 32, 103, 78, 67, 96, 32
              |61, 9, 34, 34, 69, 57, 8, 60, 65, 43, 34, 79, 45, 35, 7, 36, 55, 19, 51, 70, 22, 17, 29, 13, 43, 48, 38, 67, 29, 29, 32, 64, 20, 58, 49, 27, 72, 42, 55, 25, 22, 38, 69, 47, 39, 43, 49, 48, 56, 65
              |75, 42, 70, 21, 109, 89, 50, 94, 83, 6, 69, 122, 47, 18, 41, 75, 70, 46, 90, 111, 54, 40, 66, 37, 59, 91, 43, 108, 52, 69, 14, 105, 62, 101, 59, 52, 114, 45, 97, 21, 65, 27, 112, 7, 66, 69, 92, 88, 99, 88
              |51, 52, 23, 89, 16, 19, 54, 14, 46, 95, 25, 36, 64, 89, 54, 19, 49, 48, 7, 20, 66, 71, 59, 68, 48, 30, 61, 19, 44, 27, 85, 19, 50, 33, 56, 43, 35, 62, 55, 79, 39, 93, 29, 98, 33, 81, 24, 13, 44, 38
              |70, 69, 42, 104, 8, 36, 67, 29, 63, 112, 44, 17, 84, 105, 70, 36, 68, 66, 21, 0, 76, 84, 66, 82, 68, 31, 80, 4, 63, 42, 101, 8, 60, 27, 75, 62, 21, 82, 52, 95, 50, 107, 14, 115, 52, 88, 25, 22, 40, 55
              |77, 27, 45, 38, 73, 68, 11, 70, 80, 52, 46, 77, 64, 40, 26, 44, 72, 37, 55, 72, 5, 15, 12, 17, 61, 44, 56, 68, 46, 35, 40, 65, 12, 53, 67, 44, 68, 60, 43, 33, 22, 39, 68, 56, 53, 25, 48, 51, 47, 79
              |66, 17, 47, 20, 83, 69, 20, 73, 72, 29, 46, 94, 45, 21, 15, 50, 61, 26, 64, 84, 26, 13, 37, 8, 48, 62, 38, 81, 36, 43, 18, 78, 32, 72, 53, 34, 86, 42, 67, 11, 36, 25, 84, 33, 48, 45, 64, 62, 69, 74
              |75, 61, 40, 93, 24, 44, 56, 39, 71, 103, 42, 19, 83, 94, 62, 33, 73, 61, 21, 18, 62, 72, 51, 71, 70, 15, 79, 14, 61, 34, 92, 10, 47, 9, 77, 59, 12, 81, 34, 85, 38, 96, 9, 107, 53, 72, 11, 18, 22, 64
              |99, 58, 60, 71, 69, 78, 42, 76, 99, 86, 61, 62, 93, 74, 56, 55, 95, 65, 57, 65, 35, 49, 22, 52, 85, 34, 86, 60, 71, 48, 75, 57, 30, 38, 93, 69, 51, 89, 15, 67, 36, 70, 54, 89, 73, 30, 41, 51, 26, 95
              |78, 26, 49, 29, 81, 73, 14, 75, 82, 43, 50, 86, 61, 31, 24, 50, 73, 37, 62, 80, 8, 6, 21, 10, 61, 53, 54, 76, 46, 41, 32, 73, 20, 62, 67, 44, 77, 58, 52, 25, 29, 30, 76, 47, 56, 27, 56, 58, 57, 82
              |92, 57, 52, 78, 56, 68, 44, 65, 91, 91, 54, 48, 90, 80, 56, 47, 88, 62, 45, 51, 41, 55, 28, 56, 80, 22, 83, 47, 67, 41, 80, 43, 31, 24, 88, 65, 37, 87, 4, 72, 32, 78, 40, 95, 66, 43, 28, 40, 12, 86
              |60, 46, 23, 80, 25, 32, 43, 29, 57, 89, 25, 34, 67, 81, 47, 16, 58, 44, 9, 24, 53, 60, 44, 58, 53, 15, 62, 21, 44, 18, 78, 18, 36, 20, 61, 43, 29, 64, 39, 71, 26, 83, 25, 92, 37, 66, 9, 4, 29, 51
              |71, 37, 32, 64, 47, 50, 27, 49, 71, 76, 33, 49, 68, 66, 37, 27, 67, 41, 31, 45, 32, 42, 22, 42, 59, 16, 62, 41, 46, 20, 64, 37, 17, 25, 67, 44, 40, 65, 25, 57, 11, 66, 39, 79, 45, 44, 20, 25, 23, 66
              |82, 78, 53, 111, 20, 49, 73, 42, 76, 120, 55, 4, 95, 112, 78, 46, 81, 76, 31, 13, 81, 90, 69, 88, 80, 33, 92, 13, 74, 50, 109, 14, 65, 25, 88, 73, 13, 94, 49, 102, 56, 114, 9, 124, 64, 89, 29, 31, 37, 68
              |68, 19, 36, 40, 66, 59, 3, 61, 71, 51, 36, 73, 55, 41, 18, 36, 63, 28, 48, 66, 14, 18, 18, 17, 52, 40, 48, 63, 37, 27, 40, 59, 9, 50, 58, 35, 65, 52, 45, 32, 16, 42, 63, 55, 44, 35, 43, 44, 47, 70
              |82, 68, 47, 98, 28, 51, 61, 45, 77, 109, 49, 16, 90, 100, 68, 40, 80, 68, 28, 21, 66, 76, 54, 76, 77, 19, 86, 17, 68, 41, 98, 14, 51, 9, 84, 66, 6, 88, 33, 91, 44, 101, 7, 113, 60, 74, 17, 25, 21, 70
              |59, 53, 27, 89, 15, 28, 52, 22, 54, 96, 29, 29, 70, 89, 54, 21, 57, 50, 5, 16, 63, 69, 54, 67, 55, 22, 66, 14, 48, 26, 86, 12, 46, 24, 62, 47, 27, 68, 46, 79, 36, 92, 21, 100, 39, 76, 16, 7, 35, 47
              |56, 5, 34, 32, 72, 56, 15, 61, 61, 39, 34, 83, 39, 32, 3, 38, 51, 15, 53, 73, 28, 21, 36, 15, 39, 53, 32, 70, 25, 31, 28, 67, 27, 63, 44, 23, 76, 35, 62, 22, 28, 37, 74, 43, 36, 49, 54, 51, 62, 62
              |71, 36, 64, 19, 103, 83, 44, 89, 79, 9, 63, 116, 44, 16, 35, 69, 66, 40, 85, 105, 49, 35, 62, 32, 54, 85, 39, 103, 47, 64, 10, 100, 56, 95, 55, 47, 109, 41, 91, 17, 60, 26, 106, 11, 61, 65, 87, 83, 93, 83
              |114, 68, 76, 70, 90, 97, 51, 95, 115, 86, 78, 82, 104, 73, 66, 73, 109, 76, 76, 85, 38, 51, 31, 56, 99, 54, 97, 81, 84, 65, 76, 77, 42, 59, 106, 82, 71, 100, 34, 69, 51, 67, 74, 89, 88, 22, 61, 71, 46, 112
              |86, 45, 74, 10, 112, 95, 47, 100, 94, 9, 74, 122, 60, 8, 43, 78, 81, 52, 93, 113, 47, 33, 60, 33, 69, 90, 55, 110, 60, 71, 12, 107, 58, 100, 71, 59, 114, 57, 91, 18, 64, 13, 112, 11, 73, 58, 92, 90, 96, 97
              |12, 53, 47, 80, 74, 45, 69, 52, 21, 75, 45, 97, 22, 78, 55, 54, 12, 43, 64, 80, 84, 77, 87, 72, 19, 83, 28, 81, 34, 58, 71, 80, 76, 90, 13, 36, 96, 25, 103, 71, 69, 87, 90, 76, 33, 105, 79, 67, 97, 29
              |10, 42, 34, 72, 63, 34, 57, 42, 18, 70, 32, 85, 20, 71, 44, 40, 5, 32, 51, 69, 72, 67, 75, 61, 8, 69, 22, 69, 22, 45, 64, 68, 63, 76, 8, 24, 83, 21, 89, 63, 56, 79, 78, 72, 19, 93, 65, 54, 83, 24
              |76, 57, 38, 87, 30, 46, 50, 42, 72, 98, 40, 26, 81, 88, 57, 31, 73, 57, 22, 25, 55, 65, 44, 65, 68, 8, 76, 20, 58, 31, 86, 16, 40, 5, 76, 57, 17, 78, 28, 79, 33, 89, 16, 101, 52, 64, 6, 18, 16, 65
              |9, 45, 30, 78, 55, 26, 59, 33, 11, 77, 29, 78, 29, 77, 48, 36, 7, 35, 45, 61, 74, 70, 75, 65, 14, 65, 30, 62, 25, 42, 71, 61, 64, 71, 17, 27, 77, 30, 86, 69, 55, 85, 71, 80, 17, 95, 60, 49, 79, 15
              |13, 47, 29, 81, 50, 21, 59, 28, 11, 81, 27, 73, 34, 80, 49, 34, 12, 37, 41, 57, 75, 72, 75, 67, 18, 62, 35, 57, 27, 41, 74, 57, 63, 68, 22, 29, 73, 34, 84, 71, 54, 87, 67, 83, 17, 95, 57, 45, 76, 11
              |44, 58, 28, 95, 19, 11, 62, 3, 37, 99, 28, 43, 62, 95, 59, 26, 44, 51, 19, 26, 75, 78, 69, 75, 46, 43, 60, 27, 45, 35, 90, 28, 60, 44, 52, 45, 45, 61, 67, 85, 49, 99, 38, 102, 32, 92, 36, 24, 56, 29
              |101, 55, 64, 62, 79, 84, 39, 84, 103, 77, 65, 75, 91, 65, 53, 60, 97, 64, 65, 75, 27, 41, 18, 45, 86, 44, 84, 71, 72, 52, 66, 67, 29, 50, 93, 69, 64, 88, 28, 59, 38, 60, 66, 81, 76, 17, 51, 59, 39, 99
              |57, 37, 17, 71, 33, 33, 34, 32, 55, 79, 19, 43, 60, 72, 37, 11, 53, 36, 15, 33, 45, 51, 38, 49, 47, 18, 54, 30, 37, 9, 68, 27, 29, 26, 55, 35, 37, 57, 39, 62, 18, 74, 34, 83, 32, 60, 16, 11, 32, 50
              |72, 32, 34, 56, 55, 55, 19, 55, 73, 68, 35, 58, 66, 57, 31, 31, 68, 38, 38, 53, 23, 33, 14, 33, 58, 25, 59, 49, 44, 22, 56, 46, 8, 34, 66, 42, 49, 62, 29, 49, 9, 57, 48, 72, 46, 37, 29, 33, 30, 70
              |88, 39, 53, 45, 77, 76, 22, 76, 90, 60, 54, 78, 75, 47, 37, 52, 83, 48, 60, 75, 9, 23, 8, 27, 72, 45, 68, 71, 57, 42, 49, 67, 17, 53, 78, 54, 68, 71, 38, 41, 28, 44, 68, 63, 63, 16, 50, 55, 45, 88
              |91, 39, 63, 28, 93, 86, 27, 88, 95, 44, 63, 96, 72, 31, 37, 63, 86, 49, 75, 91, 15, 14, 27, 20, 73, 63, 65, 88, 59, 54, 34, 84, 31, 72, 79, 57, 86, 69, 57, 28, 41, 25, 86, 47, 69, 21, 67, 70, 64, 95
              |84, 38, 68, 1, 105, 90, 39, 94, 91, 15, 67, 114, 58, 3, 37, 71, 78, 46, 86, 105, 38, 24, 51, 24, 66, 81, 52, 102, 55, 64, 9, 99, 50, 91, 68, 54, 106, 55, 82, 11, 56, 7, 104, 18, 68, 50, 84, 83, 87, 93
              |73, 25, 55, 12, 92, 77, 27, 81, 79, 22, 55, 102, 50, 12, 24, 58, 68, 34, 73, 92, 29, 15, 42, 13, 55, 69, 43, 90, 43, 51, 11, 86, 38, 79, 59, 42, 93, 47, 72, 3, 44, 17, 92, 26, 56, 46, 72, 70, 76, 81
              |34, 25, 9, 62, 47, 27, 35, 32, 35, 65, 8, 65, 34, 61, 27, 16, 29, 17, 31, 51, 51, 49, 50, 44, 21, 44, 30, 50, 12, 19, 56, 48, 39, 52, 29, 11, 61, 32, 63, 52, 30, 67, 57, 68, 8, 71, 41, 32, 58, 34
              |68, 28, 30, 54, 54, 51, 17, 52, 69, 66, 31, 59, 61, 56, 28, 27, 63, 33, 36, 52, 24, 32, 17, 32, 54, 25, 55, 49, 40, 18, 54, 45, 8, 35, 61, 37, 50, 58, 33, 47, 4, 57, 49, 69, 42, 40, 29, 31, 33, 66
              |41, 35, 5, 71, 34, 20, 39, 22, 39, 77, 6, 51, 47, 72, 36, 5, 38, 29, 17, 37, 53, 55, 49, 51, 33, 33, 43, 36, 26, 13, 67, 34, 39, 40, 41, 25, 48, 45, 55, 62, 28, 76, 43, 80, 17, 71, 29, 18, 47, 35
              |50, 47, 18, 83, 21, 20, 48, 17, 46, 90, 20, 38, 61, 83, 48, 13, 48, 42, 4, 24, 60, 65, 53, 62, 46, 27, 57, 22, 40, 21, 79, 21, 44, 31, 53, 39, 36, 59, 51, 73, 33, 87, 30, 93, 29, 76, 21, 9, 41, 39
              |44, 38, 54, 49, 92, 66, 54, 73, 53, 40, 52, 110, 15, 46, 39, 61, 40, 34, 76, 96, 66, 55, 75, 49, 31, 85, 16, 95, 33, 59, 39, 93, 65, 95, 28, 34, 105, 15, 99, 42, 63, 56, 101, 41, 44, 86, 84, 76, 97, 59
              |49, 23, 11, 59, 44, 34, 25, 36, 49, 66, 12, 57, 47, 59, 24, 11, 45, 22, 26, 46, 39, 41, 36, 38, 36, 30, 41, 43, 24, 4, 56, 40, 25, 40, 44, 22, 51, 44, 48, 50, 15, 63, 47, 70, 23, 58, 29, 23, 43, 47
              |68, 43, 29, 74, 36, 43, 36, 41, 66, 84, 31, 39, 70, 75, 44, 22, 65, 45, 21, 33, 43, 52, 33, 51, 58, 7, 64, 30, 47, 19, 73, 26, 27, 17, 66, 45, 30, 67, 28, 66, 19, 76, 29, 88, 43, 55, 9, 16, 20, 61
              |49, 30, 51, 38, 90, 66, 45, 73, 58, 31, 50, 107, 21, 36, 31, 57, 44, 28, 73, 93, 56, 44, 65, 39, 34, 80, 17, 92, 30, 55, 29, 89, 57, 89, 33, 31, 101, 19, 91, 31, 56, 45, 97, 33, 44, 76, 79, 72, 90, 63
              |32, 21, 20, 55, 58, 35, 35, 41, 36, 57, 18, 76, 24, 54, 23, 27, 26, 10, 42, 62, 50, 46, 53, 40, 15, 53, 19, 61, 1, 27, 49, 59, 42, 62, 22, 2, 72, 21, 70, 45, 35, 61, 67, 59, 13, 72, 51, 42, 66, 37
              |49, 39, 57, 45, 95, 70, 54, 77, 58, 36, 56, 113, 20, 43, 40, 64, 45, 36, 79, 99, 66, 53, 75, 48, 36, 88, 20, 98, 36, 62, 36, 96, 66, 97, 33, 37, 108, 20, 100, 39, 65, 52, 104, 37, 48, 85, 87, 79, 99, 64
              |50, 10, 36, 34, 75, 56, 25, 61, 56, 36, 35, 89, 29, 33, 11, 41, 44, 12, 57, 77, 38, 29, 46, 23, 32, 60, 22, 75, 20, 36, 27, 72, 37, 70, 36, 19, 83, 25, 71, 24, 36, 40, 79, 39, 34, 59, 61, 55, 71, 58
              |83, 75, 51, 108, 22, 50, 70, 43, 77, 117, 53, 5, 95, 109, 76, 45, 81, 74, 30, 15, 76, 86, 65, 85, 80, 29, 90, 13, 73, 48, 106, 13, 61, 20, 87, 72, 8, 92, 44, 99, 53, 110, 5, 121, 64, 85, 25, 30, 32, 69
              |45, 26, 7, 62, 42, 30, 29, 32, 45, 69, 8, 56, 45, 62, 27, 8, 41, 22, 23, 44, 43, 45, 40, 42, 34, 32, 40, 42, 22, 6, 58, 39, 30, 41, 42, 21, 51, 43, 51, 52, 19, 66, 47, 72, 19, 62, 30, 22, 45, 42
              |37, 18, 14, 55, 53, 34, 29, 39, 40, 59, 13, 69, 32, 54, 20, 20, 33, 10, 36, 56, 45, 42, 46, 37, 22, 45, 26, 54, 9, 19, 49, 52, 35, 54, 30, 7, 65, 29, 62, 45, 27, 60, 60, 62, 14, 66, 43, 35, 58, 40
              |88, 39, 54, 46, 77, 76, 23, 77, 91, 61, 55, 77, 76, 48, 38, 52, 83, 49, 60, 75, 10, 24, 8, 28, 72, 44, 68, 71, 57, 43, 50, 67, 17, 53, 79, 55, 67, 72, 37, 42, 28, 45, 68, 64, 64, 15, 50, 55, 44, 89
              |62, 20, 27, 49, 56, 50, 11, 51, 64, 59, 28, 64, 54, 50, 20, 26, 57, 26, 38, 56, 23, 28, 21, 26, 47, 32, 47, 53, 33, 17, 47, 49, 10, 42, 55, 30, 56, 50, 41, 40, 6, 51, 54, 62, 37, 42, 34, 34, 40, 62
              |28, 25, 28, 55, 64, 39, 40, 46, 34, 55, 26, 83, 16, 54, 27, 34, 22, 15, 49, 69, 56, 49, 60, 44, 10, 61, 12, 68, 7, 35, 48, 66, 49, 70, 16, 9, 79, 14, 78, 46, 43, 62, 75, 57, 17, 77, 59, 50, 74, 37
              |36, 16, 26, 48, 65, 43, 32, 49, 42, 49, 25, 82, 22, 47, 18, 33, 31, 7, 48, 68, 47, 41, 52, 35, 18, 57, 15, 67, 6, 31, 41, 65, 41, 66, 24, 6, 77, 18, 72, 38, 36, 54, 73, 52, 20, 69, 56, 48, 69, 44|];
