Warehouses = 5;
Stores = 12;

Capacity = [35, 30, 88, 87, 74];
FixedCost = [55, 34, 35, 109, 200];
Goods = [18, 7, 15, 2, 7, 18, 15, 11, 3, 18, 13, 12];
SupplyCost = [|45, 71, 55, 32, 80
              |62, 50, 70, 24, 67
              |98, 28, 101, 84, 49
              |13, 78, 22, 69, 74
              |77, 30, 83, 49, 55
              |50, 74, 41, 115, 51
              |64, 7, 67, 72, 22
              |61, 41, 58, 101, 15
              |12, 83, 13, 83, 74
              |11, 82, 11, 83, 73
              |73, 55, 81, 20, 75
              |57, 23, 57, 83, 8|];
