Warehouses = 6;
Stores = 15;

Capacity = [91, 99, 90, 56, 57, 23];
FixedCost = [120, 182, 140, 188, 121, 75];
Goods = [19, 13, 17, 11, 19, 15, 16, 17, 9, 12, 7, 18, 5, 4, 13];
SupplyCost = [|44, 38, 39, 31, 55, 53
              |36, 14, 47, 59, 65, 61
              |21, 30, 89, 68, 108, 104
              |61, 41, 21, 67, 38, 34
              |61, 49, 20, 48, 35, 33
              |30, 11, 62, 65, 80, 76
              |7, 23, 80, 54, 98, 95
              |60, 60, 52, 21, 64, 63
              |64, 59, 38, 35, 49, 48
              |21, 29, 88, 68, 106, 103
              |17, 35, 78, 33, 95, 93
              |8, 30, 82, 47, 101, 97
              |3, 22, 77, 50, 96, 92
              |48, 44, 42, 26, 57, 55
              |12, 30, 76, 36, 93, 91|];
