Warehouses = 7;
Stores = 17;

Capacity = [79, 70, 97, 81, 43, 35, 8];
FixedCost = [75, 124, 137, 85, 184, 92, 197];
Goods = [18, 2, 9, 13, 13, 15, 18, 4, 19, 11, 3, 10, 5, 11, 9, 7, 6];
SupplyCost = [|49, 82, 29, 56, 10, 57, 71
              |45, 61, 70, 40, 94, 73, 40
              |52, 104, 75, 62, 74, 99, 24
              |26, 82, 40, 39, 39, 69, 29
              |35, 87, 60, 45, 65, 82, 8
              |11, 64, 24, 23, 39, 50, 34
              |39, 92, 62, 50, 65, 86, 13
              |60, 20, 67, 47, 101, 47, 78
              |23, 62, 11, 30, 29, 42, 50
              |44, 34, 27, 36, 59, 6, 75
              |43, 98, 63, 55, 60, 89, 22
              |23, 78, 44, 35, 50, 69, 17
              |29, 71, 18, 38, 21, 50, 51
              |40, 81, 27, 49, 9, 59, 59
              |36, 74, 19, 43, 16, 51, 59
              |19, 74, 43, 31, 52, 66, 16
              |35, 39, 17, 30, 51, 15, 67|];
