Warehouses = 8;
Stores = 20;

Capacity = [63, 97, 2, 84, 54, 73, 22, 23];
FixedCost = [95, 126, 126, 36, 40, 129, 93, 121];
Goods = [4, 16, 13, 3, 16, 13, 3, 18, 2, 1, 10, 10, 7, 12, 18, 12, 16, 15, 2, 13];
SupplyCost = [|72, 58, 28, 58, 57, 21, 63, 32
              |51, 30, 22, 22, 64, 67, 17, 66
              |56, 42, 56, 33, 83, 102, 22, 100
              |55, 36, 6, 31, 59, 51, 31, 52
              |44, 41, 44, 48, 21, 55, 59, 69
              |69, 55, 26, 55, 55, 24, 60, 34
              |33, 38, 55, 46, 5, 72, 59, 85
              |107, 88, 48, 83, 102, 41, 80, 24
              |32, 47, 74, 57, 16, 92, 70, 105
              |96, 80, 42, 78, 84, 14, 80, 6
              |35, 43, 61, 52, 1, 75, 65, 89
              |89, 83, 64, 87, 61, 35, 95, 54
              |82, 74, 54, 77, 56, 29, 85, 47
              |44, 40, 43, 47, 21, 55, 58, 68
              |88, 71, 31, 68, 80, 23, 68, 15
              |46, 50, 60, 58, 13, 67, 70, 82
              |25, 10, 35, 16, 35, 70, 28, 77
              |58, 64, 72, 72, 24, 72, 84, 89
              |96, 78, 38, 75, 88, 25, 74, 11
              |11, 17, 51, 27, 27, 82, 40, 91|];
