Warehouses = 9;
Stores = 22;

Capacity = [19, 69, 54, 23, 27, 15, 84, 55, 84];
FixedCost = [146, 169, 151, 163, 178, 161, 134, 188, 117];
Goods = [10, 4, 13, 3, 18, 4, 7, 1, 15, 3, 18, 18, 4, 17, 11, 4, 13, 12, 12, 7, 18, 12];
SupplyCost = [|20, 39, 61, 53, 25, 46, 45, 64, 68
              |44, 62, 87, 79, 53, 41, 73, 92, 93
              |44, 23, 75, 71, 36, 74, 45, 68, 85
              |40, 60, 3, 7, 38, 76, 36, 26, 11
              |19, 55, 27, 17, 27, 53, 39, 42, 31
              |44, 26, 76, 72, 37, 72, 47, 70, 86
              |67, 90, 29, 33, 68, 93, 65, 48, 19
              |44, 81, 32, 25, 53, 61, 62, 56, 27
              |46, 34, 34, 37, 29, 90, 9, 14, 43
              |23, 63, 62, 52, 41, 22, 62, 74, 66
              |60, 105, 70, 61, 77, 43, 93, 93, 66
              |23, 62, 63, 54, 40, 23, 61, 74, 68
              |29, 69, 67, 58, 47, 16, 68, 80, 71
              |28, 31, 65, 59, 26, 57, 43, 64, 74
              |42, 79, 30, 23, 51, 60, 59, 54, 26
              |42, 17, 46, 46, 23, 86, 9, 31, 56
              |46, 88, 76, 66, 64, 8, 84, 93, 77
              |42, 69, 12, 9, 44, 72, 46, 37, 9
              |25, 70, 54, 44, 43, 25, 62, 70, 56
              |31, 76, 47, 37, 48, 35, 64, 67, 47
              |49, 94, 66, 56, 67, 30, 83, 87, 64
              |44, 45, 84, 77, 45, 58, 62, 83, 92|];
